sum_hyperedge_size,num_nodes,egonet overlapness
2,2,1.000000
2,2,1.000000
2573,163,15.785276
2583,171,15.105263
2573,163,15.785276
802,87,9.218391
822,51,16.117647
810,87,9.310345
820,51,16.078431
609,29,21.000000
618,28,22.071429
10,10,1.000000
620,28,22.142857
87,31,2.806452
64,17,3.764706
2034,121,16.809917
2,2,1.000000
2,2,1.000000
150,61,2.459016
10,7,1.428571
108,54,2.000000
158,60,2.633333
5,5,1.000000
5,5,1.000000
158,60,2.633333
57,26,2.192308
53,34,1.558824
2,2,1.000000
48,14,3.428571
48,14,3.428571
23,11,2.090909
23,11,2.090909
365,92,3.967391
23,14,1.642857
132,54,2.444444
23,14,1.642857
2,2,1.000000
2,2,1.000000
26,16,1.625000
26,16,1.625000
34,9,3.777778
34,9,3.777778
32,14,2.285714
32,14,2.285714
20,13,1.538462
20,13,1.538462
5,5,1.000000
29,15,1.933333
62,32,1.937500
29,15,1.933333
62,32,1.937500
6,4,1.500000
6,4,1.500000
3,3,1.000000
10,8,1.250000
24,13,1.846154
944,104,9.076923
581,79,7.354430
938,111,8.450450
471,22,21.409091
820,24,34.166667
7,7,1.000000
7,7,1.000000
277,63,4.396825
6,6,1.000000
336,26,12.923077
336,26,12.923077
20,14,1.428571
20,14,1.428571
54,23,2.347826
54,16,3.375000
2,2,1.000000
2,2,1.000000
7,7,1.000000
33,20,1.650000
7,7,1.000000
7,7,1.000000
33,20,1.650000
616,28,22.000000
7,5,1.400000
7,5,1.400000
103,49,2.102041
109,53,2.056604
99,46,2.152174
98,44,2.227273
656,88,7.454545
585,89,6.573034
1005,107,9.392523
593,81,7.320988
1020,112,9.107143
998,107,9.327103
593,81,7.320988
374,77,4.857143
585,89,6.573034
998,107,9.327103
585,89,6.573034
771,90,8.566667
607,81,7.493827
592,92,6.434783
374,77,4.857143
17,13,1.307692
10,6,1.666667
10,6,1.666667
17,13,1.307692
396,68,5.823529
413,74,5.581081
396,68,5.823529
989,87,11.367816
388,47,8.255319
252,41,6.146341
396,68,5.823529
786,53,14.830189
734,54,13.592593
952,70,13.600000
792,56,14.142857
396,68,5.823529
734,54,13.592593
252,41,6.146341
388,47,8.255319
952,70,13.600000
8,5,1.600000
25,14,1.785714
8,5,1.600000
137,71,1.929577
137,71,1.929577
5,5,1.000000
5,5,1.000000
22,13,1.692308
22,13,1.692308
22,13,1.692308
22,13,1.692308
22,13,1.692308
22,13,1.692308
5,3,1.666667
7,4,1.750000
2,2,1.000000
2,2,1.000000
112,43,2.604651
2,2,1.000000
31,8,3.875000
33,11,3.000000
33,11,3.000000
31,8,3.875000
7,7,1.000000
92,38,2.421053
19,8,2.375000
27,13,2.076923
6,4,1.500000
6,4,1.500000
14,8,1.750000
14,8,1.750000
29,23,1.260870
29,23,1.260870
7,3,2.333333
5,3,1.666667
6,4,1.500000
2,2,1.000000
16,13,1.230769
14,12,1.166667
848,45,18.844444
795,45,17.666667
20,7,2.857143
20,7,2.857143
20,7,2.857143
6,5,1.200000
2,2,1.000000
2,2,1.000000
2,2,1.000000
2,2,1.000000
86,31,2.774194
65,27,2.407407
65,27,2.407407
12,7,1.714286
12,7,1.714286
3,3,1.000000
122,35,3.485714
128,39,3.282051
122,35,3.485714
42,14,3.000000
112,28,4.000000
107,26,4.115385
131,40,3.275000
180,43,4.186047
42,14,3.000000
180,43,4.186047
180,43,4.186047
93,19,4.894737
15,7,2.142857
2,2,1.000000
2,2,1.000000
2,2,1.000000
11,6,1.833333
2,2,1.000000
2,2,1.000000
10,7,1.428571
6,6,1.000000
6,6,1.000000
6,6,1.000000
26,13,2.000000
5,5,1.000000
8,6,1.333333
5,5,1.000000
5,5,1.000000
110,44,2.500000
110,44,2.500000
31,16,1.937500
31,16,1.937500
31,16,1.937500
31,16,1.937500
34,18,1.888889
2,2,1.000000
2,2,1.000000
2,2,1.000000
2,2,1.000000
11,6,1.833333
89,32,2.781250
11,6,1.833333
28,10,2.800000
28,10,2.800000
243,83,2.927711
14,7,2.000000
57,20,2.850000
162,52,3.115385
209,75,2.786667
109,47,2.319149
109,47,2.319149
303,53,5.716981
303,53,5.716981
186,36,5.166667
2,2,1.000000
2,2,1.000000
4,4,1.000000
4,4,1.000000
6,4,1.500000
6,4,1.500000
14,7,2.000000
14,7,2.000000
3,3,1.000000
7,4,1.750000
5,3,1.666667
17,11,1.545455
4,4,1.000000
4,4,1.000000
4,4,1.000000
5,5,1.000000
5,5,1.000000
30,16,1.875000
32,18,1.777778
5,5,1.000000
11,6,1.833333
8,5,1.600000
5,5,1.000000
11,6,1.833333
677,29,23.344828
599,28,21.392857
665,21,31.666667
674,25,26.960000
665,21,31.666667
6,5,1.200000
10,7,1.428571
10,7,1.428571
10,7,1.428571
2,2,1.000000
2,2,1.000000
6,4,1.500000
27,19,1.421053
262,67,3.910448
260,66,3.939394
60,37,1.621622
94,38,2.473684
53,29,1.827586
74,32,2.312500
45,26,1.730769
93,40,2.325000
51,23,2.217391
9,5,1.800000
34,13,2.615385
34,13,2.615385
10,6,1.666667
17,9,1.888889
13,11,1.181818
19,10,1.900000
3,3,1.000000
7,5,1.400000
10,6,1.666667
3,3,1.000000
5,4,1.250000
3,3,1.000000
2,2,1.000000
2,2,1.000000
25,11,2.272727
25,11,2.272727
125,34,3.676471
100,32,3.125000
6,4,1.500000
2,2,1.000000
2,2,1.000000
5,5,1.000000
5,5,1.000000
4,3,1.333333
50,28,1.785714
74,43,1.720930
27,15,1.800000
17,9,1.888889
2,2,1.000000
2,2,1.000000
8,8,1.000000
8,8,1.000000
8,8,1.000000
8,8,1.000000
8,8,1.000000
15,9,1.666667
2,2,1.000000
2,2,1.000000
247,64,3.859375
99,61,1.622951
79,57,1.385965
247,64,3.859375
16,11,1.454545
16,11,1.454545
6,6,1.000000
14,7,2.000000
11,7,1.571429
19,10,1.900000
4,4,1.000000
4,4,1.000000
4,4,1.000000
4,4,1.000000
3,3,1.000000
3,3,1.000000
3,3,1.000000
12,8,1.500000
12,8,1.500000
6,4,1.500000
10,6,1.666667
6,4,1.500000
10,6,1.666667
6,4,1.500000
4,4,1.000000
4,4,1.000000
6,4,1.500000
9,7,1.285714
9,7,1.285714
149,37,4.027027
144,34,4.235294
144,34,4.235294
15,11,1.363636
15,11,1.363636
11,8,1.375000
5,5,1.000000
16,8,2.000000
2,2,1.000000
4,4,1.000000
4,4,1.000000
4,4,1.000000
4,4,1.000000
21,15,1.400000
207,57,3.631579
6,6,1.000000
25,10,2.500000
2,2,1.000000
6,6,1.000000
6,6,1.000000
12,8,1.500000
12,8,1.500000
27,16,1.687500
27,16,1.687500
10,7,1.428571
4,4,1.000000
2,2,1.000000
29,21,1.380952
10,9,1.111111
7,6,1.166667
4,4,1.000000
4,4,1.000000
2,2,1.000000
2,2,1.000000
2,2,1.000000
2,2,1.000000
21,13,1.615385
21,13,1.615385
10,8,1.250000
17,12,1.416667
51,24,2.125000
48,24,2.000000
2,2,1.000000
6,6,1.000000
6,6,1.000000
6,6,1.000000
22,21,1.047619
6,6,1.000000
6,6,1.000000
6,6,1.000000
11,7,1.571429
11,7,1.571429
18,10,1.800000
13,7,1.857143
12,7,1.714286
12,7,1.714286
43,17,2.529412
27,12,2.250000
43,17,2.529412
20,13,1.538462
20,13,1.538462
20,13,1.538462
20,13,1.538462
36,15,2.400000
28,12,2.333333
4,4,1.000000
4,4,1.000000
5,4,1.250000
3,3,1.000000
2,2,1.000000
2,2,1.000000
75,21,3.571429
75,21,3.571429
16,12,1.333333
5,5,1.000000
5,5,1.000000
2,2,1.000000
2,2,1.000000
2,2,1.000000
2,2,1.000000
17,9,1.888889
10,6,1.666667
2,2,1.000000
2,2,1.000000
2,2,1.000000
7,5,1.400000
7,5,1.400000
7,5,1.400000
2,2,1.000000
2,2,1.000000
5,3,1.666667
72,39,1.846154
5,3,1.666667
26,13,2.000000
5,5,1.000000
10,6,1.666667
10,6,1.666667
21,14,1.500000
21,14,1.500000
2,2,1.000000
2,2,1.000000
2,2,1.000000
7,6,1.166667
3,3,1.000000
3,3,1.000000
3,3,1.000000
2,2,1.000000
2,2,1.000000
2,2,1.000000
2,2,1.000000
25,14,1.785714
11,6,1.833333
8,5,1.600000
25,14,1.785714
17,7,2.428571
46,21,2.190476
10,5,2.000000
10,6,1.666667
2,2,1.000000
2,2,1.000000
13,11,1.181818
13,11,1.181818
7,5,1.400000
7,5,1.400000
18,10,1.800000
18,10,1.800000
3,3,1.000000
5,5,1.000000
11,8,1.375000
5,5,1.000000
19,14,1.357143
8,6,1.333333
8,6,1.333333
6,4,1.500000
6,4,1.500000
8,6,1.333333
11,8,1.375000
11,5,2.200000
11,5,2.200000
28,21,1.333333
35,22,1.590909
7,7,1.000000
46,21,2.190476
6,6,1.000000
46,21,2.190476
19,13,1.461538
180,48,3.750000
14,8,1.750000
17,8,2.125000
17,8,2.125000
41,23,1.782609
4,4,1.000000
45,24,1.875000
4,4,1.000000
9,6,1.500000
9,6,1.500000
9,6,1.500000
2,2,1.000000
2,2,1.000000
35,12,2.916667
35,12,2.916667
86,37,2.324324
35,12,2.916667
75,39,1.923077
8,5,1.600000
15,12,1.250000
2,2,1.000000
2,2,1.000000
16,11,1.454545
3,3,1.000000
3,3,1.000000
3,3,1.000000
49,22,2.227273
76,30,2.533333
13,8,1.625000
13,8,1.625000
8,5,1.600000
8,5,1.600000
2,2,1.000000
2,2,1.000000
2,2,1.000000
2,2,1.000000
14,7,2.000000
14,7,2.000000
2,2,1.000000
2,2,1.000000
12,6,2.000000
2,2,1.000000
4,4,1.000000
4,4,1.000000
4,4,1.000000
3,3,1.000000
3,3,1.000000
3,3,1.000000
3,3,1.000000
7,6,1.166667
3,3,1.000000
8,5,1.600000
6,4,1.500000
2,2,1.000000
2,2,1.000000
4,3,1.333333
2,2,1.000000
2,2,1.000000
4,3,1.333333
12,6,2.000000
5,3,1.666667
7,4,1.750000
29,12,2.416667
16,8,2.000000
296,83,3.566265
296,83,3.566265
2,2,1.000000
2,2,1.000000
3,3,1.000000
54,46,1.173913
54,46,1.173913
15,9,1.666667
15,9,1.666667
2,2,1.000000
2,2,1.000000
10,7,1.428571
10,7,1.428571
10,7,1.428571
3,3,1.000000
3,3,1.000000
3,3,1.000000
27,11,2.454545
27,11,2.454545
20,11,1.818182
27,11,2.454545
20,11,1.818182
27,11,2.454545
6,4,1.500000
6,4,1.500000
3,3,1.000000
3,3,1.000000
6,4,1.500000
6,4,1.500000
2,2,1.000000
21,11,1.909091
2,2,1.000000
2,2,1.000000
17,14,1.214286
6,4,1.500000
6,4,1.500000
17,10,1.700000
17,10,1.700000
2,2,1.000000
2,2,1.000000
3,3,1.000000
3,3,1.000000
3,3,1.000000
20,13,1.538462
33,23,1.434783
70,45,1.555556
70,45,1.555556
4,4,1.000000
17,9,1.888889
4,4,1.000000
17,7,2.428571
2,2,1.000000
2,2,1.000000
46,13,3.538462
46,13,3.538462
39,18,2.166667
46,13,3.538462
46,13,3.538462
39,18,2.166667
46,13,3.538462
2,2,1.000000
2,2,1.000000
3,3,1.000000
3,3,1.000000
3,3,1.000000
37,14,2.642857
37,14,2.642857
3,3,1.000000
7,4,1.750000
2,2,1.000000
2,2,1.000000
7,5,1.400000
7,5,1.400000
6,4,1.500000
6,4,1.500000
2,2,1.000000
2,2,1.000000
2,2,1.000000
2,2,1.000000
2,2,1.000000
2,2,1.000000
3,3,1.000000
3,3,1.000000
3,3,1.000000
2,2,1.000000
2,2,1.000000
4,4,1.000000
4,4,1.000000
5,5,1.000000
5,5,1.000000
171,49,3.489796
171,49,3.489796
11,7,1.571429
11,7,1.571429
4,3,1.333333
2,2,1.000000
3,3,1.000000
3,3,1.000000
3,3,1.000000
48,24,2.000000
2,2,1.000000
2,2,1.000000
5,4,1.250000
3,3,1.000000
3,3,1.000000
4,4,1.000000
2,2,1.000000
2,2,1.000000
2,2,1.000000
2,2,1.000000
2,2,1.000000
21,14,1.500000
21,14,1.500000
21,14,1.500000
21,14,1.500000
21,14,1.500000
21,14,1.500000
21,14,1.500000
2,2,1.000000
2,2,1.000000
2,2,1.000000
2,2,1.000000
43,23,1.869565
43,23,1.869565
43,23,1.869565
5,5,1.000000
2,2,1.000000
2,2,1.000000
36,17,2.117647
6,6,1.000000
6,6,1.000000
39,18,2.166667
39,18,2.166667
39,18,2.166667
39,18,2.166667
2,2,1.000000
2,2,1.000000
2,2,1.000000
2,2,1.000000
201,56,3.589286
2,2,1.000000
2,2,1.000000
5,5,1.000000
5,5,1.000000
7,5,1.400000
7,5,1.400000
2,2,1.000000
6,4,1.500000
5,3,1.666667
5,3,1.666667
6,4,1.500000
6,4,1.500000
19,13,1.461538
19,13,1.461538
2,2,1.000000
2,2,1.000000
33,14,2.357143
9,7,1.285714
9,7,1.285714
5,5,1.000000
5,5,1.000000
7,5,1.400000
7,5,1.400000
2,2,1.000000
2,2,1.000000
2,2,1.000000
2,2,1.000000
4,4,1.000000
2,2,1.000000
2,2,1.000000
3,3,1.000000
11,6,1.833333
2,2,1.000000
2,2,1.000000
3,3,1.000000
3,3,1.000000
9,7,1.285714
2,2,1.000000
2,2,1.000000
28,16,1.750000
28,16,1.750000
4,4,1.000000
150,58,2.586207
11,9,1.222222
18,7,2.571429
18,7,2.571429
30,14,2.142857
30,14,2.142857
6,4,1.500000
2,2,1.000000
2,2,1.000000
7,4,1.750000
7,4,1.750000
7,4,1.750000
2,2,1.000000
2,2,1.000000
3,3,1.000000
15,7,2.142857
3,3,1.000000
17,13,1.307692
17,13,1.307692
17,13,1.307692
17,13,1.307692
15,7,2.142857
3,3,1.000000
3,3,1.000000
2,2,1.000000
13,13,1.000000
13,13,1.000000
13,13,1.000000
13,13,1.000000
13,13,1.000000
103,47,2.191489
13,13,1.000000
3,3,1.000000
3,3,1.000000
5,4,1.250000
2,2,1.000000
3,3,1.000000
3,3,1.000000
3,3,1.000000
2,2,1.000000
2,2,1.000000
5,5,1.000000
5,5,1.000000
5,5,1.000000
5,5,1.000000
5,5,1.000000
12,7,1.714286
12,7,1.714286
18,12,1.500000
12,7,1.714286
10,8,1.250000
10,8,1.250000
6,5,1.200000
4,4,1.000000
2,2,1.000000
2,2,1.000000
2,2,1.000000
2,2,1.000000
2,2,1.000000
2,2,1.000000
2,2,1.000000
14,8,1.750000
14,8,1.750000
117,38,3.078947
117,38,3.078947
15,7,2.142857
12,7,1.714286
6,4,1.500000
8,6,1.333333
8,6,1.333333
3,3,1.000000
6,4,1.500000
7,7,1.000000
7,7,1.000000
7,7,1.000000
7,7,1.000000
3,3,1.000000
3,3,1.000000
3,3,1.000000
2,2,1.000000
2,2,1.000000
259,67,3.865672
259,67,3.865672
2,2,1.000000
3,3,1.000000
3,3,1.000000
3,3,1.000000
2,2,1.000000
2,2,1.000000
2,2,1.000000
6,6,1.000000
2,2,1.000000
2,2,1.000000
3,3,1.000000
7,6,1.166667
3,3,1.000000
2,2,1.000000
2,2,1.000000
6,6,1.000000
6,6,1.000000
72,25,2.880000
29,15,1.933333
3,3,1.000000
3,3,1.000000
3,3,1.000000
2,2,1.000000
2,2,1.000000
2,2,1.000000
16,6,2.666667
16,6,2.666667
30,19,1.578947
30,19,1.578947
35,19,1.842105
35,19,1.842105
12,8,1.500000
12,8,1.500000
2,2,1.000000
2,2,1.000000
12,6,2.000000
12,6,2.000000
2,2,1.000000
2,2,1.000000
2,2,1.000000
2,2,1.000000
11,9,1.222222
11,9,1.222222
2,2,1.000000
2,2,1.000000
3,3,1.000000
3,3,1.000000
20,18,1.111111
2,2,1.000000
2,2,1.000000
3,3,1.000000
3,3,1.000000
3,3,1.000000
7,5,1.400000
4,4,1.000000
4,4,1.000000
7,5,1.400000
7,5,1.400000
2,2,1.000000
2,2,1.000000
15,10,1.500000
15,10,1.500000
82,29,2.827586
82,29,2.827586
82,29,2.827586
2,2,1.000000
2,2,1.000000
2,2,1.000000
4,4,1.000000
4,4,1.000000
4,4,1.000000
4,4,1.000000
5,5,1.000000
15,8,1.875000
3,3,1.000000
3,3,1.000000
4,4,1.000000
9,6,1.500000
4,4,1.000000
4,4,1.000000
4,4,1.000000
2,2,1.000000
2,2,1.000000
7,7,1.000000
7,7,1.000000
9,7,1.285714
5,5,1.000000
5,5,1.000000
5,5,1.000000
5,5,1.000000
5,5,1.000000
2,2,1.000000
9,6,1.500000
15,10,1.500000
29,17,1.705882
2,2,1.000000
2,2,1.000000
4,4,1.000000
12,10,1.200000
4,4,1.000000
12,10,1.200000
6,4,1.500000
6,4,1.500000
2,2,1.000000
2,2,1.000000
2,2,1.000000
5,4,1.250000
18,12,1.500000
18,12,1.500000
12,10,1.200000
15,12,1.250000
2,2,1.000000
2,2,1.000000
8,8,1.000000
8,8,1.000000
8,8,1.000000
8,8,1.000000
8,8,1.000000
2,2,1.000000
2,2,1.000000
2,2,1.000000
2,2,1.000000
2,2,1.000000
2,2,1.000000
2,2,1.000000
7,5,1.400000
7,5,1.400000
3,3,1.000000
3,3,1.000000
3,3,1.000000
3,3,1.000000
2,2,1.000000
2,2,1.000000
5,5,1.000000
3,3,1.000000
2,2,1.000000
2,2,1.000000
2,2,1.000000
2,2,1.000000
2,2,1.000000
2,2,1.000000
4,4,1.000000
4,4,1.000000
4,4,1.000000
2,2,1.000000
2,2,1.000000
2,2,1.000000
4,4,1.000000
4,4,1.000000
13,7,1.857143
13,7,1.857143
13,7,1.857143
5,5,1.000000
8,5,1.600000
2,2,1.000000
2,2,1.000000
3,3,1.000000
3,3,1.000000
3,3,1.000000
2,2,1.000000
2,2,1.000000
2,2,1.000000
2,2,1.000000
2,2,1.000000
2,2,1.000000
3,3,1.000000
3,3,1.000000
6,6,1.000000
6,6,1.000000
15,13,1.153846
2,2,1.000000
2,2,1.000000
2,2,1.000000
2,2,1.000000
15,14,1.071429
33,24,1.375000
75,34,2.205882
2,2,1.000000
2,2,1.000000
2,2,1.000000
18,9,2.000000
18,9,2.000000
2,2,1.000000
4,4,1.000000
4,4,1.000000
2,2,1.000000
2,2,1.000000
10,5,2.000000
10,5,2.000000
2,2,1.000000
2,2,1.000000
2,2,1.000000
2,2,1.000000
5,5,1.000000
5,5,1.000000
7,5,1.400000
2,2,1.000000
2,2,1.000000
5,3,1.666667
5,3,1.666667
21,19,1.105263
21,19,1.105263
3,3,1.000000
3,3,1.000000
2,2,1.000000
2,2,1.000000
12,8,1.500000
4,4,1.000000
4,4,1.000000
2,2,1.000000
6,4,1.500000
6,4,1.500000
25,12,2.083333
2,2,1.000000
2,2,1.000000
3,3,1.000000
3,3,1.000000
3,3,1.000000
2,2,1.000000
2,2,1.000000
8,5,1.600000
2,2,1.000000
2,2,1.000000
4,4,1.000000
9,7,1.285714
9,7,1.285714
2,2,1.000000
2,2,1.000000
2,2,1.000000
2,2,1.000000
2,2,1.000000
2,2,1.000000
11,6,1.833333
3,3,1.000000
3,3,1.000000
2,2,1.000000
2,2,1.000000
2,2,1.000000
2,2,1.000000
6,6,1.000000
2,2,1.000000
2,2,1.000000
2,2,1.000000
2,2,1.000000
4,4,1.000000
4,4,1.000000
6,4,1.500000
6,4,1.500000
4,4,1.000000
4,4,1.000000
2,2,1.000000
2,2,1.000000
2,2,1.000000
2,2,1.000000
6,6,1.000000
6,6,1.000000
2,2,1.000000
2,2,1.000000
17,10,1.700000
17,10,1.700000
4,4,1.000000
2,2,1.000000
2,2,1.000000
2,2,1.000000
2,2,1.000000
2,2,1.000000
2,2,1.000000
4,4,1.000000
4,4,1.000000
4,4,1.000000
4,4,1.000000
3,3,1.000000
3,3,1.000000
3,3,1.000000
2,2,1.000000
2,2,1.000000
12,8,1.500000
12,8,1.500000
3,3,1.000000
3,3,1.000000
2,2,1.000000
2,2,1.000000
2,2,1.000000
2,2,1.000000
12,12,1.000000
12,12,1.000000
3,3,1.000000
2,2,1.000000
2,2,1.000000
7,7,1.000000
3,3,1.000000
3,3,1.000000
3,3,1.000000
2,2,1.000000
2,2,1.000000
9,9,1.000000
2,2,1.000000
2,2,1.000000
2,2,1.000000
2,2,1.000000
8,5,1.600000
8,5,1.600000
2,2,1.000000
2,2,1.000000
11,7,1.571429
11,7,1.571429
11,7,1.571429
4,4,1.000000
4,4,1.000000
4,4,1.000000
4,4,1.000000
6,6,1.000000
6,6,1.000000
5,5,1.000000
5,5,1.000000
2,2,1.000000
2,2,1.000000
2,2,1.000000
4,4,1.000000
4,4,1.000000
6,4,1.500000
6,4,1.500000
2,2,1.000000
2,2,1.000000
2,2,1.000000
2,2,1.000000
5,5,1.000000
3,3,1.000000
3,3,1.000000
3,3,1.000000
5,5,1.000000
