homogeneity
1.000000
1.000000
3.800000
1.000000
3.933333
3.666667
2.333333
1.500000
1.000000
2.555556
1.500000
12.000000
9.109091
5.333333
2.666667
1.000000
1.300000
2.051471
1.000000
1.000000
1.000000
1.000000
1.500000
1.100000
2.000000
1.000000
2.666667
4.190476
1.901099
2.672727
1.582418
1.807692
4.333333
2.411067
3.714286
1.250000
2.181818
2.666667
2.833333
1.000000
2.000000
4.000000
1.900000
3.166667
1.397436
3.707602
1.000000
2.333333
1.000000
1.923810
1.000000
1.000000
10.000000
2.250000
2.844444
2.410256
4.000000
2.464286
3.847619
1.305556
1.484848
2.730769
2.681818
1.666667
2.410256
1.000000
2.400000
6.333333
3.000000
3.333333
1.166667
2.000000
9.000000
2.466667
1.900000
4.428571
2.653846
3.809524
10.500000
1.833333
1.333333
8.000000
2.606061
2.403509
3.000000
6.000000
2.000000
11.190476
2.064327
2.800000
3.833333
1.666667
3.588235
7.000000
3.107143
2.435897
2.065359
2.408333
6.000000
2.287879
1.166667
1.000000
1.142857
3.320513
3.200000
1.500000
1.000000
1.000000
19.000000
6.476190
1.000000
2.516667
2.000000
3.333333
3.090909
4.500000
8.000000
1.000000
1.866667
2.571429
4.000000
2.333333
3.400000
3.000000
4.000000
1.900000
3.666667
1.987179
2.666667
13.000000
4.380952
1.666667
1.200000
2.000000
1.107143
1.000000
1.000000
1.000000
4.000000
3.100000
7.888889
1.000000
3.800000
1.000000
2.500000
3.047619
8.666667
1.000000
3.133333
1.000000
1.535714
5.666667
4.000000
2.000000
2.000000
1.102564
2.500000
1.000000
5.300000
2.107143
3.991342
8.972222
1.866667
1.000000
1.333333
5.666667
2.000000
1.500000
3.561905
2.047619
3.571429
1.800000
2.000000
1.619048
1.857143
1.800000
1.000000
2.133333
2.466667
1.000000
2.021978
1.700000
1.666667
1.000000
2.315789
9.000000
2.040936
2.333333
1.000000
1.000000
4.533333
2.100000
1.417582
2.472222
1.984848
2.500000
1.666667
5.333333
2.000000
1.000000
1.972222
1.307692
2.000000
1.166667
3.095238
1.000000
1.000000
1.000000
2.933333
2.549451
9.000000
1.000000
1.000000
1.000000
1.000000
1.000000
1.000000
1.333333
3.166667
2.000000
2.700000
7.500000
11.000000
1.500000
3.333333
3.000000
1.000000
1.590909
3.333333
2.212121
1.333333
2.615385
1.000000
1.466667
2.357143
1.333333
1.666667
1.000000
2.266667
1.285714
3.072727
4.000000
2.461905
12.166667
1.333333
5.400000
1.142857
1.758170
2.333333
3.000000
1.000000
11.000000
2.000000
4.285714
3.000000
1.000000
1.000000
1.000000
5.000000
3.727273
5.666667
2.000000
1.333333
16.000000
1.666667
2.200000
1.850000
3.500000
5.933333
2.000000
1.533333
2.618182
3.666667
2.000000
1.900000
4.000000
2.977778
50.000000
3.857143
2.000000
1.000000
10.500000
2.000000
1.904762
4.000000
2.333333
4.666667
2.000000
3.355556
3.700000
2.400000
1.000000
5.000000
2.777778
2.583333
1.759784
2.100000
1.933333
2.333333
7.000000
1.000000
14.000000
1.300000
2.000000
2.000000
3.333333
11.000000
2.753247
1.972222
1.000000
2.935897
1.000000
13.000000
7.428571
1.600000
2.340659
1.821429
1.000000
1.100000
1.700000
1.000000
10.000000
9.333333
2.000000
3.692308
9.190476
2.786765
1.000000
4.400000
1.000000
3.000000
1.676471
1.555556
1.700000
3.466667
2.000000
1.000000
7.000000
2.000000
4.000000
3.000000
1.000000
4.000000
1.700000
2.846154
1.333333
1.000000
14.500000
1.494505
2.200000
4.357143
2.333333
3.000000
2.000000
7.128205
1.194444
3.222222
3.000000
1.333333
3.472727
1.000000
3.000000
2.000000
1.000000
4.857143
2.452899
1.500000
3.166667
3.933333
4.916667
4.642857
21.166667
1.000000
4.712121
1.000000
12.000000
3.466667
2.490909
7.000000
2.214286
2.285714
1.666667
1.000000
3.266667
2.818182
2.000000
4.381818
2.000000
1.000000
1.000000
2.333333
7.000000
1.359477
2.157895
2.388889
1.000000
4.666667
3.000000
1.000000
7.000000
1.000000
2.078431
2.809524
1.666667
1.000000
1.666667
1.000000
4.819048
2.400000
2.666667
2.800000
1.333333
2.705882
4.388889
1.166667
4.200000
6.178571
2.333333
2.500000
2.560440
1.500000
4.525641
3.666667
1.500000
1.000000
4.333333
2.015152
4.000000
2.000000
7.000000
1.857143
1.333333
1.000000
4.272727
2.666667
2.300000
2.607143
1.166667
7.000000
1.666667
1.500000
1.000000
1.833333
2.095238
10.000000
10.000000
2.705128
2.333333
2.600000
2.000000
2.263736
2.333333
1.500000
1.982456
1.807692
2.875000
1.000000
4.800000
5.514706
1.000000
8.000000
4.000000
2.166667
1.276190
1.166667
3.251082
19.000000
2.700000
2.000000
1.266667
1.000000
3.142857
1.666667
2.375000
1.333333
17.000000
11.777778
1.500000
2.447368
1.500000
13.133333
2.736264
2.333333
12.000000
2.000000
1.000000
2.000000
10.111111
1.800000
2.600000
1.000000
1.450549
1.861111
2.000000
4.045455
2.483333
2.800000
1.428571
6.000000
4.000000
1.285714
2.166667
11.000000
1.000000
4.666667
2.000000
2.000000
2.500000
3.733333
1.000000
7.177778
4.000000
2.000000
8.600000
1.666667
1.000000
1.333333
1.791209
3.409091
1.000000
2.125000
9.000000
1.391667
1.333333
2.488889
4.000000
1.761905
1.500000
2.238095
1.400000
1.000000
2.000000
1.400000
5.666667
1.333333
4.705128
5.000000
5.800000
1.166667
3.511111
3.000000
4.035714
1.666667
1.866667
1.000000
5.466667
2.000000
5.000000
8.000000
1.000000
5.266667
2.000000
1.000000
27.333333
5.047619
2.066667
2.000000
5.066667
1.000000
2.000000
1.000000
2.100000
1.800000
2.666667
1.200000
1.000000
1.000000
1.000000
1.000000
3.000000
3.000000
2.833333
1.000000
1.000000
5.000000
27.166667
1.854545
3.290909
8.666667
3.208333
3.266667
1.000000
1.666667
2.809524
1.600000
1.333333
3.400000
1.972222
1.333333
3.000000
4.522059
2.649123
4.000000
1.000000
1.666667
17.000000
1.800000
1.000000
1.666667
7.000000
4.000000
5.333333
2.400000
5.619048
1.000000
2.333333
4.733333
2.186813
1.000000
3.133333
2.125000
2.000000
2.500000
3.678571
1.873684
1.500000
1.000000
8.000000
1.000000
1.821429
1.692308
3.358974
4.000000
1.342857
2.000000
1.000000
1.200000
2.666667
20.666667
4.000000
3.400000
2.300000
2.833333
3.000000
9.000000
2.584795
5.833333
2.355556
1.757835
3.600000
11.000000
2.700000
3.422222
1.200000
1.200000
8.000000
3.000000
2.166667
2.322464
2.000000
6.166667
3.333333
4.000000
2.666667
6.000000
3.212121
1.533333
3.700000
4.700000
1.285714
1.166667
4.000000
3.351648
4.800000
1.114286
1.000000
2.000000
2.555556
1.333333
1.000000
3.380952
4.622222
1.333333
1.214286
4.000000
2.066667
55.000000
1.666667
1.300000
2.854545
5.400000
2.000000
3.821429
1.000000
1.000000
1.666667
2.333333
1.333333
1.000000
2.000000
1.000000
1.000000
3.700000
1.000000
1.000000
2.000000
2.800000
1.419048
1.000000
2.500000
8.000000
2.750000
1.000000
3.333333
3.238095
2.733333
2.333333
14.000000
2.000000
5.066667
1.000000
2.333333
1.000000
2.643275
3.833333
5.000000
8.600000
10.200000
1.000000
2.580882
1.000000
2.000000
3.000000
3.155556
2.000000
1.637363
2.300000
3.333333
4.300000
1.000000
3.523810
2.000000
1.166667
1.166667
2.828571
3.909091
11.666667
9.166667
4.535714
1.666667
4.000000
3.800000
2.000000
2.933333
3.333333
1.000000
3.583333
5.000000
2.000000
2.000000
2.535714
27.000000
2.241667
3.000000
1.000000
6.000000
1.809524
1.363636
2.333333
4.200000
1.000000
10.800000
3.611111
4.500000
3.500000
4.100000
2.000000
3.722222
1.666667
2.000000
4.666667
1.166667
2.200000
2.000000
1.500000
6.000000
1.333333
3.678571
1.000000
1.000000
7.000000
2.000000
2.000000
5.000000
1.590476
1.333333
2.142857
7.200000
1.000000
2.142857
2.500000
2.542484
2.870130
1.809524
3.900000
4.466667
1.600000
2.238095
2.000000
1.333333
4.000000
1.000000
2.166667
11.000000
2.333333
1.166667
2.500000
2.904762
3.066667
3.500000
1.525641
3.530303
2.000000
2.809524
2.900000
2.106061
1.000000
1.000000
1.000000
3.333333
1.000000
2.000000
2.000000
4.205534
1.000000
3.283333
2.642857
2.666667
2.800000
1.608333
2.000000
1.818182
3.000000
3.000000
2.712121
2.761905
1.600000
11.133333
1.107143
23.666667
2.000000
2.733333
3.833333
4.000000
1.742424
6.000000
1.666667
1.428571
3.000000
3.111111
1.000000
5.805556
3.200000
1.472527
1.000000
1.000000
1.919118
3.933333
1.000000
2.666667
2.888889
5.000000
5.000000
1.000000
1.476190
2.384615
3.666667
1.000000
1.333333
3.250000
5.166667
1.333333
5.041667
6.000000
1.000000
2.558333
6.666667
2.361111
1.500000
1.500000
5.166667
1.857143
1.666667
1.000000
1.500000
1.000000
1.333333
2.970760
1.000000
1.000000
4.000000
2.643275
1.428571
1.000000
2.000000
1.000000
4.711111
2.406593
1.700000
2.000000
2.238095
1.000000
3.000000
6.133333
1.466667
1.000000
1.952381
9.000000
4.000000
2.619048
2.100000
1.000000
1.991667
2.000000
1.000000
2.485714
3.000000
1.000000
2.000000
1.833333
1.000000
3.000000
3.100000
1.500000
1.892857
4.666667
1.000000
3.736842
1.461538
1.000000
2.000000
2.090909
4.066667
3.333333
3.200000
8.500000
1.000000
11.000000
2.866667
2.163636
1.000000
1.000000
10.333333
2.100000
2.000000
2.000000
4.000000
1.833333
1.733333
2.833333
2.500000
17.000000
6.833333
1.000000
1.000000
3.490909
1.833333
1.000000
1.483516
2.000000
1.651515
2.628571
2.060606
1.333333
6.800000
1.000000
2.200000
6.654545
1.000000
1.333333
2.346154
1.800000
2.000000
1.777778
4.500000
2.484848
4.180952
1.380952
2.200000
1.200000
1.900000
5.000000
1.666667
4.750000
2.000000
1.897436
2.666667
55.000000
4.000000
1.000000
2.333333
1.333333
2.628205
2.333333
1.000000
3.690909
1.000000
3.000000
3.428571
1.750000
2.666667
8.527273
1.000000
2.362637
2.790476
2.333333
1.866667
4.000000
2.000000
4.666667
2.000000
1.984211
2.200000
2.241830
2.000000
1.500000
3.636364
2.593407
1.288889
1.000000
1.000000
4.000000
2.428571
4.833333
4.000000
1.000000
2.000000
4.666667
1.839827
1.833333
1.100000
2.900000
3.666667
1.700000
2.333333
2.166667
5.523810
3.500000
4.000000
1.000000
2.384615
2.972222
3.321429
1.333333
1.000000
3.243590
1.000000
1.666667
3.255411
