homogeneity
1.000000
6.000000
16.500000
2.000000
6.800000
7.833333
1.333333
11.333333
3.000000
7.166667
5.833333
1.000000
13.309091
14.000000
3.400000
1.000000
5.100000
4.227941
23.000000
27.666667
3.500000
79.000000
10.000000
15.300000
1.000000
6.000000
16.833333
4.904762
9.439560
10.636364
4.681319
4.269231
2.166667
4.905138
4.761905
1.916667
8.363636
2.500000
1.500000
6.333333
1.000000
1.000000
13.800000
10.666667
7.256410
2.736842
1.000000
3.333333
19.833333
3.695238
1.666667
6.666667
2.000000
3.638889
3.555556
5.435897
8.333333
3.000000
3.428571
13.250000
3.348485
4.217949
5.409091
5.000000
3.717949
1.000000
1.400000
7.833333
11.000000
4.000000
3.666667
2.000000
14.000000
7.408333
6.000000
2.923077
10.961538
4.619048
9.000000
1.666667
4.666667
1.000000
6.030303
4.204678
34.000000
2.000000
2.000000
5.095238
6.035088
6.300000
20.666667
6.000000
2.852941
1.000000
3.500000
8.064103
4.000000
3.383333
10.333333
6.318182
6.500000
6.666667
3.357143
5.333333
9.333333
13.666667
73.000000
13.000000
2.166667
7.142857
1.000000
3.133333
12.700000
3.333333
11.818182
3.892857
1.000000
15.000000
18.333333
2.809524
11.000000
5.000000
3.600000
4.000000
7.000000
3.500000
3.166667
7.012821
6.083333
4.000000
6.000000
1.333333
2.200000
1.000000
4.928571
2.000000
6.000000
14.000000
6.000000
5.400000
4.088889
5.000000
4.100000
1.000000
5.333333
8.476190
3.000000
39.000000
17.066667
1.000000
2.821429
30.666667
1.000000
11.000000
6.333333
4.307692
2.000000
20.000000
10.000000
3.857143
6.969697
15.111111
6.466667
2.000000
12.066667
8.333333
3.000000
1.500000
3.361905
25.428571
9.809524
36.400000
17.000000
7.190476
9.000000
3.800000
1.000000
5.533333
4.733333
4.000000
7.252747
6.600000
5.833333
2.333333
3.457895
3.000000
4.064327
7.666667
1.000000
19.166667
7.866667
1.300000
9.725275
3.972222
4.742424
4.200000
1.666667
2.666667
21.000000
2.000000
8.500000
1.935897
81.000000
4.833333
3.285714
1.000000
2.900000
3.000000
3.600000
3.021978
28.000000
35.000000
9.000000
18.000000
15.000000
8.000000
28.000000
7.000000
10.333333
27.000000
3.800000
27.500000
39.000000
4.000000
10.200000
28.666667
6.666667
8.712121
7.000000
7.393939
4.000000
4.131868
1.000000
7.000000
2.464286
4.000000
3.666667
6.000000
5.733333
4.535714
4.127273
1.000000
5.261905
9.277778
3.166667
2.600000
2.821429
6.385621
2.500000
2.000000
1.000000
2.000000
11.500000
5.380952
1.000000
3.333333
3.000000
12.833333
6.000000
4.927273
1.000000
13.321429
56.666667
17.000000
50.000000
7.866667
3.016667
10.600000
7.466667
1.666667
13.400000
6.800000
7.166667
2.500000
17.800000
2.000000
7.066667
7.000000
17.380952
1.000000
7.000000
1.100000
1.000000
3.666667
25.000000
1.166667
2.000000
1.000000
5.200000
6.000000
14.200000
20.000000
1.000000
5.266667
16.805556
3.203779
4.300000
5.466667
5.512821
1.000000
1.000000
2.000000
4.400000
1.000000
1.166667
8.000000
4.000000
4.238095
4.916667
19.333333
5.128205
1.833333
2.000000
16.333333
23.200000
13.890110
20.857143
20.000000
3.900000
2.900000
3.666667
7.600000
11.333333
2.000000
4.974359
4.523810
6.036765
2.000000
10.100000
37.000000
8.000000
4.867647
5.488889
7.900000
4.711111
1.000000
9.000000
1.000000
5.000000
7.000000
16.000000
1.000000
1.000000
4.300000
5.153846
8.000000
10.333333
38.333333
3.329670
9.600000
6.500000
1.000000
1.000000
2.222222
3.435897
2.472222
3.155556
15.000000
3.333333
13.200000
1.666667
1.333333
6.000000
20.000000
2.190476
4.307971
5.333333
5.166667
8.466667
8.638889
7.750000
5.166667
2.000000
1.590909
5.666667
1.000000
16.066667
6.509091
2.000000
8.964286
2.047619
2.666667
4.000000
3.200000
6.236364
1.666667
5.763636
6.000000
7.000000
1.000000
14.333333
29.000000
3.797386
6.236842
3.138889
2.000000
7.333333
39.000000
16.000000
12.000000
1.000000
3.509804
6.095238
1.333333
1.000000
2.666667
2.000000
3.057143
4.300000
3.333333
5.800000
21.000000
8.720588
5.583333
7.166667
7.000000
2.642857
5.500000
14.333333
8.736264
8.500000
4.538462
1.666667
12.900000
5.000000
1.000000
2.803030
18.500000
27.476190
8.000000
8.750000
4.000000
2.333333
15.469697
5.666667
6.019048
2.321429
9.333333
11.000000
2.000000
2.900000
9.666667
2.833333
2.238095
6.333333
1.000000
3.615385
3.266667
6.066667
7.000000
4.362637
6.333333
16.333333
4.660819
6.756410
3.350000
3.333333
4.400000
3.477941
43.000000
3.000000
1.000000
1.833333
3.904762
6.166667
7.233766
9.100000
3.800000
7.000000
5.400000
4.000000
5.928571
1.000000
1.783333
8.666667
2.000000
2.844444
4.500000
7.078947
4.333333
4.000000
2.505495
19.000000
2.000000
10.000000
2.666667
22.000000
21.305556
6.200000
3.600000
3.000000
4.296703
7.611111
13.000000
3.181818
2.275000
5.400000
11.000000
3.000000
4.000000
3.964286
9.444444
1.000000
2.000000
4.800000
3.000000
6.000000
3.876190
1.733333
3.000000
12.555556
12.000000
4.000000
4.333333
5.333333
81.000000
1.500000
6.043956
2.545455
3.000000
3.816667
12.333333
6.300000
6.333333
2.666667
43.000000
2.142857
17.857143
4.152381
3.400000
1.500000
3.000000
5.400000
14.666667
23.000000
12.730769
79.000000
12.466667
6.666667
4.577778
19.000000
10.607143
6.333333
10.933333
4.000000
19.733333
8.000000
37.000000
20.000000
2.000000
11.333333
3.000000
15.000000
12.666667
14.000000
11.466667
1.000000
4.485714
10.000000
4.000000
13.000000
2.500000
3.600000
6.833333
4.200000
2.000000
7.000000
1.000000
14.000000
21.000000
5.577778
2.166667
9.666667
1.000000
3.000000
9.666667
6.090909
5.636364
2.533333
5.133333
3.714286
46.000000
3.666667
1.571429
3.900000
5.666667
2.200000
13.944444
2.000000
1.000000
4.205882
4.877193
31.000000
40.000000
4.000000
79.000000
2.933333
1.000000
2.333333
7.238095
73.000000
19.666667
7.200000
2.047619
2.000000
3.530303
1.600000
14.054945
1.000000
3.704762
5.720588
8.666667
5.700000
3.714286
4.647368
10.166667
7.000000
1.000000
1.000000
4.785714
12.666667
6.461538
1.000000
5.100000
5.000000
1.666667
5.400000
5.666667
30.333333
1.000000
4.800000
11.700000
7.666667
6.000000
1.000000
2.625731
44.333333
5.666667
2.464387
5.200000
1.000000
3.341667
17.133333
4.266667
3.476190
13.000000
8.000000
10.666667
4.884058
2.000000
6.500000
4.333333
17.000000
1.000000
5.300000
10.787879
13.400000
6.100000
2.200000
2.142857
1.333333
1.000000
3.879121
4.666667
3.333333
13.700000
6.000000
6.861111
1.666667
2.000000
8.095238
7.222222
6.000000
6.928571
3.000000
29.600000
28.000000
12.333333
7.100000
16.600000
3.133333
81.000000
4.464286
27.000000
4.000000
5.166667
3.800000
1.666667
5.666667
6.000000
1.000000
4.000000
33.800000
2.000000
8.000000
7.333333
4.800000
2.647619
6.000000
3.600000
3.000000
18.222222
29.000000
2.000000
6.952381
3.200000
7.977778
1.000000
1.000000
2.866667
1.000000
6.500000
9.000000
6.649123
6.138889
2.000000
6.266667
3.500000
1.000000
3.264706
15.666667
3.000000
81.000000
4.044444
5.000000
3.648352
3.600000
3.666667
2.700000
2.000000
8.952381
29.000000
15.166667
7.166667
3.028571
3.654545
30.666667
1.333333
5.892857
2.866667
5.000000
3.900000
79.000000
1.666667
1.666667
2.000000
2.944444
6.000000
5.600000
23.000000
3.892857
2.333333
3.658333
73.000000
2.000000
1.333333
6.761905
2.927273
9.333333
9.600000
27.000000
1.300000
8.416667
13.200000
2.600000
1.900000
1.000000
14.861111
7.333333
5.000000
5.000000
10.833333
12.000000
1.000000
1.000000
4.000000
6.000000
11.535714
3.000000
1.000000
12.000000
4.861111
1.833333
1.000000
8.866667
26.000000
3.428571
3.300000
1.000000
6.659341
5.700000
4.516340
2.389610
4.714286
6.300000
4.866667
18.133333
6.714286
3.666667
1.000000
5.000000
1.000000
7.666667
21.800000
1.333333
2.333333
8.666667
5.476190
7.888889
4.000000
4.205128
6.393939
2.000000
8.523810
5.200000
2.196970
1.000000
1.000000
1.000000
2.000000
44.333333
1.000000
12.000000
6.225296
8.000000
2.833333
5.142857
8.666667
4.100000
4.108333
9.666667
3.545455
17.000000
3.095238
1.787879
8.942857
2.700000
4.333333
24.285714
6.000000
1.000000
10.247619
2.783333
2.000000
4.242424
14.000000
4.266667
4.571429
1.000000
3.444444
4.000000
6.194444
8.533333
4.131868
1.000000
2.666667
3.639706
3.457143
1.000000
15.333333
5.266667
1.000000
12.000000
1.000000
5.142857
3.128205
14.000000
2.000000
4.333333
9.333333
1.500000
7.666667
3.525000
3.000000
37.000000
3.283333
5.666667
4.083333
5.000000
1.600000
3.666667
6.619048
2.166667
8.000000
1.333333
4.000000
2.000000
8.210526
5.333333
16.000000
4.000000
3.245614
9.238095
73.000000
9.000000
1.666667
13.200000
5.582418
1.100000
1.000000
1.666667
21.000000
3.400000
3.466667
2.866667
1.000000
16.666667
6.833333
25.666667
4.238095
2.900000
1.000000
4.166667
4.166667
1.000000
3.123810
2.000000
1.000000
11.000000
10.833333
12.000000
2.000000
2.100000
3.600000
6.392857
15.833333
23.000000
4.647368
3.846154
1.166667
2.000000
3.745455
4.466667
6.400000
2.200000
1.821429
11.000000
2.000000
2.466667
4.418182
1.000000
1.000000
5.000000
22.900000
6.000000
1.000000
2.000000
6.166667
4.866667
3.416667
41.666667
2.333333
5.166667
7.166667
1.000000
11.254545
3.333333
10.000000
2.912088
1.000000
12.893939
4.476190
4.863636
28.000000
4.533333
1.000000
12.300000
2.890909
1.000000
10.666667
2.410256
1.400000
1.000000
3.625731
4.678571
2.287879
3.771429
2.809524
14.600000
6.866667
1.500000
6.352941
14.166667
6.035714
3.000000
3.743590
47.333333
34.000000
34.000000
1.000000
1.333333
2.666667
3.935897
10.000000
1.000000
2.200000
23.000000
1.000000
4.571429
4.694444
5.800000
4.890909
1.000000
2.769231
4.647619
45.333333
14.533333
39.333333
1.000000
8.666667
1.000000
4.415789
19.100000
5.679739
13.166667
9.333333
4.636364
9.043956
2.200000
6.000000
1.000000
9.000000
4.952381
1.500000
2.000000
2.666667
1.000000
1.523810
3.238095
8.000000
4.200000
5.000000
3.333333
2.800000
6.000000
22.333333
4.285714
40.833333
5.000000
2.000000
3.241758
5.000000
16.142857
4.666667
4.333333
2.974359
1.000000
2.000000
3.000000
