homogeneity
1.000000
75.714286
41.377778
1.000000
2.666667
4.800000
1.000000
4.833333
36.619048
1.000000
5.000000
7.000000
4.000000
3.000000
3.700000
2.000000
122.166667
1.000000
96.761905
104.133333
66.809524
86.666667
95.600000
90.133333
78.266667
117.800000
77.466667
59.095238
80.857143
108.400000
113.266667
1.000000
1.761905
42.177778
46.305556
2.000000
8.300000
23.047619
4.000000
1.666667
20.850000
2.000000
51.333333
4.800000
2.972222
2.000000
1.000000
51.000000
1.000000
4.866667
79.857143
70.714286
114.200000
74.666667
81.200000
67.000000
66.035714
75.035714
66.142857
62.722222
77.805556
2.000000
84.857143
78.266667
78.266667
2.000000
1.000000
2.000000
108.600000
113.666667
4.000000
6.000000
1.333333
1.000000
1.000000
4.800000
3.000000
1.000000
26.641026
6.303030
24.581818
5.000000
1.000000
38.533333
24.000000
1.000000
7.000000
1.000000
1.266667
1.100000
17.660079
9.818182
1.000000
1.000000
6.900000
30.800000
5.666667
5.800000
11.000000
21.219048
1.000000
1.166667
4.500000
22.545455
1.333333
1.000000
6.200000
7.000000
1.400000
83.285714
80.464286
49.989011
56.757576
54.136364
39.637363
62.436364
71.555556
85.071429
79.178571
62.266667
67.000000
77.285714
46.161905
53.358974
44.941176
59.939394
54.884615
59.854545
67.694444
66.911111
42.750000
61.981818
56.474359
46.958333
52.197802
50.076190
41.532164
48.752381
52.329670
51.564103
43.699346
40.620915
40.215686
45.373626
42.495238
47.282051
36.628571
38.189474
38.707602
37.594771
43.533333
42.323529
47.408333
58.600000
46.523810
45.383333
49.989011
53.602564
45.491667
54.030303
43.666667
47.978022
79.678571
49.161905
49.384615
42.800000
45.670330
41.691667
41.758333
49.025641
43.952381
46.552381
56.690909
69.527778
63.777778
59.309091
51.461538
57.436364
2.666667
2.000000
1.000000
4.833333
19.000000
2.857143
5.000000
7.000000
1.600000
1.333333
69.000000
1.000000
1.000000
2.666667
4.833333
1.333333
2.000000
1.000000
6.200000
1.000000
7.000000
2.200000
1.000000
2.357143
2.833333
3.000000
3.000000
1.000000
5.833333
17.000000
5.868132
6.900000
5.866667
18.000000
19.285714
1.000000
1.000000
78.714286
2.933333
1.500000
1.166667
3.000000
54.500000
3.000000
5.000000
104.000000
61.464286
1.000000
1.000000
25.000000
89.733333
3.333333
82.200000
14.000000
15.333333
1.000000
2.933333
4.000000
1.333333
1.000000
5.000000
1.000000
1.000000
1.000000
5.000000
2.000000
6.333333
1.000000
1.000000
4.600000
3.000000
4.000000
2.600000
3.800000
3.666667
28.666667
6.000000
5.200000
1.333333
1.000000
1.000000
2.333333
7.333333
2.000000
6.200000
1.000000
6.933333
8.214286
2.333333
1.000000
4.000000
1.000000
1.000000
2.000000
6.000000
2.000000
1.000000
1.333333
18.415789
1.800000
3.761905
3.000000
1.000000
1.000000
1.000000
1.000000
2.666667
6.106061
1.000000
2.100000
4.000000
2.333333
20.990476
1.000000
38.611111
2.000000
2.000000
4.000000
1.666667
1.400000
2.333333
2.000000
94.952381
2.000000
6.000000
2.000000
38.619048
3.800000
3.000000
2.000000
80.047619
55.666667
55.380952
87.285714
97.133333
77.133333
77.133333
76.466667
77.133333
76.800000
83.400000
89.133333
78.466667
57.900000
77.066667
68.642857
80.466667
63.722222
66.000000
2.333333
5.000000
2.500000
2.333333
2.000000
3.000000
1.000000
3.285714
2.000000
7.066667
4.066667
1.000000
5.666667
4.600000
1.000000
2.800000
2.000000
1.000000
1.000000
3.000000
1.000000
5.200000
3.000000
1.000000
1.000000
19.948529
1.666667
11.000000
1.000000
1.333333
4.333333
1.000000
1.000000
2.000000
1.000000
1.000000
16.373626
1.000000
2.000000
5.750000
2.666667
22.728571
27.000000
1.000000
1.333333
6.000000
3.000000
10.500000
2.000000
4.500000
1.000000
2.523810
18.583333
1.000000
1.666667
3.861111
13.000000
2.000000
1.000000
3.000000
2.000000
1.000000
1.000000
1.000000
16.831579
4.000000
2.500000
2.100000
3.500000
1.000000
2.700000
1.000000
3.761905
5.000000
6.000000
1.500000
12.000000
3.380952
1.000000
84.904762
4.190476
1.500000
3.400000
1.000000
4.133333
1.000000
2.333333
6.500000
7.000000
2.000000
1.000000
2.000000
5.266667
2.000000
1.000000
5.200000
1.000000
1.000000
8.000000
1.000000
1.000000
1.000000
6.200000
15.000000
3.000000
1.000000
1.000000
6.333333
1.000000
10.000000
1.000000
2.333333
1.000000
1.000000
1.000000
1.000000
18.620915
15.967391
2.000000
4.100000
1.000000
1.000000
11.000000
28.055556
2.666667
2.333333
1.100000
1.500000
10.000000
4.700000
1.000000
7.166667
2.933333
3.333333
1.000000
1.000000
18.256410
45.666667
1.000000
6.200000
1.333333
17.043956
5.333333
5.600000
2.606061
1.000000
2.000000
2.500000
4.000000
1.000000
10.600000
2.000000
40.071429
3.166667
3.066667
2.000000
1.200000
2.000000
1.000000
1.000000
2.333333
4.800000
1.000000
1.333333
1.666667
1.000000
4.200000
8.000000
1.000000
1.000000
11.500000
4.000000
2.666667
6.333333
3.000000
5.000000
6.000000
2.166667
1.000000
34.000000
2.000000
2.000000
1.000000
5.800000
29.600000
1.333333
4.000000
1.666667
4.100000
2.666667
2.000000
4.333333
10.000000
1.000000
12.600000
1.000000
1.205128
1.000000
2.500000
1.000000
7.045455
23.000000
1.000000
15.894737
1.000000
6.000000
20.969697
1.300000
2.300000
3.333333
4.000000
6.200000
2.000000
2.000000
3.464286
15.000000
2.666667
32.200000
57.755556
21.142857
1.000000
1.000000
1.000000
4.000000
8.000000
4.000000
22.032967
1.000000
7.166667
24.318681
1.000000
4.000000
3.000000
10.000000
2.904762
3.000000
4.166667
3.000000
3.166667
4.000000
25.355556
2.000000
28.636364
22.298701
2.000000
2.666667
2.000000
1.333333
1.000000
1.000000
9.666667
75.722222
64.750000
56.151515
37.076023
50.197802
18.637681
33.761905
1.000000
54.600000
1.000000
1.000000
1.000000
4.933333
1.000000
30.121212
1.000000
2.464286
1.000000
19.945455
18.200000
3.321429
1.666667
4.175824
3.000000
2.800000
2.000000
1.000000
1.000000
4.104762
1.000000
1.500000
5.833333
2.666667
3.000000
19.000000
4.000000
26.066667
1.000000
2.333333
32.571429
1.000000
3.666667
1.000000
28.641026
2.000000
1.000000
5.000000
8.000000
1.000000
5.000000
2.857143
15.675889
2.000000
1.000000
3.000000
13.000000
4.000000
17.984848
5.000000
21.713235
11.500000
1.000000
2.000000
1.500000
8.000000
29.763636
2.000000
1.000000
2.000000
23.373626
6.000000
1.000000
1.000000
32.602564
61.972222
56.083333
50.928571
26.835165
35.952381
36.695238
35.583333
52.872727
26.654412
37.378788
24.210526
39.145455
25.933333
40.472727
31.325000
34.320513
36.065934
27.666667
18.821053
55.200000
29.225000
30.961538
52.400000
23.298701
41.038462
22.444444
40.127273
40.490909
49.955556
32.743590
30.725000
49.133333
71.805556
60.750000
41.192308
47.621212
54.327273
32.281046
26.704762
64.400000
15.432749
12.828571
22.573529
76.785714
54.222222
51.488889
26.329670
3.933333
1.000000
6.466667
6.933333
4.000000
5.000000
6.700000
1.000000
4.333333
9.000000
3.833333
50.000000
1.000000
1.000000
2.285714
4.166667
1.000000
1.000000
9.219780
2.333333
9.571429
23.923077
1.000000
8.466667
1.166667
44.400000
27.583333
25.676190
2.000000
26.000000
1.000000
33.750000
41.205128
27.277778
1.000000
2.000000
4.800000
2.666667
2.000000
10.000000
1.000000
2.142857
21.500000
2.857143
25.327273
1.107143
1.000000
1.000000
5.833333
1.000000
26.590909
2.000000
4.000000
1.000000
2.000000
1.000000
1.000000
19.636364
31.358974
3.333333
24.415789
3.805556
5.000000
2.200000
63.333333
6.333333
1.000000
1.600000
5.200000
3.083333
5.000000
1.333333
4.333333
34.151515
1.000000
3.700000
24.000000
26.733333
12.800000
13.181818
87.533333
1.000000
11.666667
73.285714
2.666667
1.000000
1.000000
1.000000
1.000000
8.333333
20.272727
3.833333
3.388889
1.600000
2.000000
1.900000
3.571429
1.000000
1.000000
28.714286
28.121212
1.000000
3.000000
17.557143
21.941667
7.166667
5.833333
1.000000
4.571429
21.600000
16.073593
1.000000
7.844444
1.000000
26.283333
29.244444
3.500000
5.000000
2.000000
9.360324
14.960114
3.000000
1.533333
23.769231
40.333333
1.000000
6.000000
29.380952
2.600000
1.000000
20.179487
2.500000
3.666667
3.933333
19.000000
1.000000
1.000000
3.000000
22.954248
3.142857
32.102564
42.000000
1.000000
21.666667
17.761905
10.250000
30.022222
52.311111
4.833333
1.000000
1.000000
6.000000
110.400000
3.000000
7.000000
23.000000
1.000000
1.000000
5.800000
2.166667
1.000000
4.600000
21.333333
6.466667
28.794118
1.333333
2.333333
2.000000
1.000000
26.038095
25.948529
35.047619
2.700000
1.000000
60.377778
2.642857
15.192982
4.666667
3.333333
1.400000
1.000000
3.000000
7.285714
3.833333
2.000000
3.200000
2.904762
54.000000
1.000000
1.714286
1.000000
3.500000
1.000000
2.333333
42.512821
1.000000
1.666667
15.333333
30.392857
2.500000
2.000000
1.000000
1.500000
3.000000
1.000000
1.000000
3.000000
2.000000
4.500000
4.320513
2.166667
6.000000
6.138889
24.380952
3.000000
4.733333
1.333333
1.000000
4.600000
6.000000
4.357143
1.000000
3.000000
1.500000
1.500000
2.700000
1.000000
19.975000
4.047619
4.000000
2.000000
5.833333
24.588235
8.466667
1.000000
21.012987
12.666667
5.190476
2.141026
1.000000
2.000000
1.833333
2.000000
2.333333
1.000000
7.733333
20.166667
1.000000
7.333333
5.166667
2.285714
28.490909
1.733333
1.000000
4.400000
2.000000
1.000000
1.000000
4.000000
25.100000
1.000000
29.385965
2.400000
2.333333
14.948718
2.000000
2.000000
2.333333
1.000000
2.333333
3.000000
1.000000
2.200000
3.000000
23.329670
3.622222
5.857143
19.450292
1.000000
1.000000
16.467836
1.000000
2.000000
2.106061
3.416667
1.000000
7.000000
1.000000
6.200000
1.809524
1.000000
1.000000
3.666667
3.000000
6.357143
5.705128
2.833333
2.333333
2.972222
1.000000
1.600000
1.000000
3.800000
7.694444
1.500000
2.000000
7.000000
1.000000
1.714286
47.333333
6.416667
3.000000
1.000000
6.000000
3.045455
4.000000
1.500000
5.500000
2.000000
2.000000
12.000000
1.600000
1.000000
2.000000
18.828571
1.000000
2.333333
2.200000
1.666667
2.000000
1.333333
6.333333
1.333333
1.000000
2.000000
2.000000
1.000000
1.500000
6.700000
2.000000
19.333333
1.000000
2.833333
1.600000
4.666667
74.800000
3.000000
1.400000
3.933333
3.000000
