homogeneity
2.000000
11.666667
1.400000
2.000000
3.266667
3.000000
8.333333
1.666667
1.000000
1.750000
5.333333
4.000000
1.963636
6.666667
4.466667
1.000000
3.400000
2.801471
1.000000
2.000000
1.500000
11.000000
4.500000
7.400000
1.666667
1.000000
11.000000
4.904762
2.395604
2.800000
2.736264
4.692308
6.666667
2.596838
1.761905
5.166667
4.696970
2.166667
2.000000
6.000000
1.000000
1.000000
1.500000
1.833333
3.243590
1.707602
1.000000
1.000000
6.833333
3.942857
2.666667
49.333333
1.000000
2.166667
4.911111
5.871795
1.000000
4.821429
1.942857
2.555556
2.984848
1.423077
2.848485
4.476190
7.487179
16.000000
8.500000
7.500000
7.000000
11.000000
7.500000
8.000000
16.000000
1.900000
1.400000
1.681319
3.102564
1.238095
3.666667
5.833333
2.666667
1.000000
3.742424
3.345029
7.000000
2.000000
1.000000
1.142857
3.818713
1.700000
11.000000
1.000000
1.985294
1.000000
5.500000
2.923077
3.418301
3.333333
5.500000
3.984848
1.666667
3.333333
4.071429
2.730769
3.466667
6.166667
1.000000
4.000000
3.166667
15.000000
1.000000
1.933333
1.900000
5.066667
2.924242
3.321429
1.000000
1.000000
2.200000
4.333333
3.000000
1.000000
1.700000
12.000000
4.000000
2.300000
1.833333
2.128205
4.666667
11.000000
1.571429
1.333333
2.066667
1.000000
5.750000
4.000000
12.000000
1.000000
1.000000
3.000000
4.377778
1.000000
5.200000
7.000000
4.333333
2.428571
4.666667
4.000000
2.533333
3.000000
1.678571
5.000000
3.000000
2.000000
7.333333
2.282051
1.166667
1.000000
3.400000
3.928571
2.965368
6.305556
1.133333
1.000000
1.733333
2.333333
15.000000
5.166667
3.133333
3.476190
2.333333
2.866667
1.000000
5.571429
9.428571
2.200000
2.000000
2.000000
1.133333
2.000000
2.384615
14.000000
8.000000
1.000000
2.568421
2.000000
2.578947
4.000000
9.000000
12.333333
2.266667
3.500000
5.483516
3.500000
3.848485
2.800000
1.833333
5.000000
3.166667
1.666667
4.277778
5.333333
2.000000
1.166667
5.285714
2.000000
5.000000
2.000000
2.533333
4.736264
2.000000
11.000000
4.000000
2.000000
3.000000
3.000000
1.000000
4.428571
1.166667
2.000000
1.100000
5.500000
1.000000
1.666667
2.466667
1.000000
1.666667
5.181818
1.000000
2.409091
2.000000
3.582418
2.000000
3.177778
12.571429
1.000000
3.000000
1.000000
2.666667
4.285714
2.981818
4.000000
2.152381
1.111111
1.500000
21.000000
2.250000
3.261438
5.500000
1.000000
3.000000
1.000000
2.666667
4.333333
1.000000
5.333333
1.000000
6.500000
1.000000
5.000000
6.333333
2.642857
2.333333
1.000000
1.333333
2.266667
4.766667
5.400000
6.800000
3.666667
2.200000
4.509091
7.166667
3.500000
6.300000
1.000000
2.422222
3.000000
3.333333
2.000000
1.000000
6.400000
1.000000
2.571429
3.000000
4.500000
1.666667
7.000000
4.888889
2.800000
6.000000
1.000000
2.000000
1.622222
6.611111
2.265857
2.300000
2.466667
3.230769
11.000000
1.000000
5.000000
3.800000
1.000000
1.333333
7.666667
1.000000
1.870130
2.777778
3.666667
2.987179
1.666667
1.000000
2.095238
4.600000
3.846154
3.464286
1.000000
12.900000
2.900000
4.666667
3.700000
10.000000
1.000000
1.807692
2.714286
3.683824
2.000000
14.300000
2.000000
1.333333
1.742647
3.066667
1.500000
2.888889
4.000000
1.000000
11.000000
14.000000
1.000000
1.000000
4.000000
3.000000
4.600000
4.602564
4.333333
7.333333
1.166667
3.032967
3.266667
3.250000
13.666667
1.000000
3.488889
3.423077
3.194444
2.444444
5.000000
6.500000
3.763636
1.000000
6.000000
3.166667
2.000000
6.619048
2.463768
5.833333
1.500000
1.800000
4.333333
3.321429
5.000000
2.000000
2.757576
3.333333
13.000000
1.733333
2.418182
1.000000
2.071429
1.761905
13.666667
11.000000
2.933333
2.563636
6.666667
2.636364
1.000000
2.000000
2.000000
1.333333
3.000000
4.150327
1.505263
1.861111
1.000000
2.380952
2.000000
1.000000
1.000000
1.000000
3.058824
2.904762
1.333333
1.000000
4.166667
2.000000
4.714286
1.700000
1.166667
19.100000
1.333333
2.632353
9.527778
2.500000
1.333333
9.000000
7.500000
7.000000
3.692308
2.833333
1.641026
1.333333
8.400000
9.000000
2.000000
2.409091
1.333333
4.476190
1.000000
2.500000
1.000000
4.666667
2.196970
1.000000
2.366667
2.928571
2.166667
1.000000
19.666667
3.700000
1.000000
4.333333
4.333333
9.666667
1.666667
1.666667
1.800000
8.800000
2.000000
4.208791
1.666667
4.000000
3.900585
1.794872
2.833333
8.666667
7.333333
4.147059
43.000000
1.000000
1.000000
5.000000
2.685714
2.833333
2.095238
2.400000
5.100000
7.000000
2.800000
2.000000
3.678571
1.333333
1.716667
3.000000
1.000000
4.000000
2.333333
2.363158
2.333333
2.200000
1.802198
10.500000
9.000000
1.666667
1.000000
1.000000
2.416667
1.300000
8.933333
23.000000
3.252747
3.083333
1.000000
1.606061
2.783333
1.466667
7.071429
1.000000
10.000000
11.785714
9.194444
8.333333
7.000000
3.466667
12.000000
1.000000
2.838095
5.666667
3.000000
3.355556
2.000000
4.000000
5.333333
2.666667
1.000000
1.833333
1.901099
3.469697
11.000000
2.700000
3.333333
3.333333
2.333333
3.777778
3.000000
5.904762
2.678571
4.047619
10.400000
1.333333
3.000000
3.733333
5.000000
4.666667
3.000000
1.000000
1.600000
3.000000
2.800000
4.000000
6.857143
1.000000
3.333333
1.000000
5.800000
2.000000
3.000000
3.000000
2.000000
1.800000
2.000000
11.000000
1.000000
4.666667
3.333333
1.000000
3.838095
2.000000
4.000000
1.000000
3.300000
14.900000
8.000000
1.700000
4.333333
6.000000
7.000000
1.000000
2.000000
1.822222
5.166667
1.000000
9.000000
10.000000
4.166667
5.109091
4.000000
2.600000
1.725000
2.823810
1.000000
1.000000
1.190476
5.000000
1.500000
2.900000
3.916667
10.000000
1.000000
3.823529
2.707602
7.000000
2.000000
2.500000
1.000000
2.400000
1.000000
2.333333
3.095238
22.000000
7.000000
4.000000
3.666667
1.000000
2.454545
1.400000
3.582418
4.000000
3.504762
2.676471
4.333333
7.000000
2.928571
2.573684
8.666667
1.000000
1.000000
1.000000
1.392857
3.858974
3.051282
5.000000
2.238095
7.000000
1.000000
1.333333
3.666667
7.666667
2.000000
3.300000
1.800000
1.333333
1.000000
1.000000
2.432749
21.500000
2.222222
1.700855
2.100000
18.000000
3.116667
3.044444
4.400000
6.800000
3.000000
8.000000
2.000000
2.974638
12.000000
1.166667
5.666667
1.000000
6.000000
1.400000
2.439394
13.266667
5.100000
1.500000
1.333333
16.500000
1.000000
3.692308
2.066667
2.857143
2.200000
1.000000
2.416667
4.000000
1.000000
2.238095
2.844444
2.333333
7.964286
1.000000
7.066667
1.000000
1.666667
2.900000
2.727273
1.133333
1.000000
5.571429
1.000000
1.000000
1.333333
6.333333
2.000000
2.333333
6.000000
5.000000
2.000000
3.000000
45.000000
2.000000
2.666667
3.266667
3.447619
1.000000
1.800000
1.000000
1.500000
2.000000
2.000000
3.000000
15.400000
2.377778
23.000000
9.000000
4.533333
4.000000
5.666667
8.000000
2.391813
1.611111
7.000000
11.066667
9.400000
1.000000
2.125000
1.000000
4.000000
2.000000
4.955556
1.000000
2.824176
1.400000
2.333333
9.000000
2.000000
5.285714
2.000000
5.333333
4.333333
5.171429
5.636364
22.333333
7.000000
5.000000
7.266667
2.000000
2.000000
8.000000
3.266667
6.000000
1.000000
1.333333
1.000000
4.300000
2.000000
4.964286
4.666667
2.233333
2.000000
1.000000
1.000000
6.904762
4.109091
10.000000
2.800000
1.000000
3.400000
2.638889
2.900000
4.600000
1.300000
1.000000
6.527778
3.333333
1.000000
3.500000
2.333333
2.800000
2.000000
4.500000
5.000000
1.333333
7.107143
12.000000
5.000000
1.000000
2.611111
3.833333
3.000000
3.847619
7.000000
2.857143
5.700000
2.000000
2.846154
2.700000
5.679739
2.216450
4.142857
6.100000
2.600000
5.066667
3.761905
2.666667
1.333333
1.000000
1.000000
7.666667
3.600000
1.333333
1.666667
3.000000
3.666667
3.355556
2.333333
2.730769
3.893939
10.000000
9.714286
5.700000
2.363636
3.000000
4.000000
1.000000
5.833333
1.500000
3.000000
13.000000
2.114625
1.000000
2.925000
1.392857
3.000000
2.900000
2.783333
8.000000
4.018182
8.000000
1.952381
2.772727
3.171429
3.800000
1.133333
3.500000
6.333333
2.000000
6.466667
5.050000
2.000000
4.000000
1.000000
2.733333
1.238095
1.000000
8.044444
4.000000
4.638889
2.466667
2.890110
2.000000
1.666667
2.316176
2.609524
1.000000
4.666667
7.155556
7.000000
2.000000
1.000000
2.047619
2.128205
1.000000
1.000000
18.000000
2.444444
4.000000
7.000000
3.875000
1.000000
11.000000
2.983333
2.388889
1.305556
1.333333
4.300000
1.333333
2.190476
3.666667
10.000000
4.833333
2.000000
10.000000
1.900585
4.333333
8.000000
1.000000
2.789474
2.523810
1.000000
7.000000
11.000000
4.155556
3.494505
6.200000
21.000000
1.952381
1.000000
4.400000
1.133333
1.533333
3.000000
1.476190
5.000000
2.000000
3.476190
1.600000
1.000000
2.658333
5.833333
5.000000
3.809524
1.000000
7.000000
1.000000
3.500000
5.000000
2.000000
1.100000
7.000000
2.071429
3.000000
1.000000
4.821053
2.871795
2.833333
2.000000
1.963636
4.733333
1.800000
1.100000
5.821429
1.000000
1.000000
3.666667
2.090909
4.000000
4.000000
1.000000
1.200000
2.000000
2.000000
3.000000
2.500000
2.066667
3.083333
2.666667
3.666667
2.333333
1.166667
1.000000
2.527273
1.166667
1.000000
2.175824
1.000000
3.636364
2.838095
3.030303
10.333333
1.533333
5.000000
1.400000
3.254545
2.000000
1.133333
4.794872
1.900000
15.000000
4.643275
5.964286
2.590909
2.866667
3.952381
2.133333
3.200000
5.500000
2.281046
1.333333
3.071429
6.000000
2.192308
7.500000
2.000000
3.000000
11.000000
3.000000
2.000000
3.282051
4.333333
3.000000
2.000000
45.000000
1.000000
1.428571
2.944444
3.133333
2.654545
2.000000
3.021978
2.266667
1.333333
1.600000
1.800000
23.000000
1.666667
1.000000
2.915789
2.800000
3.431373
3.666667
2.333333
1.527273
2.670330
6.777778
8.000000
2.000000
5.000000
3.333333
3.666667
1.000000
4.666667
1.000000
1.857143
1.805195
5.166667
6.000000
2.900000
7.000000
4.200000
4.000000
5.333333
1.000000
3.000000
9.000000
20.000000
4.098901
2.583333
7.285714
18.000000
2.000000
7.243590
7.000000
2.666667
2.437229
