homogeneity
2.000000
3.285714
13.311111
0.000000
1.000000
4.400000
2.000000
4.000000
3.952381
2.000000
2.000000
7.000000
1.000000
11.000000
1.500000
1.000000
1.500000
24.000000
3.000000
1.133333
3.000000
6.095238
2.266667
4.266667
2.000000
1.066667
2.000000
4.142857
6.142857
4.200000
2.533333
2.000000
3.190476
3.644444
2.583333
1.000000
2.400000
4.914286
4.000000
1.666667
1.633333
22.333333
1.800000
1.900000
6.000000
1.000000
5.000000
1.000000
1.000000
1.066667
4.714286
2.000000
2.200000
1.857143
6.700000
12.464286
1.714286
5.142857
5.607143
3.972222
3.527778
8.000000
4.428571
1.066667
3.800000
1.000000
1.000000
1.000000
2.100000
4.600000
6.000000
1.000000
18.333333
1.000000
5.000000
5.500000
2.000000
3.666667
4.948718
1.469697
2.600000
36.000000
1.000000
1.866667
2.000000
2.000000
1.000000
0.000000
2.066667
4.200000
6.450593
5.606061
1.000000
0.000000
1.100000
6.733333
2.333333
2.500000
6.166667
4.838095
8.000000
3.333333
6.900000
6.469697
1.000000
1.333333
4.000000
1.000000
14.400000
1.321429
2.892857
6.758242
2.969697
9.939394
4.197802
6.981818
13.583333
5.071429
5.428571
12.933333
4.666667
4.714286
4.266667
2.807692
3.500000
3.969697
10.705128
8.709091
6.194444
1.466667
4.455882
16.163636
3.269231
1.608333
5.197802
6.009524
3.391813
1.352381
9.153846
1.576923
2.424837
6.679739
8.163399
5.307692
2.609524
3.730769
3.980952
3.478947
4.508772
4.888889
6.800000
4.588235
2.958333
2.254545
5.352381
2.883333
2.395604
2.141026
4.375000
5.818182
3.775000
2.351648
4.214286
4.619048
5.025641
2.742857
4.670330
3.775000
5.675000
6.128205
2.742857
3.733333
2.745455
2.361111
2.577778
2.400000
3.846154
2.690909
6.666667
1.666667
4.000000
1.333333
1.000000
1.476190
1.000000
1.000000
1.866667
1.666667
1.666667
2.666667
1.000000
1.666667
11.666667
2.166667
1.000000
1.000000
6.000000
3.000000
1.333333
2.000000
16.000000
7.535714
6.500000
5.333333
1.000000
1.000000
3.500000
2.000000
3.769231
7.400000
6.866667
1.000000
1.333333
3.166667
1.333333
6.535714
4.533333
1.000000
1.666667
1.500000
5.722222
5.000000
3.200000
2.933333
5.785714
4.000000
4.833333
7.000000
1.333333
3.333333
2.533333
7.833333
6.000000
1.000000
3.666667
1.000000
5.166667
1.000000
1.000000
1.000000
2.000000
2.000000
1.700000
5.000000
2.666667
4.000000
4.866667
1.733333
5.000000
2.000000
7.900000
4.133333
1.238095
2.833333
7.000000
2.000000
10.000000
4.000000
1.000000
3.000000
1.333333
1.000000
1.900000
2.000000
2.466667
12.535714
7.333333
1.000000
1.000000
1.000000
1.000000
2.000000
3.000000
5.000000
2.000000
7.000000
2.721053
1.600000
1.238095
1.000000
3.000000
16.000000
4.666667
1.000000
5.000000
1.545455
1.000000
1.100000
2.000000
2.000000
6.980952
1.000000
5.583333
1.000000
13.000000
11.000000
2.333333
5.800000
3.500000
2.000000
10.047619
3.000000
7.333333
5.000000
2.666667
3.500000
4.000000
1.000000
2.571429
2.809524
7.333333
1.666667
10.133333
3.600000
3.533333
11.400000
10.866667
2.800000
13.666667
1.200000
3.133333
2.500000
3.800000
1.357143
1.600000
2.694444
1.133333
1.500000
1.000000
1.333333
1.000000
1.666667
1.000000
6.000000
6.392857
2.000000
2.133333
2.333333
6.000000
1.000000
1.800000
1.000000
3.400000
1.333333
1.000000
2.000000
5.000000
1.000000
1.800000
9.000000
20.000000
1.500000
5.735294
4.666667
3.333333
1.000000
5.333333
2.666667
40.000000
1.000000
1.000000
1.000000
2.000000
4.791209
4.000000
21.000000
2.464286
1.333333
3.580952
2.000000
13.000000
1.333333
1.333333
2.000000
5.500000
1.000000
13.000000
2.000000
1.761905
7.305556
4.333333
29.333333
5.361111
1.000000
1.000000
1.666667
11.000000
1.000000
21.000000
1.000000
2.000000
4.815789
1.000000
3.166667
2.000000
2.600000
1.000000
4.100000
1.000000
6.190476
19.000000
1.000000
9.333333
1.000000
2.238095
2.000000
5.904762
3.523810
1.000000
6.300000
1.000000
3.933333
7.333333
4.666667
3.666667
3.000000
15.000000
19.000000
1.000000
1.333333
1.000000
1.000000
1.200000
2.000000
1.000000
4.000000
1.000000
1.000000
10.500000
1.600000
1.000000
1.000000
1.000000
54.000000
22.000000
0.000000
13.833333
1.000000
7.000000
1.000000
1.000000
1.000000
3.000000
1.895425
3.257246
4.428571
1.200000
1.000000
17.000000
1.000000
4.527778
8.904762
4.000000
1.200000
4.000000
52.000000
2.400000
1.000000
7.666667
1.466667
2.800000
1.000000
1.000000
5.487179
5.333333
2.000000
1.400000
8.666667
5.417582
5.666667
2.266667
5.181818
1.000000
1.000000
3.833333
10.000000
1.000000
3.800000
1.000000
6.964286
1.666667
3.933333
1.000000
5.300000
1.000000
1.000000
1.000000
1.000000
13.500000
1.000000
5.000000
2.000000
3.000000
2.400000
1.333333
2.666667
1.000000
4.333333
2.000000
1.333333
16.000000
2.833333
16.000000
14.000000
7.166667
2.000000
3.800000
2.333333
1.000000
1.000000
3.466667
4.900000
1.000000
1.000000
6.238095
3.800000
4.000000
5.166667
1.000000
1.000000
4.333333
14.100000
1.000000
2.692308
2.666667
5.166667
1.000000
6.560606
12.000000
2.333333
3.968421
1.000000
11.666667
2.136364
1.300000
2.800000
1.666667
1.000000
1.000000
1.200000
20.000000
3.142857
5.000000
1.000000
5.600000
5.133333
4.514286
1.166667
1.000000
1.000000
7.000000
1.000000
2.000000
6.021978
2.000000
1.000000
9.340659
81.000000
1.666667
2.000000
19.000000
1.523810
4.000000
2.333333
2.000000
1.666667
2.066667
2.688889
6.000000
3.600000
3.558442
1.000000
30.000000
1.000000
10.952381
1.666667
1.000000
6.611111
6.750000
3.388889
7.984848
6.204678
4.087912
9.644928
1.047619
1.000000
8.200000
1.000000
1.000000
25.000000
2.200000
3.000000
2.909091
1.666667
1.357143
3.000000
2.945455
3.800000
3.714286
3.733333
2.868132
1.000000
5.100000
52.000000
5.000000
1.000000
7.257143
2.000000
6.833333
4.500000
1.333333
1.000000
4.000000
1.000000
22.266667
1.000000
1.000000
3.333333
2.000000
9.000000
10.000000
2.602564
3.000000
68.000000
9.666667
4.000000
2.333333
1.000000
11.904762
4.079051
67.000000
2.000000
19.000000
1.000000
4.666667
2.712121
15.000000
4.279412
1.666667
2.666667
1.000000
3.500000
4.100000
4.690909
1.000000
1.000000
3.000000
4.549451
10.500000
4.000000
5.000000
4.743590
2.138889
6.333333
8.428571
3.142857
2.933333
4.066667
6.541667
2.909091
4.757353
7.469697
6.058480
3.945455
2.311111
3.890909
7.791667
2.846154
1.824176
2.704762
3.036842
6.109091
4.425000
3.410256
2.327273
4.190476
6.782051
1.596491
5.800000
12.218182
4.177778
4.794872
7.208333
4.577778
7.472222
17.194444
6.102564
1.378788
11.254545
2.614379
1.828571
10.066667
2.134503
5.390476
5.227941
1.250000
1.027778
3.000000
8.879121
1.266667
1.833333
3.200000
3.533333
1.000000
4.333333
1.100000
8.333333
3.333333
5.000000
1.166667
3.952381
2.666667
4.000000
1.714286
1.666667
1.200000
3.000000
9.769231
9.666667
6.821429
3.956044
1.000000
4.155556
3.833333
8.111111
5.305556
4.952381
1.000000
1.000000
1.000000
2.277778
6.641026
5.388889
1.000000
1.000000
2.466667
2.333333
4.000000
25.000000
6.000000
4.285714
1.200000
5.000000
3.036364
7.071429
3.000000
2.000000
2.333333
20.000000
3.606061
5.166667
9.100000
1.000000
1.000000
8.000000
9.000000
1.757576
4.153846
2.333333
3.394737
9.416667
6.095238
3.900000
2.166667
2.666667
1.000000
3.066667
5.700000
5.722222
2.500000
10.666667
6.666667
3.500000
0.000000
3.900000
13.600000
10.333333
6.600000
3.649351
3.933333
2.000000
2.925000
1.535714
2.000000
5.000000
1.166667
1.000000
3.000000
1.166667
7.560606
3.666667
2.583333
12.300000
2.000000
12.300000
3.714286
2.000000
4.000000
6.186813
3.409091
1.000000
2.333333
7.323810
12.825000
2.000000
1.333333
1.000000
1.178571
1.200000
4.740260
1.000000
2.244444
5.666667
4.616667
3.577778
1.100000
1.000000
9.000000
3.480432
3.618234
1.200000
16.400000
3.807692
3.666667
1.000000
1.200000
5.142857
1.733333
1.000000
4.602564
2.777778
3.000000
6.333333
1.000000
3.000000
1.000000
3.000000
7.228758
3.043956
3.000000
1.464286
1.000000
7.225000
5.904762
2.000000
11.088889
8.022222
1.833333
8.000000
1.000000
1.000000
2.533333
2.000000
4.000000
1.000000
2.000000
1.000000
1.600000
2.500000
2.000000
1.000000
9.264069
4.600000
9.352941
2.333333
1.333333
2.000000
1.000000
4.609524
3.985294
8.476190
4.200000
1.000000
2.422222
3.392857
3.491228
4.533333
1.500000
4.333333
2.000000
4.833333
1.619048
9.166667
2.000000
4.133333
6.809524
1.000000
1.000000
2.238095
28.333333
2.333333
2.000000
18.000000
3.102564
1.000000
22.500000
4.309942
8.250000
1.000000
8.000000
1.000000
4.000000
2.000000
2.000000
1.000000
1.000000
2.000000
4.700000
8.525641
1.500000
3.000000
2.666667
1.285714
4.333333
3.133333
7.666667
1.333333
2.200000
1.000000
3.107143
1.000000
1.690909
4.666667
8.666667
4.800000
2.000000
4.975000
5.428571
2.000000
4.000000
16.500000
2.455882
16.933333
1.000000
2.636364
1.866667
8.857143
2.987179
3.000000
1.000000
1.000000
1.000000
4.666667
1.000000
6.133333
1.000000
2.000000
1.333333
4.166667
1.857143
4.509091
2.466667
2.000000
1.200000
1.833333
1.000000
9.000000
2.500000
7.171429
1.000000
3.140351
1.066667
1.166667
3.307692
1.000000
6.100000
4.833333
1.333333
1.333333
1.000000
1.000000
8.600000
10.000000
5.813187
1.688889
5.785714
9.456140
1.000000
5.000000
2.590643
2.000000
11.000000
2.045455
9.000000
1.000000
5.000000
1.000000
5.900000
2.904762
1.666667
2.000000
1.000000
1.000000
3.642857
4.282051
1.166667
5.666667
3.388889
1.000000
1.600000
5.000000
8.500000
3.555556
3.000000
1.333333
1.428571
1.000000
7.857143
3.422222
5.861111
2.666667
3.166667
14.000000
7.030303
2.500000
9.400000
1.000000
1.466667
2.000000
1.000000
6.900000
9.000000
6.333333
5.214286
1.000000
1.333333
5.733333
1.333333
1.000000
2.333333
2.000000
1.000000
1.000000
1.000000
1.333333
1.000000
1.500000
1.700000
1.000000
3.142857
7.666667
4.166667
1.200000
6.666667
1.200000
1.000000
1.100000
8.600000
1.400000
