0,1,2
3,4
5,6
7,8,9
10,11
12,13
14,15
16,1,17
18,19
20,21,22
23,19
24,25,26
27,28
29,30
31,32
33,34
35,36
2,5
37,38
39,40,41
42,43
44,45
46,47,48
49,50
14,51
52,53
0,54
55,56,57,58,59
60,61
62,63
64,65
66,67
68,69
58,70
3,71
60,72
73,2
74,75
41,76
76,77,78
79,80,81
82,83,84
8,85
86,87
88,89,90
28,91
50,92,93
77,94,95
1,96
76,97
92,98
99,100,83
101,102,0
28,103
104,105
106,107
108,74,109
110,92
31,36,19
20,111
112,113,114
115,1,0
98,48
0,116
117,69
118,97
110,29
119,70,120
74,30
121,82,122
123,99
124,60
23,49,30
125,126
13,55
127,121
128,104,129,32
19,83,130
62,131
132,133
134,36,135
60,136
27,23,137
48,71
138,139
140,52
4,141,98
142,143
58,144
27,145
146,74
141,75
42,129
147,23
148,13
149,48
43,137,48
138,118,110
101,150
104,151
116,118
113,152
153,154
24,146
146,155
15,93
156,157,158
159,111,134
146,28
132,70
56,76
147,160
2,161,134,162
163,164
73,2
117,165
166,167
168,51,123
169,92
170,38,55
152,70
171,172
173,91
174,175
91,38
176,75
118,177
168,98
178,37
47,141,179,180
119,181,140,182
183,184,185
50,186,187
186,6
188,45,189
120,21,59
64,133
25,190,85
191,25
58,152,155
192,64
75,127
193,194
195,196
83,149,121
42,23
82,77
197,198
113,42
125,0,14
122,195,192
199,23
24,200
7,201
201,202
140,118,11
96,58,203
204,172
173,63
173,47
164,7
131,46
86,67,202
157,10
9,127
35,190
10,125
192,120
203,1
12,96
174,185
122,205
206,96,207,204
121,105
208,209
77,210
29,211,212
173,213
32,105,71
197,189
96,112,6
153,214
215,110
36,216
217,157
135,218
122,219
220,221
13,222,223
224,225,15
146,171
194,208
97,78
226,25,227
66,88
109,228
181,218,93
64,229,120
196,230
19,18
155,188,231
141,124
150,63
1,54
111,133
232,40,95
21,59
51,82
209,218
218,101
65,100,139
19,84,198
233,121
158,59
19,234,183
141,99,191
153,117,195
2,118
26,235,163
236,176
55,237
207,80
218,238
239,63
137,203
168,82
123,36
87,240,145
224,134
56,172
204,241
22,66
111,29
68,128
172,242,150,92
243,244
152,245,225
122,131,150
246,239
247,228,33
211,52
214,223,96
74,45,145
237,34
28,75
104,198,28,176
248,249,125
113,25
250,12,0
224,251,225
199,141,243,67
27,252,144
70,253,110
160,113
223,181
204,218
222,193,139
218,7,206,254,181
97,160
110,207
215,70
213,113,139
234,255
55,208
59,88
177,181
27,233
248,256
257,183
258,70
122,70
77,259
162,117
218,206,222
176,53
260,30
31,130
203,163,58
261,231
11,118
40,78,262
23,239
71,150
126,186,1
40,210
63,242,47
108,113
2,263
34,138
60,262
215,96
89,246
121,108
172,100
98,264
96,5,228
192,208
213,217
76,221
118,160
52,256,181
224,90
58,223
171,265
51,87
143,266
153,137,220
123,267
268,269
183,256,177
26,24
72,114,54
234,46,94
266,235
270,69
271,183
272,76,143
56,273
79,153,236
123,18
94,221,179
172,3
69,218
123,75
16,174
87,183
174,204
268,96
162,139
61,122
204,185,0
249,101
122,73
191,42
274,179
213,275
109,77
236,131
132,197
98,146
140,16,90
13,36,22
146,27
258,10
157,52,237,248
165,0
122,41
40,272
91,62
248,224
244,47,179
75,274,110
56,95,173
276,277
198,105
122,239
3,129,152
14,42
234,73
211,111
158,90
224,218
278,279
146,74
24,75
117,58,81
60,94
57,38
269,215,80
102,185
62,232
280,56
56,281
235,96,79
54,38
190,191
282,202,225
173,150
191,42
47,172
273,214
78,48,97
24,28
243,275,41
236,150
82,60
34,230
8,26
131,122
283,114,284
58,203,139
27,106
231,252
274,78
285,25
70,111
266,160,85
59,68
102,160
286,121,281
213,67
47,87
0,51
82,198
93,248
55,107
124,48
102,140,177
11,237,49
237,53,116
189,188
69,70
34,161,196
73,18,233
61,76
219,3
70,132
70,118
128,59,38
54,96
119,109
138,36,30
146,3
30,267
287,288
225,279,70,245
71,33
9,41
88,225
109,33
126,268,193
52,251
27,188
70,192
136,181
164,289
199,290
110,260
15,14,291
8,190
248,175,183
48,63
136,169
252,87,121
23,217,151,37
182,133,175
292,76
138,142
273,48
215,258
213,207
179,72
230,90,211
243,39
7,32,258
293,38
294,269,139
46,265
62,273
187,101
193,295
102,204
125,181
296,83
118,183
174,256
138,111
58,38
137,239
192,142
186,1,14
70,223,208
92,236
111,250
172,56
122,23,191,287
90,182
213,276
144,266
1,225,11
134,246,158,89
143,60,136
12,88
297,144
15,298,98
31,99
299,158
215,170,257
190,44
50,2
100,63
99,188
294,218
300,111
70,269,211,111
38,235,59
31,87,19
104,24,99
74,24
122,150,92
58,80
293,118
188,291
99,103
269,177
52,181
56,264,92
242,147
160,241
122,199,92
233,193
118,174
224,249
201,170
208,215,111
100,265,212
181,48
126,0
188,98
55,90
130,19
276,143
122,124,281
112,24
102,12
213,48
190,105,47
192,201
160,131
211,73
274,89
211,116
174,81,211,258
226,51,58
172,92
73,166,99
203,58
19,28
21,222
150,169,301
231,226
72,12
111,17,72
93,206
118,302
66,118
145,82,2
161,110
193,258
298,289,0
134,163
36,30
59,75
146,127
268,165
234,92
91,239
260,269
217,219
160,172
279,258
45,99
114,34
132,14
276,253,56
96,24
46,60,124
303,55,134
50,113,245,208
176,285
27,123
67,253
182,88
98,304
232,155,272,260
237,7,238
305,203
24,110
306,143
90,72
56,190
295,273,307
43,76
14,134
52,264
69,8
64,16
205,89
243,221
104,108
59,35,133
30,41,180
26,75
237,132
106,233
30,269
108,74,51
171,143
193,279,223,120
197,73
36,38
170,230
32,113,91
161,138
124,304
287,106
253,61
27,47
236,33,4
2,68
165,111,258
77,146
20,285
241,251
148,1
308,19
273,40
298,90
119,2,250
231,221,287
251,186,134
127,198,42
55,54
43,242
242,77
154,141
263,15
283,148,159
193,20,142,207
179,131,40
113,7,116
74,309
44,145
269,135
153,304
28,59,150
297,122
254,79,51
198,67
71,150
140,182,237
90,102
2,29
194,223
179,296,28
259,190,91
213,94,124,205
139,140
193,38,119
0,161
123,233
222,267
263,66,134
245,251
174,225
159,139
265,60
119,118
185,1
145,47
192,21
141,146,231
299,110
208,192,142
110,245
59,222
273,122
33,292
9,198
60,272
289,310,218
49,10
107,120,260
85,27
134,47
266,194,311
123,51,91
77,62,210,276
134,118
1,158
138,258
85,232
235,123
286,98
99,81
139,250
6,228
199,281
69,102,46
309,146
30,117
61,179,98
238,46,70
253,205,147
66,302,245
27,32
160,33,95
234,124
117,36
291,163
64,312,267
147,78
83,149
137,141,47
90,0
117,192
313,266
90,250
201,188
125,253,2
185,0
160,275,314
22,296
204,274
134,196
100,121,31
253,258
28,109
127,295
184,181,218
312,139
24,155
219,122,33
147,298
51,254,27
6,80
12,174
77,104,143
132,193
311,183
258,245
70,132
269,181,292
111,117
40,92,64
297,18
34,258
31,197,51
108,71
76,272
141,33,113
82,304
198,168
55,70
55,230
223,36,142
257,178,270
124,144
41,76
294,125,12
35,111,257
257,119,174
184,125
240,126
70,310
215,201
312,148,282
83,130
92,51
273,94,179,47
98,95,124,205
219,137
103,253
235,222,223
150,123
213,124
52,218,211
144,218
28,191
190,91
99,100
74,177,183
135,260
25,121,144
168,106
1,20
202,153
164,7,206
281,40,262
207,282
148,315,211
50,225
32,145
38,270,243
130,31
295,291
243,136
132,20
159,258
236,301
190,136,189
204,21,201
94,177
104,19,99
299,81
94,29,264
65,49
200,145,27
51,266
102,291
63,71
3,63,47
278,178
118,140
73,225
91,149
81,178,257
155,25,151
138,202
230,17,224
291,218,264
204,283
268,21,117
47,286
109,221
70,279
144,127
172,95
83,9,123
33,76,137,214
11,1
259,182
316,194
0,204
22,35,125
158,57
132,224
240,18
58,142
316,120
292,94
41,76,205
78,232
229,158
18,84
257,258
179,77,234
125,177
298,69
13,122,297
32,196
218,135
60,136
240,141
220,199,301
262,272
248,140
273,33
153,58,192
146,68
151,182,117
64,317,117
150,199,108
93,138
223,192
218,81,192
94,51
54,30
109,274
42,150
61,95
203,93,124
207,183
48,271
184,186
161,201,279
299,157
269,216
0,140
108,33
318,176,198
268,202
138,216
40,262,232
170,216
112,117,11
123,22
256,224
99,145
8,252,18,146
272,78
146,231
5,201
123,67
98,136
218,164,256
139,111,201
85,297
210,41,292
54,211
76,200
243,31,73
28,200,197
211,61
207,17,36
26,314,164
276,146,32
269,133
267,207,193,59,260
231,121,26
273,78,262
202,201,54,55
251,234
16,90
85,297,108
270,81,250
61,40
270,36
189,170
313,95
266,106,84
105,103
91,123
82,200
145,252,8
103,198
114,30
319,257
3,304
252,273,176
92,239
61,45
215,137
155,227
226,80
182,164
215,138
225,14
71,92
64,193,59
173,179
12,90,182
187,124,177
222,223
265,221
139,22
221,243
14,88
203,300
151,42
63,220
139,303
70,201,65
2,90
132,64
232,273
216,201
281,97,85
77,47
270,126,88
193,120
313,188
112,75
14,96
54,22,192
141,112,102
59,279,267
49,57
85,103
177,237,116
96,220
58,2
63,125,80
82,240
165,142,228
94,213,301
132,82
32,166,298
52,12
191,109
120,260
211,202
18,146
161,177
234,60
178,279
203,114
272,94
144,108
182,0,26
4,122
30,70,117
187,204,70
273,281
126,103,136
47,26
232,97
294,263
18,240
123,12,258
221,13,144
246,174
95,141
22,72
22,72
113,181,184
78,173,136
132,223,64
190,44,31
229,29
213,136
73,87
158,250
117,208,303
48,265,108
122,131,244
125,256,294
91,272
26,283
273,265
275,136,273
170,257
83,73
31,108
298,299
146,85,167
186,0,2
83,51
89,88
320,259,73
272,60
105,188,211
134,133
90,123
14,54,224
169,122,236
58,299
263,294,159,218
131,150
203,58
108,74,236
8,24
310,302
123,191
193,146
2,57,215
56,221
11,206,218
270,111
55,59,119
215,135
78,262
117,202,111
10,11
202,110
200,198
277,146,233
42,160
86,188
22,132,64,193
125,175
5,297
2,138
258,102
169,272
154,217
260,21,139
139,202
162,55,223
84,203
255,173
24,310,111
82,93
198,285
167,0
241,62
181,118
6,40,120
253,62,78
86,231,45
153,292,46,78
73,188
215,196,30
44,179
49,27
225,218
206,89
266,189,73
159,93
88,157
105,71
284,215
91,19
99,320
6,283
188,99
59,293
275,3,315
260,6
104,167,191,25
270,258
141,121,8,75
131,56,63
53,226
128,164,181,254
48,172
61,94
83,42,98
151,104
198,109
176,8
136,92
71,141
156,48,14
293,58,159
225,44
226,151,106
2,223,157
77,172,253
98,3,28
295,41
313,99
123,31
146,121
30,203
254,52
134,209
188,28,240
121,75
235,216,58
57,118
143,227,226
173,136
13,142
110,225,29
142,57
94,23,78
130,287,73
75,121
235,13
180,210
268,123,240
312,203
159,13
127,25
54,139
255,273
188,152
106,189
110,258,270
89,271,88
71,179
113,45
187,271
215,6
100,226
72,279
14,224
31,106,318
165,201
1,127,208
191,295
262,76
177,49
285,79,233
140,90
96,188
125,49
34,30
44,190
10,49,298
146,144
27,231
92,236
7,289,254
182,12,186
85,92,83
182,0
61,272,292
278,270
116,52
208,13
23,224
113,225
59,268
236,141,47
153,137
27,84
58,157
91,99
163,186
191,105
174,119,246
205,244
130,120
50,229
100,166
233,254,252
93,73,24
285,151
53,57
145,99
83,42
235,2
100,44,32
123,246
230,257
113,28
140,302
60,136
166,287,73
170,21,58
87,99
102,279
100,42
123,9
139,117,111
223,279
283,81,170,38
240,146
38,284
147,211
253,71
83,105
95,41
181,66
202,201
240,144
110,216
227,109,220
96,230
150,26
94,275
141,98
23,179
185,118
110,279
9,88,239
150,122,43
92,205,98
269,235
162,54
251,126
132,110
99,158
218,121,125
211,206,113,66
14,28
85,25,75
243,67
310,134,251,90
54,162,192
63,71
321,240
43,277
90,49,197
74,146
150,48,95
234,220
256,164,69
210,160
44,171
147,136
285,92
139,303
194,260
263,148
13,117
108,113,190
87,51
268,120
7,279
72,36,201,110
195,157
121,26
139,120
83,87
108,157,23
93,142
25,297
22,64
201,223,317
28,180,75,122
225,14,187,102
51,98
98,304,46
246,235
85,75,129
119,145,61
197,19,252
191,99
94,243,136
47,23
127,136
166,9
242,153
93,66,225
218,256
1,2,90
56,23
22,192
64,270
145,82
126,125
188,40
215,38
102,90
2,174,224,250
164,89
117,139
134,26
113,18,266
240,145
259,266
169,273
98,47
195,204
9,74
135,37
33,71
149,109
105,225
137,48
48,43
91,272
223,268,36
177,80
51,146
136,243
279,312
285,18
281,232
168,298,79
243,149
293,245,226
58,235,2
204,246
113,198
220,239
315,41,173
172,137
130,26
101,174
188,45,18
78,46
19,94
37,293
70,282
124,213
124,265,136
204,14,271
23,219,304
165,142
77,210
239,221
18,84,240
218,128,164
76,210
275,213
265,97,179
207,270
63,3,48
2,269
43,106
46,63
117,160
263,57
127,75,8
0,225,297
181,218
246,90
123,104
110,161,58
80,224
80,20
27,70,196
57,262
177,117
147,136
260,202,1
45,238,183
94,243,77
163,299,80
41,201,79
144,146,167,106
218,113
217,182
42,24
144,74,198
51,252
192,303
103,104
190,48,116
123,108
85,243
6,54
96,37
102,274
31,240
226,91
34,161
54,88
33,154
143,253
131,150
142,96,88
228,176
146,28
113,209,248
157,118
152,299,13
42,259
142,11
34,228,6,138,161
59,182
157,185,192
198,107
32,106
11,209,49
26,113
42,122,221
252,73
32,233
122,301
42,306
169,92
42,8
237,111
186,291,251
231,146
159,251
124,98,48
208,150
252,87,109
203,225
109,112
104,55,88
241,225
1,277
27,51
71,173
71,122
237,294,12
201,268
183,142
205,190
174,182
27,44
109,85,306
83,27
310,57,157
12,186
146,3
194,160,2
91,147
295,87
90,114
92,217
17,185,0
13,19,182
19,130
208,35,196
179,122
136,173,97
50,14
27,295
147,62,77
20,138,120,139
177,57,128
117,194
164,211
13,193
110,279
0,102
58,2
34,229,30,292
46,23
194,296
103,76,57
27,84
120,8
1,14
123,19,87
299,13,6
241,229
35,279
168,233
175,310
234,111,57
318,200,28
82,87,168
218,118,140
68,2,174
42,109,198
99,240
2,235,128
151,24,146
102,233
44,171
252,235
143,75,42
49,177
31,172
99,44
63,167
268,54
3,149,180
174,136
296,18
17,90
113,116,218
182,224
237,153
185,88
99,77
62,137
179,266
28,71,122
98,180,47
27,32,254,199
18,139
78,39
103,176,74
254,22
26,146
185,204
180,137,47,63
76,205
230,130
11,181,175
37,142,266
120,22,316
265,62,213,276
75,32
36,111
215,270
223,22
296,69
88,174
47,72
123,189
2,118
266,188
242,122
29,258,319,126
182,174
105,151
188,272
139,297,18,236
309,108
43,274
87,309,254
94,281
92,220,273
257,11,80
279,18
276,40
65,96
180,164
258,208,117
88,166,206,285
161,159
26,288
204,278
94,153
88,263,251
22,35
13,316
174,201
183,176
146,108,19
280,171,45,25
258,159,36
58,165
221,261,201
62,262,253
215,123
241,59
40,92
240,97
170,172,178,146
232,276
260,72,207
18,130
85,113,266
135,215
283,179,103
141,266
86,257
224,204
61,19,253
242,92
187,117,156
99,188,44
97,61
262,61
163,126
275,97
148,30,29
130,164
10,66,11
101,68
217,113
36,239
58,178
279,208
200,286,76
176,123,91
258,270
169,92
285,146,24,127
208,59
125,66
43,92
309,176
144,301
164,184
179,244
266,136,77
150,131
49,271
257,114
153,63
173,272
102,218
246,134
44,99
257,69,20
110,58
159,21,207
194,111,222
194,159
149,131,180
154,46
71,137,150
147,77
19,61
103,194
193,138
212,132
23,244
140,161
22,20
158,270
30,96
163,250
63,154,98
248,64
153,48
190,27
192,317,70
192,70
172,114
225,12
47,99,129
35,274
91,239,199
307,218
164,219
225,245,237
21,59,260
6,96
243,26
192,258
169,77,261
20,88
240,26,188
300,14
130,90,94
53,0
315,301
45,47,188
146,279
137,47
266,175
105,103
193,194,20,207
43,149,23
269,174
20,72
70,84,54,224
207,279,138
157,195
78,275,62
146,56
8,191
180,135
240,54,177
280,94,71
73,83
48,73
29,282,110
274,15,246
236,26
96,70
111,70
254,164
151,146
205,262,41
235,34,300
118,250,184
125,186
123,212
141,182,58
94,95
163,270
76,131,272
176,198
168,172
245,15
48,149
240,143
46,48
264,216
127,146
87,287
73,291
106,236
263,118
240,235
19,32
94,147,213
193,123,213
271,174
290,223
41,224,271
82,3
207,80
248,174
194,59
5,223,138,257
3,242
322,31,252
211,125
54,70,257,21
221,141,86
242,53
49,0
198,313
108,103,19
38,186
79,123
298,294
28,109
240,144
295,113,105
108,63
10,178,263
59,158
161,64,215
104,42
218,134,249
145,100,87
38,21
25,70
296,205,108
73,212
103,24
99,190,145
283,141
121,155,79
202,20
12,90
70,59
70,303,202
199,236,92,179
42,121,24
147,179,262
270,110
242,87
60,154
83,285,190
117,222,111
259,99
239,136
132,202
169,153
315,122
22,282,258
85,172
118,93
38,283,135
100,171,87
59,105
211,69,164
303,187,132
62,47
314,254,176
157,96
172,79,168
46,47
150,173
11,15
194,164,0
2,183
38,116
108,47
146,205
194,12
43,141
167,88
59,96,192
109,273
223,55
31,48
133,236
223,152
266,47
144,190
61,109
136,62
191,146
299,110,58
14,90
157,218
288,232
20,192,36
11,54
304,110,192
238,171
52,59
292,32,8
323,49,246,53
146,54
75,108
90,181
61,179,172
241,308
279,260
166,252
143,299,117
114,110
51,266
136,33
225,119
1,152
137,81
218,264
24,181,116
155,99
36,161,159
103,163,184
113,254
233,111
301,33,98
105,123
240,188
111,70
236,263,223
103,30
42,176
186,90
99,44
258,270
184,264,33
243,94
261,297
36,170
271,119
31,14,146
18,12
313,26
116,113,254
12,312,236
270,111
321,127,121
116,181
203,241
8,227
109,143
118,298
191,28
93,223
121,240,48
34,163
70,223,208
99,246,146
190,113
87,166
12,224
215,257
76,262,253
279,70
180,120,169
141,291
236,71
33,28
92,276
124,285,213,287
228,230
260,64
142,117
221,61
174,157,66
151,91
51,191,84
127,75,121,146
175,287
218,206,251
70,312
30,38
254,100
124,273
155,306
36,1,196
283,135
105,86
75,3
266,118
135,258,283
34,5
168,100
2,126
184,164,181
32,188,45
257,201
125,185,68
260,132,194
270,284,159
262,122
38,80
90,224,125,17
286,63,3
191,108,198
193,34
107,2,217
217,228
181,113
205,76
228,36
139,64,54
77,137,46
22,132
200,171
240,140
128,238
157,248
61,147
247,98
201,126
180,296
221,160
269,96
32,19
273,210
98,242
85,121
51,262
240,261
26,155
281,173,220
33,199
97,40
237,298
237,278,6
12,70
105,26
240,25
172,245
126,294,90,224
259,44
92,67,273
212,27,51
187,274
29,268
240,45,51
98,304
149,233
128,158
119,251,101
95,9
118,164
3,232
243,219,94
297,36,130
66,208
102,175
27,75
310,49
239,136
32,62,188
47,276
136,276,124,62
11,93,157
117,162
83,191
304,137
227,87
49,197
146,42
201,70,270
67,205
157,237
242,97
257,215
291,90,241
91,171
203,192
44,191
136,160
237,7
46,276
254,181
114,110,270
94,19,105
216,118
179,301
47,304,172,3
132,64
138,135
21,224
233,18
66,90,298
52,114
274,263,75
268,22
87,145
140,157
76,61
285,176
92,301,127
239,94
1,85
293,116,70
211,164,264
47,22
228,15
26,151,105
166,246
270,312
165,146
109,42
150,94,316
178,236
72,269
113,127,129
285,8
113,190
2,194,59
96,196
31,87
195,0
23,24
54,117
13,26
211,111
199,150
192,201
141,92,234
194,121,18,104
41,77,253
201,117
116,182
66,215,142
226,296
85,90,139
256,211
232,41
178,58
144,28
106,28
116,2
82,17
21,120,260
15,99
84,145
261,46
59,55
207,70
147,76
152,142
51,28,74
208,69
73,32
23,236,273
28,44
221,61,40
136,179
135,165
150,141
146,83,124
84,123
279,194
165,72,36
112,92
218,134,250
204,7
271,250
59,194
121,105
78,232
113,109
117,223
221,160,243
104,141
178,34
188,106,296
90,93,110
245,134
126,90,311
261,242
285,75
117,192
24,75,113
23,48
192,70
61,275,283
322,76
204,274,88
90,193,196,185
113,70
79,141
165,258
254,113,253
118,183
198,121
118,175
304,241,129
80,2,228
236,315
92,40
142,117,70
36,282
82,31
52,12
140,298
91,75,27
38,16
1,144
266,110
140,302,118
302,186,134
208,152,38
106,296
283,258,170
197,91
218,10,256
117,260
102,134
204,119
225,215
125,237
84,168
157,93
159,258
239,213
32,166,189
256,30
29,225,91,13
175,11
28,265
240,9
50,101
111,298
258,70
275,239
224,55
172,183
110,142
98,314
8,26,9
26,146,266,188
172,46,63
20,108
295,91
312,64
18,188
139,223
155,117,160
13,133,202
313,103
95,143
76,122,149
313,42,112
316,118
16,250
44,19,171
223,72
177,274
99,281
202,64
279,207,165
132,196
34,106,21
67,273
239,33
96,163
140,218
157,63,180
31,19
180,149
210,61,205
193,132
120,260,72,279
31,189
140,225
19,82
274,110
138,293
309,51
224,186
207,165
110,37,152
314,61
262,97
185,191,117
310,2
72,208
294,209
146,73
196,170
64,21
233,100,259,87
92,243,146
125,230
293,216
27,163
123,106
5,70,139,21
59,116,107
84,194,193
204,21,69
297,98
140,189
123,83,87
111,270
252,168
238,310
178,267
70,193,98
116,298,164
99,31,42
62,158
143,313
237,32,106
179,173,71
125,225,65
209,70
194,38
32,155
64,194
36,181
122,199
192,72
291,249
105,146
40,63
293,80
38,71
1,68
145,129
31,18,87
64,120
273,127
200,109,129
6,96
49,229
83,252
165,70
9,253
285,109
113,31
174,12
251,229
275,56
22,107
269,117
266,188
117,111,21
238,218,211
205,40
43,169
281,276
265,227
1,11,88
90,83
91,99
260,120
72,30,13
273,77
79,8
17,5
268,90,2
221,76
129,75
19,136
208,283,282
158,270
211,74,118
22,165
164,52,218
261,297
188,111
235,30
272,280
167,259
258,6,30,117
79,143
9,295
253,56
250,206,203
226,104
129,19
96,29
296,121
176,92
83,32
40,262
82,79
132,316
237,49,274
4,240
1,15
162,127
102,139,240
2,52
249,3
8,110
173,136
208,165,152
98,46
120,29
132,109
311,224
123,168
178,106
102,251,302
211,109,98
42,32
146,18
59,132,111
58,29
258,201
51,40
258,268
151,25
185,182
235,215
166,40,26
28,144
218,181
121,127
56,60
169,233
48,60,286
285,76
144,145
246,215
265,243,124
77,315
313,72
66,218
258,16
273,94
259,32
176,191
139,223,142
154,3
59,207
12,119,16
23,261
207,110,208
179,82,290
185,107,13,205
46,236
243,160
94,292,92
304,301,179
200,91
6,214,170
258,207
155,85
179,92
255,77
158,126
96,235
242,40
101,50,185
9,190
97,124
54,65
283,258
310,15
265,77
139,225
9,45
191,112,42
24,97
234,253,265
171,143
17,46
139,13,186
205,61,40
31,109
45,166,188,31
61,94,77
63,210
207,13,72
110,6
13,25
2,126
117,267
124,160
257,298
23,46
183,237
82,254
118,14
58,270
188,51,113
15,166,252
217,36
179,169
136,272
38,107
105,112,87
41,136,273
145,45
321,261
279,35
13,65
237,32
245,225
70,152
173,95,94
214,240
256,126
276,273
217,103,95
309,296
22,167
246,182
44,188
73,83,51
27,9
164,290
123,144,32
153,98
156,224
273,304
152,119,34
283,223
24,159
142,180
87,259
268,179
271,250
117,35,229
225,1,185
6,269
160,253,273,265
182,245
18,51
120,72
215,38
262,160
15,140
78,205
111,142
206,298
106,227,42
79,146,231
159,312,203
262,98,144
251,319
278,250,121,148
67,292
56,95
117,111
242,21
308,125
241,21
191,112
13,257,72
212,259
58,251
194,240,174
93,218
111,158
280,33,48,76
23,275
54,111
139,21,111
224,0
297,179
18,146
306,28
113,91
173,163,172
167,102
181,183,118
196,215
125,256,11
258,36
103,52,59
66,218,211
96,34
153,43
160,190
63,48
322,56
193,207
91,211
50,156
188,144
279,72
167,55
19,144
73,189
139,165
199,92
275,77
35,201
48,244
138,54,193
206,59,157
75,265,252
129,170
174,307
220,54
189,287
233,123
237,10
173,217
205,105,92
71,315
240,59,115
56,199
298,0,54
168,83
50,110,111
258,218
118,218,116
132,64
92,100
213,214
240,118
251,94
263,294
47,110
207,64
15,126,2
200,322
17,113
195,69
308,195
142,303
146,92
109,198,167,108
215,30
98,31
218,116,164
59,35
123,100
83,112
194,59,316
167,8
25,118,3
220,82
22,34,1
117,160,101
201,11
227,42
211,206
139,157
145,137
306,109
105,159
304,165,46
3,89,218
109,200
279,101
197,181
130,73,154
274,178
72,6,86
6,42
30,299
177,125
230,36
63,160
248,263
49,106
94,62
296,70,170
203,139
32,105
59,266
155,26,85
193,194,316
309,297,85
15,274,241,251
267,11,102
67,128
71,17
286,151
20,192,107
180,167
99,1
165,193
26,280
56,243,62
2,271,186
234,113
245,181
181,151
155,151,8
5,269,215
30,89,257
283,186
49,294
25,27
312,165
274,69
286,105
66,218
124,273
37,138,178
200,28
271,246
186,15
63,46
129,182,85
273,253
268,72
225,127
192,206
72,305
258,257
298,140,11
233,266
11,49
193,107
28,104,25
204,90
45,117,19
35,16
147,24
121,285,24
36,38
7,213
275,83,240
2,29,30
18,48,11
38,135,230
9,27
42,74
228,6,283
188,144
183,29
161,65
279,158
107,2
284,38
18,130
297,26,295
93,237
32,105
125,120
91,83,100
96,274,257
265,109
142,201
18,252
311,250
191,113
27,42
171,281
299,110
181,211
262,60
286,63
237,134
118,294
97,41
281,62,136,273
59,72
164,121
145,285
174,225
59,132
122,92
90,174
21,96,34
175,99,73
257,107
127,145
89,101,88
162,110
46,141
68,245
55,152
71,113
240,159
300,110,80,2
99,106,241
154,3
13,232
102,193
141,25
218,289
198,143,309
121,144
208,49
270,125,20
7,50
126,68,17
218,113
285,167
261,199,244
88,222
83,113,227
268,13
215,208
75,83,80
223,192
202,18
63,137
81,38,278
250,15,218
70,72,202
65,142
270,258
174,225
260,64
240,18
173,91,109
77,109,233
57,113
202,21,192,222
41,160,46
165,110
31,19
150,18
227,226
207,283
1,70
96,159
70,279
91,11
260,118
36,42
149,59,310
110,269,165
257,150
245,271,88,101
177,203,24
111,120
132,110
269,293,161
8,151
180,25,77
153,249
121,213,24
127,121
92,33
48,185,162
193,83,82
122,131
159,142
23,87,85
208,140,299
201,92
228,140
158,271,246,241
193,111,120
64,260
82,105
55,70
188,145
239,122
96,257
118,2
150,253
123,146
228,90
172,252,259
255,144
182,17,90,250
25,79
186,201
42,8
27,20
113,84
34,37
192,230
203,282,96
54,235
257,30,270
102,251
176,85
174,126
85,176
283,29
223,285
265,173
239,106,261
223,117
85,226
55,302,123
235,170
190,27
120,142
209,125
100,211,130,87
279,90,212
77,301
231,271
221,213
239,92
250,222
92,172,219
30,170
286,62
160,240,113
192,125,65
174,140
218,116
192,117
64,70,260
248,119
131,137
11,218
40,214,60
155,297,24
18,31
14,138
281,273,265
218,206
123,254,188
117,165
29,235
163,250,119,187
187,111,218,2
146,25,86
272,173,47
18,73
243,114
252,75,113
260,96
71,122
158,11
71,179
12,141
199,172,33,304
308,69
233,117
158,206,185
201,36,170
228,235,148
118,184
17,68
262,232
166,272
119,185
7,57
122,42
251,50
123,296
62,46
26,189,292
12,146,104
198,206
89,225
125,194
146,214,244
209,141
234,94
189,123
123,171,73
211,307
212,199,25
316,70
121,103,24
200,108
96,135
58,100,117
238,52,263
115,246
205,160,77,131
21,208
89,184
205,95
79,242
213,94
179,87
279,55,267
71,217
99,19
177,295,296
192,158,80
31,277,144
70,223,165
208,192,70
1,164,204
270,319
78,95
42,196
183,11,110
144,26
123,84
87,151
188,197,123
165,118
260,201
272,136
192,274
286,71
143,108,42
40,221,160
58,245,296
203,138
43,47
125,123
32,27
143,74
30,176
110,75
153,47,180
51,19,87
105,219
45,99
30,55,148
191,77
87,73
70,223
315,122
133,158,157
191,297
186,274
116,0
141,70,119
70,12
110,164,7
248,2,279
288,253
322,39
71,62
63,48
130,73
257,184
52,113,307
51,73
273,234
274,54
130,91,145,32
271,6
58,201
272,92,97
185,59
42,198
13,186,192,70
13,279
195,218
27,82,106
25,284
114,138
63,62
76,112
177,42
195,118
308,140
157,270
231,258
211,195,263
286,148,233
315,96,123
218,237
24,25,42
3,225,99
32,318
298,140
323,47
98,72,41,234
294,271,2
59,174
179,122,141
93,177
118,164,183
6,235
82,233
59,194
94,276
180,113
224,195
213,153
259,92
265,136,77
75,79,144
315,243,281
80,269
291,88
109,104
80,299
49,168,86
127,24
117,282
43,272
225,174
26,24
70,111
207,184
203,270
223,11,245
290,265
18,173,46
110,274,177
109,3,145
4,92,71
61,95
113,208
186,298
121,8
188,198
111,224
265,160
32,197
144,227
43,169,131
116,237
92,71
97,166
90,315
80,88
173,104
15,49,14
100,113,276
260,91,17
28,130,112
296,165,49
136,77
218,324,238
245,163
207,266
295,146
21,13
242,71
239,48,122
234,39
188,87
71,236
143,130,230
159,257
230,282
11,164
213,281
297,32
71,239
260,158,166
83,27
239,63,43,180
179,236,33
135,58
40,272
164,211,197
81,178
146,235
221,94
75,279,17
185,177,52
316,59
307,69,0
59,21
245,238
74,285
4,42,179
69,225
245,88
193,194
180,242,304
188,92
145,78
260,70
294,164
138,80
101,163,263
215,36,283
64,72
215,203
57,298,140
158,102
281,179
294,182,1
174,88
250,90
183,303
95,60
32,19
198,45
133,223
26,154
251,186
201,111,162
132,293,64
71,92,236
233,45,99
163,2
324,237,57
298,140
296,266,318,130
297,200
243,61
164,125
221,73
29,170
111,120
7,225
70,282
96,117
44,28
225,222,195
28,32
205,221
169,301
118,183
0,270,294
29,117
149,33
272,28
88,2
295,92
188,171
259,64
124,169,237
117,45
176,96
40,97
3,122,242
83,84
88,296
70,117
177,102
139,201
281,26,212
42,123,180
281,275
218,298
269,29
225,120
273,122
185,88,241
18,94
238,157
110,270,58
110,36
194,133,174
83,127
208,151
188,87,113
282,69,270
77,262
78,261
4,122
149,48,242
185,38
26,117
125,187
49,66
267,192
176,26
58,196
140,57,310
25,116
142,223
272,150
116,183
240,166,31
113,146
150,315
203,138
274,119
114,38
140,263
265,28,155
11,139,232
119,89,274
250,59
42,108
217,47
159,14
139,50
141,137,174
224,185
298,125
70,203
281,242
81,194,269
111,70
180,77
257,110,218
273,227
153,131
204,225
40,61
130,103,200
230,237
92,71
0,156,186
33,178
160,25
283,235
178,240
91,109,144,197
80,117
52,113
266,287,296
49,137,118
92,91
285,297,220
279,54,235,22
142,89
2,225
62,94
93,157,118
81,230,228
103,1
158,42,118
144,223,271
42,51,87
174,126
125,96,79
160,40,60
208,70
258,114
183,52
127,32,281
109,71,226
206,294
122,92
188,99,113
62,281
213,92
12,68
15,22
308,11
207,81
127,3,190
277,189
273,243,61
169,78
11,211,185
75,9
297,28
301,141
190,51
278,35,300
246,204,50
182,101
143,151
169,46,3,213
67,172
57,258
231,87
42,74
228,89
257,125,110
41,76
10,119
211,11,52
106,141
90,53
226,191,143
222,300
98,67,292
178,257
295,191
96,119,117
139,186
67,28
237,305
110,159
87,318
177,324
162,165,65
56,255,273
267,269,241
75,117
218,113
48,304
252,296,233
224,250,245
78,92,47
48,41
11,143,120
248,246
198,85
186,245
218,134,140
14,88,185
51,112
76,43
125,203
119,16
245,195
31,192
111,233
110,283
175,263
202,192
17,12
257,90
124,3
179,46
110,230
221,47
64,312
126,274
218,14
48,3,286
116,308
145,87
3,63
67,61,276
3,47
97,160,60
213,47
0,125
207,6
279,132
188,51
2,174
59,260
162,2
88,309
86,99
225,90
132,66
239,3
138,196
269,170,36
283,300
38,58,54,6
261,153,33
208,142
26,85
32,42
54,250,138,269
129,108,42
300,235,36
283,257
138,215
323,242
301,286
286,150,220
12,291,0
36,142
235,223,170
310,83
275,232,124
223,117,6,21
121,63
244,197
10,182
268,21
21,117,162
197,19
131,46
92,179
175,117
127,75
17,134,224
295,240
237,187,66,57
285,127
213,124,273
84,19
303,222
172,4
59,161,258
258,207,60
42,109,85
258,215
6,129,46
55,162,208
174,241,185
108,191
191,26,24
28,133
9,32,91
206,66
185,90
40,61
77,265
207,89
188,313
2,215,207
223,20
323,31
171,91
221,262,94
259,282
125,164
52,224
94,301,61
54,117
113,252
167,83
48,241
46,23
46,62
189,237,204
27,106,252
43,98,286,63
208,162
182,12
112,144
55,37,160
23,3
160,97
143,87
98,149,297
151,83,277,198
93,250
189,123,106,91
224,221
153,273
26,180,63
211,310,158
94,77
230,203
177,195
85,229,146
56,292,160
144,125
86,226
51,19,265
158,73
109,61
91,189
230,135,38
15,178
295,163,252
140,302
100,108,87
185,68
294,107,132
177,260
270,92
273,136
78,61
224,2,174
18,167,172,169
273,62
23,47,141
251,163
65,117
297,42
116,52,93
252,44
36,159
244,173
282,58
191,74,108
313,112
185,102,2
60,253
111,201
28,85,318
132,139
302,66,229
271,59
31,98
161,80
125,224
237,52
110,57
233,87
203,258,134,270
177,118
127,85,151
267,90,182
225,257
285,25
110,215,203
129,176,297
263,298,157
193,64
173,244
140,49,237
98,43
69,52
251,109
225,72
228,102
80,29,138
32,85
51,6,193
23,150
277,145,8,106
181,184
278,38
169,236,301,122
192,132,303
185,235,89
203,22
232,280
177,246,311
260,120
23,4,48
126,46
9,51,40
192,268
72,117,293
36,7
95,188
125,1
39,101
225,102
248,245
139,298,144
2,187
159,270,38
113,31
185,134
162,117
44,145,297
164,183,271
35,110,260
264,66,177
227,199
271,250
95,176
1,211
110,194
318,75,121,42
77,62
126,14,185
47,43
254,51,146
142,117
227,24
81,258,138
260,142
195,225
285,87
186,218,194
3,113
184,68,274
145,288
51,188
44,31
217,205,122
180,109
62,273,213
201,222
170,64,269
63,239
181,218
99,87
218,10
190,91
225,88
162,139
106,313
36,119
323,23
68,194
99,58
127,151,319
223,120
136,59
261,122
180,122,239
123,287
143,87
64,12
112,200,318
123,221
279,132
70,109
36,252
146,220
127,8
31,32
266,61
2,218
128,76,140
55,207
245,11
203,80
138,279,230
203,0
66,237
108,52,142
55,203
224,88
164,265,251
59,140
70,142,192
266,239
207,162
144,103,226
35,211
275,94
6,170
89,174,324
182,294,69,195
285,227
116,118,125
167,144
121,32
136,232
103,144
316,117
76,262
249,251
188,91,106
126,14,101,12
172,85,146
205,240
96,234,146
194,185
34,132
228,34
9,19,32
245,125
126,113
23,297
72,240
138,196
262,77
297,24,99
248,184
278,270
237,57
122,153
119,24
188,9
279,175,90
256,258
94,122
199,161
160,272
42,155
273,40
77,322
185,175
117,223,152
184,125
20,55
123,259
177,195
61,172
9,190,295
102,294
113,52
113,187
201,225
315,137
302,238
296,240
139,70,138,215
0,126
52,1
273,236,113
69,128,116
127,226
182,298,128
228,257
59,230,133,65
33,106,233
142,194,30
181,256
227,75,146
153,315,4
117,224
27,32,91
145,19
242,75,245
110,30,34
174,218
94,213
179,122
53,298
6,174,259
30,203
185,58,218
288,123
102,285,164
186,116
160,221,210
189,51
211,57
89,251
19,113
78,253,39,273
171,299,158
46,153
8,130
168,287
322,179,273
74,42
182,126,90
205,62
225,11
256,185,110
122,92
120,146
85,226
76,67,276
269,138
133,193
272,239
175,157
58,38,30
95,97
297,144,109
85,191
286,47,220
217,273
158,14
27,106,252
176,198,104
0,294,126
193,139
134,160
321,42
20,193
308,7
21,71
7,218
33,219
146,227
20,194
153,172,98
223,133
23,323
283,82
263,88
103,188
125,291
7,11
42,281
10,256
150,23
293,150,82
41,292
30,36,228
46,76,322
279,260
36,22
108,287,32
218,178,28
185,102
2,153
112,144
96,203,58
184,218
152,181,28
33,48
184,65
117,70
28,297
226,19,143,9
3,44,219
179,23
215,117,179
121,191
88,158
108,146
217,6
32,100,190,295
58,215,163
166,79
266,51
166,106,145
177,256
167,74,24,144
96,70
227,198
129,234
225,36
88,30,101
283,2
116,164,256
178,293
177,140
223,246,199
102,266
99,87,143
138,30
102,235,237
19,219
60,97
69,271
164,157,177
143,239
200,190
132,174
82,27,84
42,259,26,109
12,116
121,19
141,173
297,122,173
167,313
26,108,27
145,95
82,221
185,134
251,125,232
34,211
36,34
237,11
193,178,142
236,287
185,16
42,136
256,249
108,146,23
76,160
122,98
23,242
20,186,165
283,172,106
42,85
237,183
76,3,47
172,150
48,113,273
19,292
303,207
49,294
256,11
163,156
139,177,204,16
208,260
77,245,78,31
55,279
85,35,125,2
108,85
78,76
52,181,59
282,178
106,143
179,150
109,231
39,213,78
181,218
12,72
139,165,248
198,275
266,233,191
179,94
224,215,282
305,11
58,115
270,178
129,24
95,176
290,122,221
170,215
11,52
226,108,42
164,225
213,232,124
89,274
70,297
160,226
103,142
195,254,10
250,79,72
83,212
9,274
272,60
317,270
83,233,285
299,133
38,11
9,31
83,32
118,196
53,0,185
15,59
8,146,75
76,78
105,176
93,186
24,252,189
117,54
176,11
160,94
184,241
69,264
144,285
116,52,181
66,5
46,23,236
31,130
100,87,113
279,254
19,295,233
245,88
31,10
172,136
293,159,36
10,241
204,71
260,316
159,14,138
203,164,80,114
312,257
207,193,279
317,66
193,206,300
2,207
64,174
278,235
9,295
294,277
137,234
245,246
287,122
163,138
229,206
211,203
203,192
269,30,211
20,64
64,70
11,260
251,204,119
80,99,135
325,258
71,273
296,254
122,286
145,106
230,258,222
269,58,2
133,119,190
144,5
258,100,48
11,317
258,125,13
273,63
121,143,104
303,194
237,134
73,217
203,212
295,27,42
225,119
186,185
149,94,154
54,96
141,131,179
251,271
89,185
113,26,272
61,3
117,17
142,117
91,106
133,70,152
57,209
24,167,74
4,48
258,153,90
47,146
59,35,122
9,121,181
147,36,7
144,8,127
162,54
160,3,265
243,272
88,119
188,92
225,119
50,126,174
129,104
219,118
15,229
180,65,238
279,190
260,279
262,41,154
24,123,240
144,252
260,55,283
58,138
72,180,103
215,64
144,151,8
111,279,54
296,96
142,21
109,295
237,88
146,190,133
21,120
208,201
160,221,290
18,146
56,78,76
183,11
182,101
177,298,218
105,26
55,299
3,32
274,132,271,55
27,297,99
185,12
218,300
157,83,39
162,266
251,136
273,61
236,188
37,110,135
305,73,99,286
174,136
11,218
38,257
129,144
46,163
29,70
26,89
76,205,213
224,174
149,71
156,204
192,152
43,23
128,164
225,218,246,0
23,141
264,235
284,38,293
295,44
259,51
141,71
144,314,10
226,188,190
2,269
159,283
63,207,121
139,54,110
304,104,191
56,166
127,42
305,59
266,24
220,136,160
199,92
87,221
39,76
218,3,36
258,293,114
210,40,71
9,32,99
183,12,14
261,45
126,0
175,11
146,181
293,282
175,11,308
28,19
41,301
178,34
211,53
217,110,144
122,71
3,122,220
266,242
31,266
131,149
17,0
179,191
191,105
305,14
100,226
204,165
29,196
21,162,55
273,77
123,277
258,114,196
59,192
183,96,173
77,122,179
286,304
262,213
31,266
19,123,167
174,12,16
158,90
80,260,201
78,149
110,224
82,90
49,183,237
190,188
132,24,251
240,117
215,250,159
242,60
105,146,144
50,211
257,58
212,123,44
183,15
262,9
278,138
43,323
272,259,297
70,29
79,8
52,66
52,302,238
26,105
215,220,200
117,35,279
218,101,118
42,85
177,52,164
205,123
32,93,66
99,19
218,257
314,265
43,48
193,139,194
126,131,243,87
48,149
108,301,105
237,17
194,139,70
182,118
185,116,104
228,251
37,228
110,258
193,218,201
167,146
138,37
243,273
90,251,118
125,68
205,160,78
133,222
110,161,30
233,146,86
80,170
83,51,84
170,178
40,94,97
219,129
2,291
294,125
262,94
271,185
102,20
146,144
74,28
230,159,257
205,153
127,146,27
141,219
190,277
300,178,298
250,15
120,193,207
234,272
107,193
303,111
32,259
42,222
66,82,193
271,193
2,184
40,23
51,123
111,303,65
32,99
74,260
152,117
88,243,261
38,58
76,221
179,94
26,215
240,44,121
70,59,22
16,80
78,207
172,27
176,285,231
180,63
310,181
125,268,270
206,53
112,27,188
227,231
41,221
144,74
18,123,287
7,164
175,66
78,232,61
286,315
111,208
57,68
72,303
250,138
118,11
80,282,196
221,40,160
118,206
108,42
10,49
138,36,81
237,258,215
260,208,80
184,116
124,213
220,71
185,181
211,218,256
109,313,74
267,203
148,235
106,145
245,53,68
35,111
173,45
123,82,146,32
201,139,101
1,98
205,221
89,258,236
232,253
109,118,70
80,38,159
54,21,260
140,165,263,208
261,239
54,184
175,274,66
197,123
92,131
51,26
239,47,141
160,4,243
21,54,55,268
38,36
208,101
179,137
106,77
243,280
44,309
174,80,319
219,217,281
51,285
222,55,70
142,192,162,111
70,88,55
77,78,253
178,70
104,240
31,46
281,275
234,92
0,134
70,72
22,133
323,48
42,198
30,80,114
55,162
144,120
86,158
133,184,250
250,125,224
213,234
260,92
83,79
202,152
73,85
26,75
121,297
21,55,54
131,236
60,314
117,279
2,138
34,202,235
118,195,183
58,235
240,188
286,219,76,172
304,262
195,294
297,309
277,287,27
265,62,234
78,292
136,252,297
3,63
41,40
301,281
58,70
159,102
300,188
177,10
190,254,198
67,179
5,75
37,282
121,188
83,201,156
113,87
179,141
182,185,0
199,210,179
257,51,70
14,256
181,256
205,40
312,260
58,138
285,63
48,149
51,145
33,83
295,240
82,87
111,222
188,123,259
102,169,55
76,262
84,32
123,87
257,201
123,121
223,81
200,52
105,70
121,254,252
63,304
177,310
88,207
176,309
103,295
51,31,254
291,133
264,254
198,24
36,283,29
174,250,274
112,109,295
199,136
242,118
6,246,7
309,141
59,231
143,144,176
218,307,113
83,212
228,235,299
42,43
233,79,75,109
218,183
263,316,139
256,140
121,129
59,15
114,303
251,14,185
31,168,84,99
90,14
240,197
248,118
121,79
123,99
266,190
287,19
213,275
207,120
159,193,59
89,116,115
139,55
212,82
126,8
40,61
88,115
160,95,76
250,186
146,285
228,141
272,136
63,199,226
297,23
207,135
92,244
172,33
54,50
70,249,133
49,174
185,12
295,91
21,64
257,144
43,239
270,283
33,295
30,257,70
13,279,139
146,98,41
103,191,42
11,198
54,194,201
20,157,188,85
252,122
117,192
195,242,121
88,109
67,62
240,45
240,273
105,146
42,227
38,270
203,6
223,76
96,133
91,150
179,141
273,76
285,86
237,228
126,77
48,63
291,101
259,123
123,31,127
120,64
92,295
47,304
109,7,110
43,131
279,120,132
27,296,82
107,55
48,185,57
57,304
1,224,12
99,51
295,240
56,272
170,117
45,172
57,99
109,42,108
5,1
263,7
180,98
139,268
127,227
28,158
98,40
179,48,304
23,217
260,126,111
88,164
43,131,280
286,71
99,141,111
19,99
188,254
165,270
87,266
38,130
172,143
273,243,265
181,174,246
161,30
162,139,54
157,183
118,230
69,192
71,8
85,125
29,230,126
40,160
280,136,265
271,291
71,236
4,99
232,76
61,76
204,7
172,33
95,261
170,38
34,6
208,75
272,92
282,20
248,164,57
130,44
142,152
243,126
269,58,215
47,242,180
191,146,285
110,215
91,295,252
270,80,268
285,167,47
89,225
82,233,109
123,133
195,163,157
92,199
110,80,138
118,211
225,9,12
157,298
254,151
52,14
284,114
160,99,46
216,228
150,169
51,226
260,96
301,8
193,12,15
207,70
225,92
2,88,224
79,284
20,2
287,87,100
36,148,269
33,98
213,136
299,160,197,173
2,174
203,115
176,24
171,27
121,75
215,51,194,98
136,94,213
185,125
45,32
240,121,233
6,283
283,310
38,96
273,48,265
128,52
48,76,199
200,0,197
98,153,63
37,202
184,2,12
164,264
75,44
274,64
155,318
9,44
304,3,98,149
170,38
19,18
44,19
48,46
310,206
239,122
295,287
230,91,315
30,34
260,22
120,138
38,258,54
202,6
225,107,0
310,12,225
83,32
122,152
248,36
101,256
51,285
274,225
229,186,185
89,188
109,94
109,43
266,189
193,36,111
286,179
244,122,315
169,247
198,19
125,11
177,237,157,10
77,67
54,186
286,3,237
120,65
283,270
126,225
59,72
32,145
284,222
70,120
135,70
158,225
237,238
131,239,323
183,23
236,122
86,134,105
278,50,30
205,78,273,62
68,291
14,269
242,64
118,117
75,315,231
218,18
163,250
308,54,1
179,105
23,19
10,233,188
30,22
49,182,89,256
23,292
73,108
166,97,3
259,45
291,14
225,156,14
32,197,259
85,198
82,296,25
0,126
237,308
297,45
280,76
231,28
187,66,158
111,142
159,237
205,71,312
47,113
44,9
177,93
90,182
176,188
136,77
37,196
119,164,185
172,59
221,61
282,138,36
175,263
258,173
64,50,138,75
78,17
126,294
36,170
40,295
84,123
184,174
83,238
90,33,207
89,284,278
88,153
272,160
282,257
165,201,152
232,292
9,91,188
281,136,275
270,256
92,151,219
226,191
318,144
220,4
136,62,272
160,40
141,233,279
126,182
14,274,12
34,270
219,150,315
82,74,46
260,133,118
75,26,8
211,113
198,200,108,318
32,0
198,123,99
225,224,249
207,203
250,229
252,61
324,99
34,159
103,315
82,277
11,277,275
305,201,211,181
290,95,98
93,174
136,62
179,118
16,1
164,174
250,225
166,254
235,195
228,235
266,166
147,265
101,132
146,96,271
7,185,50
217,143,92
51,76
279,86
116,302,69
35,59
170,194
242,261
134,181,20
270,88
125,118,164,248
158,176,89
270,235
323,23
233,19
129,28
71,232
118,126
295,182
123,265
246,164,116
139,15,49
270,96,102
228,173,259
227,23
98,94
18,74,31
188,176,215
169,199
76,262
98,172
262,205,131
323,180
297,214,190
303,200
173,239
284,38,312,258
19,40,145
122,224
199,85
228,257,152
113,256
299,257
81,270,283
108,204
224,182
256,211,206
193,284
204,142,270
283,148,258
116,59
273,124
97,67
47,265
201,139
101,93
44,321
273,77
13,208,139,111
23,122
269,20,81
248,118,237
102,59,55
307,256,164
96,215,138,80
118,195
99,28,44
177,239
240,23,87
242,179
269,30,228
161,17
34,96
70,202
46,141
223,139
49,237
60,67
52,35
211,122
32,124
244,83
237,117
239,173,131
123,87
193,55
230,70
2,125
279,64,65
273,276,47
70,22
272,280
113,101
249,274
212,143,285,176
235,274
28,309
207,215
80,201,260
176,253,196,211
140,14
73,45
190,198,108
136,263
307,164
108,80
282,37,36
31,295
25,103
108,144
259,42
190,24
1,290
2,177
203,34
125,182
283,297
127,121
273,281,77
62,221,276
232,42,111
213,28
133,91
49,238,11
298,211
26,44,87
224,271
117,202
94,56
285,75
218,157
145,45
13,249
218,235
76,61
295,108,253
148,299
51,87
20,22
30,215
192,70
23,48
242,318,33
258,90
10,177
63,48
25,103
20,193,208
180,172,63
26,252
227,304
144,74,189
151,31,105
19,144,217
14,125
225,88,57
139,30,152
292,171,252,240
266,194
33,26
45,113,19
85,121
94,33
102,89,218
15,250
192,72,134
172,23
282,258
82,252
20,177
279,156
102,90
191,296
172,104
132,192
38,312
158,119,174
90,9
113,125,295
141,189,136
37,278,215,203
64,202
179,56
71,74
92,322
172,323
49,34,269
179,173,144
121,54
27,296
21,64,70
158,249
23,71
218,184,164
122,199
90,15
230,59
27,121
57,93,310
104,109
281,273
94,213
36,204,223
70,64
127,8
56,123,189
181,125
294,88
111,246
154,23,153
74,87
109,78
297,103
29,96
123,43
281,210,275
136,94,262
15,139
94,77
241,119
152,223
228,31,292
224,183
126,70
59,274,222
262,102
156,249
225,215
188,115,60
269,175
322,48
195,298
99,176
266,102,283
282,258
193,80
87,51
59,185
12,68
38,28
88,285,123
218,256
0,134
169,150
0,126
201,268
251,134
137,213
71,236
202,21
30,135,230
111,0,298
26,108
136,172
113,264
239,179
202,312
183,118,218
92,47,131
22,307
99,188,266,45
29,134
2,85
128,249
75,121,26
83,164,218
258,228
236,4,33,261
54,59
146,127,191,176
6,215
122,301,244
48,52
59,36
70,54
262,67
281,292
182,0,237,163
243,301,19
238,227,135
49,57,52,310,116
82,266
240,190
107,6,140
77,73
47,192,223
114,138
121,140
127,85
122,92,315
218,211
244,122
109,144,42
273,40
5,305
274,192
275,94
2,82,91
28,146,233
90,250
90,2
113,218
92,199
75,9
132,114
66,52
146,28,26
128,140
122,51,180
75,24
153,137
26,195,185
279,72
156,119
27,82,266
179,56
62,262
178,38,257
264,183
172,266
110,125
231,104,51,113,75
20,216,69
85,28
194,207
230,159,293
204,88
140,10,0
185,30
78,103,189
45,18
7,184
118,310
59,72
18,36
147,187,224
258,14
313,18
58,91,295
164,246
295,106
212,79
265,296
36,38
13,283,70
232,41,61
18,100
194,248
179,219
72,70
123,83
200,25
192,111
188,87
124,131
120,174,67
198,129
74,172,122
153,122
0,279,21,138
275,62,56
120,144
122,219,179
315,56
175,248
264,294
20,194
117,192
0,223
41,39
13,29
303,156
181,110,218
11,164
90,65,324
42,198,28
197,26
70,192,258,297
108,54
123,113
141,273
96,90
151,86,321,25
262,124
211,140
139,239
295,104
191,176
74,18
59,36
33,23,94
36,114,135
23,208,0
274,184,70
159,59
74,176
23,304
123,226,108
56,124
99,321,45
111,6,55
12,260
91,311
215,257
170,58
311,138,139
66,263,52
136,11,106
65,235
138,192
284,38
63,172,98
283,41
66,180
183,30,101
226,42
205,27
103,268
13,11
297,86,83
163,88
12,192
190,19
140,13
27,18
285,131
295,32
165,69
130,7
227,105
313,84,18
134,90,70
261,262
186,250
22,81
162,22
193,70
309,297,85
98,172,46
27,45
47,217
238,206,218
168,73,83
159,34
268,142
138,81,29
39,154
38,119,20
277,147,28
40,62,281
11,69
4,84
224,187
231,121,74
98,40,137
56,285,204
107,177,294
190,167
30,40
276,61
190,254
192,223,117
225,274
113,179
58,133
135,215
123,266
82,297
240,266
240,292,233
152,251,235,192
285,321
84,176
240,313
198,197
65,119
207,64
145,100,45,87
144,42
27,99
70,139
205,292,94
163,162
164,218
137,236
194,107
299,97
132,177
31,38,181,198
47,141
88,185
133,54
125,17
94,24
174,116
120,279
126,144
44,91
185,126
183,164
19,207
74,240
45,191,99
146,232,272
98,254
190,287
48,71,122
42,8
22,139,64
269,192
96,223
150,236
67,136
266,27
145,48
188,240
109,234,259
33,0
11,80
32,44
39,262
316,203
230,44
32,313
237,14,206,12
279,177
141,146
47,23
2,6
102,187
24,236
83,51
316,212
106,71
153,98
138,114
54,114,22
307,15
188,91
211,218
142,65,192
230,8,85,126
269,102
105,145,23
219,85
273,272,276
297,104
46,48
48,141
92,33
11,248,93
153,121
70,132
202,24
271,246,69
146,150
253,221
157,204
141,105
89,117
2,185
170,216,178
121,295
68,118
18,19
242,150,153
110,34
119,92
65,139,208
44,99
252,45
21,59
225,279
36,96
151,143
3,173
90,10
146,61,188
155,231
218,192
217,313
140,229
204,186,183
71,242
160,41
211,12
169,33
148,110,194,6
108,145
113,191
91,191,318,44
173,129
179,315
250,251
159,64
38,139
199,266,108
269,224
45,240
201,194
262,286
88,225
136,94
124,144,75
153,200
199,261,78
145,189,106
190,82,166
104,82
252,296,189,123
116,251
201,260
11,157
251,224
182,186
242,3,62
172,48
105,285
40,219
256,7
106,25
259,252,9
44,113
212,27,123
13,152,72
20,193
281,124
98,180
183,116
12,36
227,171,266
47,153
42,74
192,268
76,272
19,99
7,310,11
76,18
28,252
45,20
98,323,153
111,170
146,26
281,41
75,146
225,31
116,164
179,97
205,41
6,293,270
2,57
96,278
231,321
279,208,20
25,285,105
285,176
168,82
146,8
153,323
141,24
28,109,29
160,210
152,208,117
193,29,50
229,8
1,186
35,269,70
36,81,55
198,176
241,99,135
220,71
8,75
202,6
116,69
24,105
195,118
207,43
211,310
1,121
2,174,128
60,23,3
203,117
139,268
281,323,4
70,59,117
14,138
260,58
138,230
260,201
230,29
283,36
175,90,195
141,103
25,79
218,69
24,99
215,201
5,208
88,204
139,293
65,218,119
289,298
41,160
99,266,113
169,33
41,60
141,23,149
252,109
38,110,80
17,271
308,324
313,104
96,161
109,63,75
202,268
223,59,170
179,226,232
179,48,221
275,253
89,291,245
218,204
112,288
44,99,287
236,0,36
63,94,77
179,3
125,250
42,99
121,146
43,106
146,285,121
298,274
143,295,108
64,55
202,17,274
76,95
59,231
137,265
104,166
233,83
138,125
240,201,33
19,47,151
258,6
217,33,239,160
83,226,113
101,265
130,73,25
77,146
238,183,263
182,185
88,250
123,164
146,50
30,111,269,235
228,138,96
207,83
59,70
114,96,30,70
117,83,47
55,6,267
6,50
99,231
235,324
2,30
46,63,39
118,51,55
213,220
132,282
282,30
2,102
32,295
303,2
25,108
36,208
283,72,36
26,78,252
302,118,140
216,34,258
47,96,245
246,89
87,41,254,191
212,27
282,313
297,8
198,146,85
9,31
173,179
187,225
177,264
100,31
323,60
262,82
260,194
303,93
240,67
133,70,319,303
33,122,92
147,281
225,235
12,158,2
15,134
177,298
182,126,250
281,253
320,62,109
257,258
170,10
136,33
212,309
257,125
239,177
115,116,55
49,248
192,2,196,312
228,152
113,192,163
267,132,279
303,66,111
260,119
61,273
115,89
175,50
207,70
140,237
189,168
265,213
171,94
174,105
316,207,132
223,94,298,16
192,152
195,118,10
263,140,177
283,230
60,153,213,272
7,197
113,127
192,120
23,153
15,251
118,114
70,142
25,252
1,224,17
187,295
73,287,277
123,297
100,99
106,78,104
122,33
76,213
272,292,232
125,186,1
93,118
256,66,53
269,170
51,99
205,232,78
156,98
59,70
218,238,181,10
13,303,193
25,73
289,269
83,90
201,64,181
203,133
112,121
57,298
283,110,134,119
258,143,172
223,55,202
98,92
179,127,266
191,223
146,296
23,71
217,43
204,102
143,221
52,75
301,71
200,19,141
273,78
133,162
275,41,62
227,2
300,270
117,140
99,86
70,180
228,57,117,90
57,237
85,0
245,192
123,129
253,94
103,58
124,52
155,321
121,25,231
232,62
96,114,157
95,240
206,69,211
252,91
18,201,164
287,44
2,26
150,77
134,90
96,174,279
218,181
146,108
138,133
162,164,123
175,177,140
189,27
251,204,119,88
237,53,66
69,181,118
83,266
285,87
118,183
115,125
75,74,104
142,293,215
266,193
109,95
9,44
266,82,190,32
171,32
164,181
200,48
210,313,287
89,240,36
233,188
127,71
15,279
239,137,180
225,7
179,141
105,109,130
36,135
54,270,312
225,139,132
186,174
44,297
139,296,27
250,126,224
72,312
30,22
194,117,260
240,60
211,195
109,166
140,225,88
33,285
165,59
99,108
215,110
119,118,108
91,143
126,66
293,38
94,141
6,135
64,190
36,1
66,164
297,108,123,79
184,20
118,178
87,113
301,250
152,110
235,165
42,157
224,186
139,201,268
248,251,127
98,201,31
251,215,203
269,203,215
128,52
202,65
223,194
225,69
220,92
170,317,251
298,11
47,87
234,77
320,189
180,43,41
268,111,70
21,204,207
172,46
116,235,287
34,139
163,12,225
213,145
294,14
25,121
192,206
87,197,19
32,2
85,198
62,124
199,180
75,176
55,0
159,193
274,245,249
256,251
160,83
99,188
71,217
248,182
115,89
120,68
211,274,116
287,45
177,211
8,146,26
176,106,74
103,144
283,38
79,24
262,298,191,31
82,231
139,202
140,237
114,257
273,154
169,43
140,57,118
88,204
239,225
118,211,294,209
202,139
66,218
231,287
224,70
38,270
30,215
123,106
8,151,86
59,35
100,190
70,111,55
152,267
189,76
102,233
51,295
284,230,258
25,146
182,90
38,29,72
210,43
69,130,14,206
276,122
252,146
214,213
230,114
257,278
71,301,137
140,224
268,21,111
27,82,108
70,59
26,105
292,160,205
147,122
27,260
118,256
124,153
237,30,142
146,221,292
252,108
2,258,20
51,42,219
175,110
252,231,200
211,123
323,273
297,120
22,13,132
323,217
172,294
110,310
160,0
292,167
41,280,322
269,109
95,276
141,154
94,232
96,188
310,90
210,273
72,20,208
170,223,142
194,13
47,92,219
112,151
188,265
49,206
71,217
46,153,205
241,50,15
191,227,271
163,18
277,284,141
295,198
14,93
110,98
274,99
26,150
275,252
38,193,203
310,7,183
245,164
265,147,124
93,140
20,178
293,138,257
49,295
66,218
99,194,125
3,323
28,85
304,23
182,125
262,97
57,248,175
251,158,211
320,19,226
249,2,229
248,50
213,56
294,211
164,181
261,239
140,256
83,123
218,164
82,200,190
136,94,253
6,64,165,148
127,105
20,72,260
21,283
175,11
246,230,99
108,82,75
12,251
239,219
117,37
62,273
185,294,183
83,19
127,227
181,137
236,46
117,21
160,6
312,207
132,202,257
279,59
226,90
198,191
284,139
171,190
167,32
48,3
174,89,229
147,159
192,26,279
211,216
29,80
108,28
116,211
45,9,240
170,30
14,258
59,20,201
2,205,280
21,228,55
34,90
87,197
181,207
38,164
73,24
1,260,174
40,95,97
178,174
46,226,235
266,87,295
9,254
170,299
145,91
85,28
108,173
294,211
34,58
52,6,69
47,182
122,64
99,113,87
160,199
263,111
127,75
120,59,316
120,201
242,180
274,119
287,19
117,218
106,108
36,196
148,215
210,292
113,239
79,73
23,239,131
228,270
51,310
230,113
117,300,36
235,58
125,214
251,258
179,219
292,141,122
23,265,76
105,287,129
245,102,158
100,123
46,74
23,88
172,33,149
295,104
117,59
99,168
313,146,18
99,59,256
153,219
48,87
238,118
297,99
78,77
257,6
112,74,108
4,234
49,218
30,34,38
243,273
0,266
91,277
253,273,62
188,147,28
83,240
99,26
213,60
181,101,211
196,77
208,47,45
184,34,107
263,211,118
269,270
16,300,181
114,104
191,87
308,298
248,270,203
256,102
295,19,100
40,160
208,245
250,90,182
207,268
192,2
230,258,114
192,139
116,128
176,28
89,63
230,38
94,42,153
146,103
125,164,177
278,138
300,6
132,178,120
143,87
191,52
70,223
111,21
198,42
182,30,142
58,228
70,88,134,120
211,125
304,63
125,312,81
238,177
309,121,8
7,177
7,8,31
29,158
180,51
111,61,4
302,118
96,69
123,277,83,296
224,181
221,217
312,235,170
72,132,107
204,201
196,130,142
233,123
21,303,208
25,103
132,208
96,72
52,240
182,294
98,172
284,178
85,99
38,36
40,160
51,150
276,62
125,177,93
52,35,26
56,124
131,190
90,174
315,126,155
176,309
121,169
280,6
87,74
73,189
94,161
133,300
8,318
199,173
287,233,212
77,276
225,43
5,138
227,309,42
225,254
146,42
91,74
301,73
100,144
179,173
36,215,196
114,110,139
107,150
2,128,118
18,277
134,279
40,41,262
106,116,237
252,224
170,258
310,138
155,276
8,113
31,60
175,183
14,96
83,69,122
96,276
62,232,160
213,67
59,81,278
60,85
45,119
52,69
6,317
70,196,164
95,41
167,85
13,117
245,134
95,160
45,31
190,188,78
111,70
111,271
14,88
176,74
235,48
33,239,47
211,279
116,252
293,29,207
23,92,239
110,138,300
92,191
273,62
15,55
159,267
181,172
238,59
83,252,259
64,132,140
118,252,267
100,45
136,77
121,155
51,26
220,244
20,100
77,243
256,121,253
11,13
199,43
281,94,273
177,6
253,309,18
125,185
162,310
224,109,258
313,184
36,139
106,107,289,245
302,126
141,46
90,135
96,49
44,166
102,186,0
30,163,34
66,117
245,88
249,69,274
258,221,178
273,219
47,72
233,18
169,92,315
252,44,197
273,215
9,296
95,292
7,164
15,158
124,46
218,158,57
144,33
277,45
33,48
23,315
42,109
134,89
141,62,103
118,11
31,240
204,90
224,271
131,35,196
87,277
300,6,193
117,70
211,102
73,42,145
110,2,203
192,279
52,116
108,24
2,217
94,47
136,281
55,139
90,119
102,298
289,181,118
51,259
198,32,169
192,104
225,89
43,309
239,92,71
88,271,241
151,70,51
59,120
24,105,146
249,88,186
70,21
64,20
187,218
182,102
27,285
213,85
190,194
185,126,174
207,61
126,120,29
239,273
230,257
51,233,99
46,4,98
1,181
121,51,3
250,311
134,282,164,228
170,256
270,258,6
93,96
96,11
180,82
181,1
105,127,322
73,123,190
173,141,221
38,270
167,176
14,218
144,143,26
59,207
119,257
211,257
216,282
173,62
183,177
138,257,30
36,30,159
160,78
34,30
224,178
172,242
136,62
36,109
234,179,131
259,61
58,118
294,296
41,39
4,3
47,179
106,104,79
253,74,218
82,106
211,45
60,124
183,274,156
146,235
79,113
190,27
68,1
217,172
109,28
257,58,30
224,177,158
102,14
173,220
26,24
2,128,225
133,293
195,218,2
235,298,256
258,196
217,63
65,303
83,45,81
68,11
36,270
269,2,300
251,88
62,213,78
140,116,263,118
3,111
193,72,192,111
31,190
51,295,252
200,143
2,215
270,258
38,193,293
204,158,126
70,90
221,244
72,193
147,253
205,145
225,195
68,229
118,302,238
54,192
100,56
201,194,257
196,258
71,95
123,83
259,104
294,156
219,48,242
271,249
263,93
133,22
1,258
119,132
111,258
129,33
223,111
32,31,19
182,241
273,62,318
240,18,299
138,48,146
120,194
81,266
73,51
234,147,41
293,257
141,108
218,125
225,88,271
231,105
188,240
37,110
233,44
168,73
132,204
223,118
80,193
129,28
266,188
6,160
281,122
77,232,243
40,143,262
48,173
99,100
260,298
322,75
229,271
231,24
150,141,79
92,244
322,94
165,59
111,13
38,6
119,72,163
70,224
15,90,229,225
246,2
287,18
26,151,143
159,263
142,298
183,238
76,40
109,297,79
46,23
236,122
232,213
75,67
149,48
231,123
225,28,104
25,144
99,240
296,106,8
57,11
202,316,222
225,237
1,293
83,82
231,121,42
182,58,133
150,323
150,47
64,59,317
70,192,20
122,62
198,42
287,18
184,225
31,18
133,279
240,31,87
178,50
236,124,150
239,150,97
191,26
146,83,252
55,70
273,150,27
113,262
122,178,253
192,135
64,288
19,99
232,315
282,283
38,159
307,141
126,160
256,163
194,207
199,121,169
54,139
173,172,219
172,21,7
114,270
91,138
28,297,105
113,218
120,251
72,193
271,134
241,183,89
54,260
315,173
207,167
15,2,182
158,203
9,121
275,18,113
186,295,120,266
201,139
277,223,240
6,30
99,192
110,228
296,172
277,197
147,253,94
190,32
181,132,162
158,207,178
63,172
124,147
111,59
57,120
252,200,121
143,204
172,35
87,73,188
108,144,252
51,106
62,147,40
123,130
29,299
133,163
125,90
317,131
80,72,70
126,282
224,186,187
75,99
197,112
191,27,234,239
6,58
81,257
8,106
240,259,122,224
35,5
99,266
2,228
29,181
19,190,45,226
132,59
14,229
220,179,117
258,203
1,53
73,296
2,249,238
74,231
23,325
117,111
58,174
98,48,323
183,310
220,4
85,191
293,38,58,270
215,58
29,170
66,74,252
37,34
138,9,179
236,62
5,312
256,41
246,35
302,211
52,118,218
202,54,165
117,81,215
137,98,122
251,271
42,204,279
98,273,180
6,11
102,156,154,42
188,25,77
137,205,18
23,99,176
179,62
55,11,146
226,87
205,169
87,155
48,79
19,113
129,146
90,274
272,191
237,165,239,57
117,120
213,59,125
315,124,51,292
31,277
58,6
136,41
4,71
275,26
152,83,52
75,25,231
75,99
22,279
116,102,299
232,239
51,318
70,267
213,124,273
225,14
204,174
105,85
324,93
302,52
273,221
109,79
282,36
297,108
208,132
181,249,182
87,237
38,55
111,42
47,236,48
242,3
236,97
231,141,8,144
245,127
140,36,1
90,182
77,41,136
3,153
159,100,174
161,80
146,8
163,113
241,101
155,39
248,2,88
65,5,132,70
224,185
265,272,3
200,24
172,179
119,174,1
185,79,297
64,132,133
139,116
171,252
256,113
92,199
91,221
225,134,101
35,299
195,35,170
40,234
300,194
215,55
55,142,54
304,98
166,146
218,140,211
133,36,177
30,34
100,71
183,237
178,161
125,188,94
71,266
122,3
175,90
267,59,279
140,148,271
121,274
37,133
186,88
254,75
139,117
124,261
273,292
28,116
268,152,20
59,299,279
19,123,240
34,258
51,188
72,29,202
28,155
271,225
269,2
15,88
39,62,95
164,218,116
134,256
160,95
262,273
65,163
239,77
122,71,4,160
186,245
222,70
25,94
91,295
232,56
212,173
141,54
9,45,240
184,283
141,275
257,103,104
78,109
52,211
190,48
100,233
92,169
228,258,283
14,291
224,186,246
251,119
30,17,267
68,89
59,117
111,269
158,211
134,88
223,59
160,99
89,50
224,185
164,174,140
300,140
160,141,136
47,141,23
87,19,83
230,135
233,191
25,253,87
323,247
273,262
252,320,83
236,287
263,11,256
252,200
139,268
119,186
158,205
146,309,99
95,124
72,123
20,182
26,45
176,112
83,32
257,72
276,214
27,23,99
218,142
322,266
24,155
123,221
139,201
91,18
130,188,123
42,9
74,104
69,298
269,312
117,70,111
216,59,38
75,236,105
42,315
9,136
73,297
282,269,148
21,267,211
218,165
41,113
306,188
230,45
126,320
103,176,191
232,26
70,20
117,139
109,121,309
111,202
294,90
169,92
111,59
36,120
113,79
284,15
176,26
0,207
72,8
126,125
105,19
81,30,64
28,108
186,174
247,172,200
104,108
92,91
274,116
221,200
218,256
146,127,190
42,259
239,122
34,110
60,94
96,34
297,129
27,123,160
137,78,160
34,37
118,102
173,273
40,65,108
19,45
9,100,190
263,11,118
294,184
270,130
19,8
245,140,271
29,228,59
225,174
95,261,63
48,23,199
176,297
46,292
266,141
14,90
20,163
229,112
316,165,293
142,201,257
160,144
323,167
123,109,208
119,126
183,69,14
146,75,25
36,178
72,120,260
40,151,99
319,257
225,204
169,239
91,309
174,185,51
29,110
225,237
92,236,179
6,138,36
181,68
141,2
7,211
125,256,302
265,221
207,139
197,116
301,98
207,21,201
58,207
152,279
12,90
32,106
136,273,147
137,180
199,297
192,64
94,322
55,235,230
20,305,35
283,159
259,26
92,141
136,160,292
171,45,130
177,271
178,270
125,270
312,119
226,45
51,240
266,113
319,38
45,9,76
18,51
299,34
269,215
118,139
76,153
127,141
56,57
106,73
26,127
186,158,202
215,269
181,119
2,61
100,91
59,35
208,222
80,6
237,38
168,233,141,94
13,256,36
245,299
245,148,235
262,78
298,260
143,8
230,158
15,182
138,215
259,123
218,185
27,141
297,231
245,58
34,80
272,131,244
110,72,64
143,227
150,172
203,270,111
138,208
75,212,252
199,274
105,141
90,102
105,143,198
309,198
160,76
212,33
172,234
250,251
58,110
59,305
273,186
275,271
79,144
96,165
83,100
179,62
93,146
101,14
229,119
271,241,225
106,233,83
218,246
177,142
136,262,221
116,308
140,116,125
54,192,22
170,258
87,19,190,123
92,61
132,110,279
263,66
117,159
234,160,150
241,80,81
0,15
29,201
283,148
176,230
253,62,255
75,45
144,99
126,184
38,139,123
69,59,1
237,52
252,259
273,243
194,102
9,118
63,239
213,90,214
315,143
96,270
256,224
147,157
77,124,147
38,258
249,229
257,80
269,132
218,116
62,253
298,163
141,66
205,174
111,176
219,315
66,125
225,229
193,158
24,9
294,89
13,159,110
114,283
218,186
55,20
141,92
184,53,237
177,50,250
199,244,33
58,165,91
111,192
323,23
139,70
122,213
194,193
297,42
136,160
47,32
249,14,234
174,126
70,223
113,31
113,45
125,66
240,188
80,81
56,109
239,62
35,223,194,139
15,103
138,223,123
61,122
270,70
298,238,11
24,306
167,75,309
194,96
240,295
205,273
105,227,44
224,157
42,28
90,163
19,201,45
232,23
91,83,168
310,308
119,218,174
287,180,123
295,94
15,89
6,300,110
42,212
33,281
113,160
261,228,109
312,175
180,60
257,225,116
185,126
42,109
243,124
113,256
14,225
297,103
25,111
74,85,42
225,10
46,141
286,273
168,18
218,107
185,116
310,66
90,54
11,10,248
193,70
183,238
32,44
219,71
38,120
87,123
216,258,194
90,70,12,66
201,70
64,230,59
257,293,81
218,124,110
234,275
32,31
224,157
206,128,14
171,259,19
265,77
223,72
86,240
197,208
48,98
130,46
225,72
207,177
54,22
28,310
19,240
295,159
74,141,33,91
207,96
25,44
9,259,83
52,158
122,45
178,36
71,197,109
224,1
208,142,223
170,319
127,130
215,228
141,127
128,198
130,106,87
85,103
20,59
11,125
70,18,0
89,134,108
31,32
235,58,138
144,127
287,234
155,100,266
132,218
113,266
224,72
156,2
286,48
122,179,219
51,43
44,295,143
273,67
285,278,94
75,147,27
311,6
146,137
322,10,241
298,225
148,80
215,117
153,205
172,33,199
274,185,156
165,139,300
48,63,23
179,273
254,100
175,192,223
129,121
12,251,90
23,137
224,105
29,110
186,14,90
208,20
106,73
223,159,6
90,13
57,192
248,177
149,286
44,240
160,163
90,250,186
184,181,218
110,293
221,40
272,287
91,83
134,52
253,150
174,310
256,140,116
1,185,52
178,140
40,76,292
218,142
273,197
117,228
13,257
301,262
191,113,239,242
165,192
237,140
270,72
138,2,278
262,124
248,115
79,226
211,66,164
58,110
27,266
205,76
218,125
36,164
158,2
126,195,186
104,92
112,82,184
82,252
132,134
219,63,67
142,90,30,87
32,129
192,257,125
76,265
207,157
198,231
162,117,90
34,215,30
248,238,207,258
32,224,201
138,257
41,6
162,13,293
226,309
223,215
188,123
12,57
164,128
224,90,126
175,50,177
185,89
51,123
135,11,26
242,252,137
273,247,141
71,286
48,228,45
6,117
207,303,70
77,129,75
124,210
76,40
114,270,293
160,41
238,93
32,31
183,279,49
45,83,224
102,324
246,158
83,296,51
182,12
34,91
134,300
61,92
225,246
79,198
246,118
266,151,228
125,183,211
117,162
88,249
8,32
176,85,28
165,70
82,88
177,140
186,6
130,294
83,259
257,114
42,297,109
234,82
281,101
227,51
213,136
53,2
51,287
159,274
281,63
60,41
221,140
219,43,301
85,127
30,36
72,20
25,177
56,146
159,132
92,71
241,90
193,128
271,14
220,149,47
233,19,73
259,296
225,246
230,258,282
250,249
127,160
94,3
185,311
283,227
138,230
138,6,235,96,58
121,197
303,70,5,54
70,196
271,115
19,113,108
318,124
45,21,8,229
119,303,138
238,72
61,205
234,95
37,58
223,187
100,90
181,103
83,98
90,126
133,72,59
296,106
240,75
157,193
73,87
2,141
118,235
23,78,95
223,216,111
27,207
174,1
129,297
218,31
87,164,29
82,146
260,201,70,192
183,223
218,177
226,100,19
294,271
139,245
17,224
6,61
18,27
175,119
70,52
109,28,112
56,141
70,133,194
120,201,72
69,52
103,127
273,77
99,45
49,164
28,146
45,240
257,221
108,259
266,123,106
55,139,246
97,51,275
125,185
157,174,132
237,80
28,297
237,3
204,246,101
167,277
70,192,303
284,203
122,239,220
64,90,162
146,42
228,122,31
157,126
272,221
217,219
299,81,278
32,130
173,47,236
11,18
144,113
1,207,197
19,188
36,117
40,213
172,48
120,55,223
51,1
309,143
292,262
147,262,94
58,90
70,74
179,63
18,82,32
225,90
246,185
234,281
188,266
34,260
144,73,129
173,3
111,156
97,60,85
98,23
64,267
119,139
237,238
24,121
33,219
252,144
182,164
222,111
165,279,193
63,242,19
181,45
36,279
207,5,57
77,124
231,146,24
124,62
2,174
87,100,171
126,102,125
215,111
225,164
27,166
132,29
188,318
20,120,22
122,221
223,303
93,218
274,2
237,151
36,282
165,158
111,194
220,2,55
64,193,5
202,139
159,218
125,207,203
158,249
286,33,48
285,109
213,94
231,31
22,21
272,78,172
0,50
172,63
207,13
243,14
182,2,16
238,300,216,178
143,202
156,83
189,243
266,90,177
208,181
224,96
23,253
131,77
113,106
24,214
96,236,110
252,313
151,24,28
171,287,186
83,73
237,174
227,144
138,36,170
50,186,102
211,224
55,215
132,202
51,73
78,221
223,260
76,292
214,255
76,77,273
108,176,103
292,263
32,91
239,28,154
170,89
151,32
165,177
224,0,12
127,75
19,72
28,42
140,195
161,117
180,252,64
294,120
137,47,48
0,11
85,144
63,276
96,114
27,252
48,210,78
88,271
274,79
127,31
281,70
216,156
197,56
150,219
321,226
282,36,58
223,55,193
230,159
2,1
30,206
51,253
273,276,78
284,187
315,149
236,3
63,24
85,19,99
49,175
45,99,252
28,27
116,118
67,24
52,113,218
114,117
0,224
64,240
258,125
251,225
50,185
233,108
187,126
140,310,118
70,27
71,92
141,149,304
126,90
236,261,243
46,48
14,174,116
317,252
108,74,42
192,58
183,58,142
302,224
215,90
1,21
135,36
121,83
52,116
6,178
98,23,61
111,117
296,162,57
85,127,79
19,124
191,200
252,83
287,189
26,42
270,159
55,207
237,127,109
23,179
34,139
243,253
230,270
93,308
324,274
201,111
240,127
44,32
18,146
56,61
18,73,189,252
260,123
87,197
96,52,270
70,260,208
77,179
144,26
2,157,11
90,248
239,188
286,73,212
122,173,141
88,158
195,7
118,0
129,120,186
46,286
28,233,315
32,27,91
108,104
169,61,179,4
33,77,122
36,175
67,56
292,76
153,325
36,178
30,135,38
50,271,158
168,197
202,156,64
70,111
20,69,139
224,23
120,208
118,116,263
292,19
34,110
243,288
199,27,295
324,112,260
189,103
146,181,135
146,104
31,24
38,223
48,98
278,138
206,117
206,142
2,110,186,268
82,75
208,161
82,48
246,271
173,110
69,218
42,252
40,78
264,177,237,140
159,88
230,31
70,15
295,259,130
266,233
194,54
127,176
214,3
30,6
42,109,44
264,285
41,214
75,24
125,294
90,183
325,116
180,239,173
45,176,104
271,68
122,261
176,28
36,18
144,8
232,221,40
21,224,111,109
262,136
199,301,33
127,75
131,71,261
16,182,1
112,121
29,59
41,167
251,188
49,237
1,8
258,138
3,286
88,101
2,274,126
26,173
137,78
230,0
122,103
128,113,7
316,245
82,13
312,230
170,283
16,140
316,13
115,100,99
44,103
165,89,218
158,224
64,305
287,32,123
117,268,303
118,116
117,270
107,22
225,187
27,126
157,164
122,56
253,91
196,319
193,70
188,226
89,174
14,233
214,153,179
88,49
313,51
225,90,17
266,75
128,0,156
285,19,129
173,169
26,146
180,48,199
16,246
246,153,23,132
58,203
43,185
62,61
296,266
153,244
188,315
324,66,49
299,29
130,129
60,121
47,272
174,78
145,233,173
301,43
182,209,144
203,235
214,4
26,24
108,252,113
160,41
51,138
78,262
285,217
242,124,39
131,47
82,113
315,92,4
102,159
260,34,111
64,194
285,25,79
24,28
123,155
207,70
258,232
51,3
30,34
41,296
244,77
195,235
309,190
230,161
193,35
44,82
278,291
42,26
273,48
193,72
138,158
16,206,177
250,185,1
193,107
237,52,238
9,296,287
122,109
181,140
200,144
234,265,276
229,174
7,194
139,164
152,96
243,61,205
88,50,225
133,54
20,181,161
150,292,199,77
176,139
89,2,11
77,95
9,252,190
298,55
110,194
280,62,214
192,111,223
121,299,91
3,137,48
273,94
64,260
257,38
185,76
169,122
13,246
224,119,102
236,4
91,143
198,313
83,44,31
285,146
94,221
2,114
43,286,48
213,275
33,131
213,136,234
90,188
293,282
217,46
249,11
219,315,122
81,70
179,48
122,92
189,0,50
95,92,31
11,69,248
15,114,117
106,256
63,71,199
33,75,266
90,128
304,183
217,98
141,63
292,285,8
221,95,262
59,207
19,226
23,148,252
279,218
285,167
5,126
52,102
221,127,180,39
43,3,83
215,138
70,192
239,146
72,158
260,196
257,218
274,70
268,208,54
232,47,91
60,76
285,56
121,75
136,273
111,312
142,207
250,12,174
