32,120
257,87
106,225
118,157
221,133
218,256
230,146
204,100
304,178
12,114
91,229
112,95,205
280,284
165,186
85,76
108,1
216,315
19,72
134,6
81,73
238,81
71,163
225,240
147,268
153,17
279,234
24,52
268,176
192,193
18,248
36,140
92,42
292,146
204,200
91,43
113,272
111,112
1,94
218,217
217,130
152,61
57,159
107,159
117,220
174,228
298,77,163
191,196
217,215
2,16
302,24
291,73
234,264
271,84,258
183,218
22,117
56,130
99,151
268,6
302,175
304,110
112,75
322,134
205,139,153
270,133
146,196
134,85
260,58,72
183,145,272
171,240
201,47
232,131
196,133
75,171
107,146
58,64
205,298
34,195
299,44
311,179
295,262
186,87,48
209,193
91,163
34,120
97,191
147,91
9,296,79
129,120
137,149
15,27,316
120,298
143,152
73,291,266
161,212
251,114
149,72
57,149
175,284
225,260
126,41
5,141
223,92
201,123
73,214
290,97
201,15,197
319,276,112
197,227,165
61,134
130,2
246,108
117,154
16,99
81,124
213,52
62,103,108
94,197
24,172
227,8
94,99
34,262,22
215,140
168,272
299,70
106,9
216,289
248,42
253,28,158
117,232
183,3
49,75
61,156
311,124
132,212
160,17
39,272
101,221
215,5
116,140
93,5
22,267
23,153
289,33
101,20
80,195
75,218
195,154
206,107
32,213
152,217
106,131
145,286
123,163,152
137,173
246,224
258,55
244,108
260,112
131,160
164,107
215,120
32,214
216,208
77,269
185,58
109,23
20,114
86,317
320,304
131,275
234,184,136
105,219,201
115,297
107,314,282
76,99,219
65,94
94,124
187,284
297,100
5,145
163,300,255
147,284
142,91
55,107
91,71
224,297
116,91,149,48
225,209
224,162
127,5,184
99,263
118,16,223
142,136
144,176
133,295
116,315
117,42
206,268
81,212
127,178
60,10
235,113
198,275
254,80,156
160,315,268
3,250,234
216,290,1
74,34
133,201
29,178
111,20,184
63,199
317,107
100,103
139,292
48,216
58,241
292,169,317
20,51
202,101
5,304
278,178
22,284
163,277
235,121
177,166
64,193
80,300
1,79,145
240,252
120,126
213,54
153,161
195,178
34,223
267,63
236,312
294,94
63,262,19
274,92
73,216
198,31
53,136
142,191
319,20
79,206
17,75
50,60
320,4
111,113,142
91,260,37
49,189
175,101
14,130
17,9
262,30
132,145
143,18
189,43
301,98
266,287
91,51,23
248,22,304
312,235,311
232,28
168,246
77,43
61,272
163,317,96
174,168
60,255
31,301
71,241
208,99,72
142,203
126,241
309,6
201,187
168,163
166,197
107,186,86
175,160
241,216
222,84
260,108
168,52
223,46
151,267
212,48
65,275
221,14
226,248
72,217
168,274
172,157
205,48
275,7
213,269
71,131
96,4
176,107,204
282,279
33,101
94,67
147,264
89,292
84,258
199,166
58,136
204,104
133,43
264,91
24,291
268,261
264,204
266,290
261,275
160,117
248,292
59,283
112,3
47,320
120,30
214,177
113,237
60,85
122,196
95,16,279
284,194
18,236
173,258
241,168
113,206
301,116,302
202,244,112
292,205,89
107,309
170,241
248,183
111,39
310,178,261
90,208
215,27
166,296
186,73,141
145,262
275,80
17,38
97,124
182,136
53,186
234,213
93,98
297,292
147,149
140,316
235,71
91,191
170,321
84,107
29,119
116,177
96,98
182,41
228,120
159,217
278,185
22,87
21,220
3,29
9,232
257,93
318,104
195,147
275,248
261,257
74,184
84,120
160,263
184,197
226,184
19,101
294,166
246,114,267
180,268
186,120
113,70
19,308
114,260
205,146
205,22
237,208
31,29
235,267
75,217
300,292
40,33
79,236
146,302
167,174,176
222,295
3,133
298,264
13,280
294,105
77,147
267,276
35,222
154,22
109,57,146
8,207
268,235
279,212
205,302
293,108
35,292
80,139
146,302
76,292
271,114
206,147
287,108
179,131,20
123,103
173,127
320,318,317
58,265
58,206
160,152
298,22
3,318,170
228,220
140,1
208,120
268,192
260,76
78,160
200,105
99,311
105,66
15,108
214,219,258
74,13
180,153,205
132,89
30,94
13,168
203,222
221,93
181,225,184
280,313
201,48
199,284
289,116
45,133
64,189
125,126
207,264
185,127
27,240
225,267
133,52
9,43
197,258,275
74,15
286,185
205,283,20
59,172
279,19
161,125
112,267,22
257,216,274
176,268
300,222
4,172
171,103
89,258
178,222
194,41
94,259
258,169
238,302
119,258
50,278
149,88
140,20
157,42
31,89
42,282
17,227
108,77
31,34
306,205
99,292
202,154
224,174,115
109,160
46,108
76,140
177,39
140,280
206,316
130,311
86,81
295,117
48,213
1,88
179,250
79,56
114,49
197,18
241,186
186,166
129,316
38,257,204
258,195,108
166,175,133
97,286
52,116
30,98
225,231,180
146,27
181,91
83,263
23,60,195
289,114
117,299
222,146
166,20
127,30
258,55
11,68
74,159
253,38,91
3,205
101,156
193,72
65,7
182,87
88,71
244,5
241,72
186,18
63,77
39,164
91,232
218,278
84,133,36
51,186
257,5
99,291
73,40
112,294
27,98
198,104
89,38
265,202
113,144
240,135
52,37
219,216,98
175,234
17,146
204,42
162,147
48,200
297,274
309,267
253,18
279,85
6,101
112,40
189,201
280,99
283,316,178
263,243
273,82
316,179
56,264
286,284,5
185,99
75,10,134
3,38
290,129,98
304,234,170
201,63
111,219
22,271
9,232
276,187
49,60
307,175
198,298
295,49
284,290
302,264
56,202
48,316
195,184
198,115
57,91
227,181
43,137
214,234,264
284,7
217,64
258,297,113
147,114
133,225
186,312
176,319
154,161,257
300,20
178,106
114,51
173,169
248,275,257
172,220,213
43,9
70,218
145,280
287,38
178,55
285,280
95,34
75,225
204,7
18,206
91,171
40,136
108,161
8,14
280,263
124,173
87,7
26,166
72,28
174,137
29,30
71,227,313
208,99,59
244,72
131,60
113,170
226,22,239
106,230
157,254,63
175,254
126,6
161,130
142,174
198,297
205,78
243,295
129,292
128,292,258
306,108
112,129,58
19,254,170
29,316
33,163
37,194
214,32
194,255
281,84
189,264
127,21
129,231
280,174
71,309
12,30
296,37
147,15
295,161
159,120
114,189,200
286,285
18,67
83,82
289,65
258,123
86,217
79,122
215,206
319,108
57,117
317,23,216
176,8,236
91,34
30,99
114,112
266,3,57
145,81,252
295,6
207,140
287,100
55,107
315,39
63,206
188,162
52,143,305
129,188
6,245
18,29
51,213
6,47
276,224
20,140
218,201
129,108
17,279
222,74
212,49
117,94
88,121
107,131
82,233
235,284
100,245
81,296
26,262
190,89,62
171,97
13,77
112,147
12,286
177,291
97,147
82,75
6,184
246,108,205
9,117
263,14
184,169
72,313
72,66,202
217,61
271,200,319
214,279
4,114
18,160
172,60
109,133,177
189,77
276,41
287,221
23,77
142,199
22,57,296
287,244,247
127,316
91,113
95,110
172,87
195,149
66,56
108,317
258,4
171,74
257,112,87,210
313,205,53,302
185,286
186,233
297,31,287
76,262
211,76
161,57
202,59
136,142
72,94,92
65,79
121,233,71
61,264
256,176
20,58
29,223,177
171,111,302
322,166
106,20,114
270,59,47
61,140
88,92
53,4
98,157
112,60
93,218
136,280,34
10,325
115,237
112,28
217,82
258,280,108
140,284,107
174,136,56
257,278,205
51,301,138
287,76,87
109,163
265,1,1
263,73
114,267
311,9
17,184
218,298,160
162,92
64,189
202,290
124,121
91,121
115,266
69,316,98
213,267,57
163,166
86,322
173,220
177,116
37,47
58,284
313,166
217,20
20,108
310,316
71,273
93,108,100
297,30
59,29,60
168,198
279,35
110,20
272,222,284
81,201
205,161
218,65,224
149,12
18,143
58,24,9
284,64,223
129,226
216,240,163
181,55
94,18
63,137
145,193,61
314,172
168,3
266,277,134
193,256
216,313
176,258
271,198
129,34
52,12,52
109,58,127
106,159
183,295,172
201,139
48,305,234
220,300
286,60,29,3
159,116
60,250,161,150
191,94,121
108,297,112
22,65
71,258
268,109
303,42
72,191,77
57,111,261
291,201,302
272,215,286
176,238
66,204
171,153,110,297
67,127,271,57
16,123
315,134
228,144,301
26,204,236
28,11,198,287
136,69
177,280
173,26
272,284,317
84,301
61,163
185,79
23,271
71,27,301
85,313,9
73,77,141
47,175
195,107,132
322,257
205,232,66
275,49
189,215
108,224
63,240
177,175
49,17
245,194
160,108
320,147,126
268,287
180,3,2
129,26,238
63,126
290,94
193,320
170,188
115,20
298,52
94,191
102,214
167,178
168,113
251,22
101,22
319,3,216
61,261
93,169
163,100
124,91
262,114,6
5,184
103,72
316,298
79,255
273,197
289,73
197,250
79,204
80,209
130,176
31,195
304,205
36,32
173,83
11,175,206
76,209
154,4
120,7,302
275,267
258,70
238,81,83
154,2,276
101,99
319,37
158,72,20
37,289
84,222
271,184
51,60
278,65
225,61
265,65
83,13
61,11
132,108
110,163
153,32
247,243
84,33
249,201
146,72
166,161
138,284,102,269
18,298
108,110
42,248
166,129
20,83
17,191
301,291
310,94
148,284
212,106
173,161
301,1
275,257
160,291,17
127,245
93,146
290,34
57,184
108,117
22,75
51,88
51,118
131,11
132,291
276,180
1,266
30,60
51,77
175,189
268,307
280,47
131,173
235,290
112,34
1,85
134,32
84,107,257
32,90
171,187
66,64,17
111,184
137,115
140,105,50
300,157
269,106,114
172,137,124
32,232,152
287,92
124,160
249,191
5,92
209,50
215,149
211,196,220
168,94
171,61
138,189,169
107,58,264
177,216
49,248,275
18,29
92,166
20,254,109
127,119
313,86
37,127
107,154
94,134
297,71
42,200
283,82
94,22
173,74
158,10
169,219
121,15
276,70,124
55,154
42,252
107,295
134,18
87,182
2,38
97,85,149
10,100
120,7
67,44
131,31
193,175
158,316
131,275
177,48
145,65,92
214,130
148,4
116,61
178,197
105,298
71,37,157
76,159
102,276
114,90
75,127,188
36,25
123,220
100,82
265,178
23,72
72,147
177,177,77
81,215
125,26,1
296,149,132
39,152
48,247
296,295
49,176
309,297
17,286
306,77
20,2
279,37,212
71,1,148
297,160
217,178
301,20,243
138,111
171,184
74,202
292,293
22,71
221,206
315,102
250,44
100,300
214,263,132
202,107
208,70
182,215
286,325,87
6,75,242
137,168
52,244,47,151
172,251
280,54,149
71,134
43,269
124,304
216,213
232,52,147
295,136
287,80
12,227,114
36,169
221,64
147,234
136,264
180,213
227,140
97,267
145,303
75,292,257
178,304
185,175
184,227
77,154
268,72
65,52
164,217
269,150,18
72,120,257
11,134
98,29,114
169,6
65,199
51,106
48,116
325,7
309,201
13,279
24,9
262,160,296
134,318,126
115,316,264
100,276
285,96
18,16
195,74
123,120
61,44
9,127,114
136,150,128
157,248,109
276,157
115,295
159,71
31,302
315,230
3,195
296,1
93,90
228,9
99,107
309,275,185
189,11
184,23,75
3,117
206,107,104
35,159
34,217
88,161
308,322
250,89
142,189,77
256,287
59,291
161,86
144,64
84,286
115,80
304,72
86,232
108,215
286,80
62,169
312,284
250,297
149,284
169,260,310
226,184,30,266
299,97
70,219
225,222
39,201
99,207
186,87
22,309
163,100
161,116
142,161
18,176
279,84
159,157
73,101
34,241
178,75
276,81
287,58
147,219,75
134,26,103
123,168,172
169,263
138,306
147,133
257,304
152,166,38
27,316
36,61
7,301,169
260,32,204,192
181,244
162,309
7,175
55,24
14,212
234,281
51,142
163,161
30,238
77,58
241,319
29,44
228,113
165,288,270
102,211
30,48,77
279,291,60
132,22,72
47,324
120,124
137,80
12,37,297
18,3,99
325,32
204,93
173,100
152,133,132
193,97
116,94
108,74,9
177,112,218
320,88
213,94,300
53,187
186,65
80,49
44,271
37,37
267,205
112,218
91,220
193,92
38,238,178,197
229,160
258,264,222
214,301
280,76
118,253
127,182
231,286
292,58
132,151
215,80
108,186
65,225
99,304
81,301,326
39,215,304
108,289
232,150,73,206
157,171
286,170,74
108,313
54,41
280,209
111,154
80,83,126
3,81
111,48
285,254
176,267,178
84,267
17,77,232
225,59,79
146,79
198,264
91,170,178
107,115
112,115
52,142
114,112
283,133,161
267,166
34,147
278,313
33,30,153
216,99
143,5
286,209
113,108
257,183,25
20,173
129,52
164,114
11,232
275,129,71
72,5
248,132
91,43
150,76
133,276,275
280,115
297,11
112,43
300,296
279,76
87,196
198,12
10,235
168,184
322,129
74,215,71,83
26,159
39,283,73
182,87,115
3,100,108
107,16,116
24,264
159,161,132
276,3
91,261
22,289
77,301
108,48
127,66
284,216
182,275
308,168
9,70,259
231,47
213,6
78,140
40,272,18
77,224,52
96,201
81,301
103,315,301
49,49,72
188,38,63
326,251,59
99,17,176
246,58,55
186,97
108,157
124,279
172,134
209,89,200
306,48,250
107,140
33,72,17
94,32
66,26
129,62,286
37,86,178
127,55
41,300,75,78
136,106,161
172,241
18,145,245
24,129
222,51
56,154
276,142
155,176
160,255
1,135
85,129,315,118
170,296,291,278
114,50
138,267,153,128
104,79
160,212,15
102,18
52,208,275
79,7,300
116,93
167,222,267
88,268,194
151,255
260,14
249,39
29,277
56,138
221,205,314
11,50,68,74
33,169
285,231
178,147,124
149,33
31,234,127,21,232
56,216,184
32,22,207
271,74
277,126,38,49
224,122
206,140,298,184
186,43
64,255
74,193
65,173
108,245
89,321,163,204
205,170,205
134,264
204,142,76
274,319
193,3
295,55,279
310,30
264,208
240,136
124,270
113,147
129,262
51,166
58,195
218,298
142,304
134,225,185
300,180
18,154
60,63
153,140
75,10
133,268
54,3
100,52
203,234
128,245
123,182
304,83
9,217
127,107,257,127
263,124,112
52,206
161,287
322,61
264,248
12,76
235,199
75,4
186,319,63
63,227
205,79
48,173
144,92,214
161,241
9,138
12,184
112,227
224,205
300,59
220,59
53,74,81
186,157
225,56,258
176,33
108,108
112,326,235
294,261
205,174
107,284
51,106
261,26
97,302
109,12,109
204,59
20,73
154,33
228,77,32,207
287,102
23,71,19
60,222
186,202,143
72,18
142,84,318
83,302
168,182
93,25,242
190,255
175,199
3,171,10
55,248
8,298
139,143
173,47
214,19
319,260
231,28,201
71,38
32,261
74,245
96,181
274,268,71
108,117
264,257
108,133
180,73
205,112
65,184,19
14,212
211,173
186,269,72
178,43
152,168
301,233
207,147
211,278,72
34,212
106,145
152,310
284,40
301,242
32,284,188
30,301
1,274
90,38
96,104
284,41
311,81,294
122,245,8,71
88,157
66,178
76,87
207,263
257,186
216,138
293,316,292
225,227
174,245
59,93
113,48,116
70,270,264
183,147,154
79,142,196
200,312
198,22
184,265
109,170,184
79,29
102,285
54,56
139,178,84
273,139
221,85
150,176
256,108
271,93
258,97
43,39
260,224
292,216
264,287
163,78
193,220
227,145
76,243
58,284
213,238
96,177
176,317
189,55
129,294
266,116
111,133
148,81
179,215
86,30
34,23
195,141
173,241
238,117
134,70
16,201
114,37
146,103
123,67
136,316
77,33
23,152
100,48
18,168
292,293
286,42
159,302
258,136
171,184,133
197,226,227
165,304,10
49,118,17
133,234,5
205,149,205
138,106
205,136
24,166,188
145,18,30
219,63
286,55,72
84,49
178,37
150,74
221,59
158,127
33,130
234,185
178,160
254,150,273
298,71
309,129
9,37
317,277
178,246
324,284
157,300
218,133
189,258,60
100,18,139
303,118
266,127
52,217
107,133
49,258,65
20,34,21
311,91
20,12
176,313,166
268,296,72
114,206,89
152,74
298,80
85,19
238,283
306,120
98,315,313
218,276,311
249,15
225,234
28,34
277,13,73
249,263
5,161
29,71,201
265,322
277,14
74,11,291
212,86
296,169,1
257,309,212
116,161,284
148,280
243,259,284
134,280
101,74
261,268
9,2
61,163
22,12
94,91
32,126
183,215
124,52,233
255,50,275
185,33,320
102,181,23
18,260
206,150,20
172,75
89,141,47
176,241
271,31
169,257,28
316,182
134,293
102,54
111,88
67,120
121,86,275
298,257,189
120,77
194,131
80,291
255,265
14,280,191
81,196
174,147
172,80,216
272,71
257,125,173
52,167
286,88
120,306
41,123,260
148,176,260
136,81
310,201
207,172
76,299
144,31
157,27
146,172
172,9
109,43
5,77
260,226
263,238,3,268
244,264
31,213,30
73,237,123
94,261
119,297
61,264
325,319
208,305
65,192
134,187
5,281
258,172,55
181,93
80,38
140,285
301,304
166,89
111,311
215,270
133,51
89,161,171
124,185
34,138
146,189
204,171
277,205
83,107
109,292
34,129
84,317
30,148
81,108
272,252
77,225
248,193
280,82
258,12
146,9,34
238,262
114,49,286
275,74
176,267
226,248
224,169
313,178
310,136
275,293
161,179,265
218,158
14,90
124,106
13,35
325,178
20,75
233,88
18,144
133,201
121,147
148,168
236,71
223,20
114,106
285,299
216,202,100
316,193
53,284
102,258
75,302,104
264,99
253,140
287,126
204,1
140,138
106,272
97,84
88,136
177,259,112
262,307
254,177,1
91,20
134,47,264
195,57,174
171,91
235,196
24,146
120,114
87,205
186,31
107,195
178,15
232,143,316
37,256,12
146,56
231,291,124
90,136
120,76,201
107,178
55,236
79,166
38,213
124,39
136,163,182
100,112,320
66,84
176,253
302,53
150,18,285
22,78
243,322
261,145
55,308
67,293
75,52
224,244
297,172,148
200,243
306,216,121,114
263,309
90,193
214,146,26,38
4,306
212,163
279,301
146,196,138
96,94,7
29,255
32,184
43,114
217,102
84,172
139,55,308
319,49
229,123
297,302
174,77
287,144
59,102
245,138
242,5,98
157,248
55,279
289,122
240,88
138,279
84,134
205,65
257,138
264,311
166,175
233,145
186,96,118
285,96
263,98
149,44,81
313,245
148,197
279,202
116,231
198,309
261,165
173,325
275,125
201,185
319,87
163,107
252,61
185,99
114,140
270,286
196,2
42,17
172,6
111,161,20
260,49
22,202
124,200
294,60
11,45
274,179
290,78,76
301,305
43,120,34,279
144,295
64,285
13,19
184,195
248,26
61,9,255
108,300
118,9
94,91,103
208,22
268,290
302,166
107,201
115,169
182,13
140,264
17,220,243
107,162
204,123
240,52,315
317,22
186,72
289,135
137,231
133,133
305,278,205
127,317
120,107
120,42
182,79,203
171,132
264,77
147,158,174
189,61
6,157
266,157
300,267,319,197
39,29
255,148
23,176
291,174,297
201,173,77
114,265
127,22,304,37
94,168
153,93,271
29,63
168,296
178,192,257
72,255,8,211
168,154,286
264,22,175,302
140,123,301
19,275
22,48,20
129,189
322,290,143
184,133,134
271,108
242,279,234
291,55
64,4
66,244,252
280,114
107,34
300,10
86,1,20
11,188,305
97,142
20,28
17,284
209,136
157,266
107,173,224
201,209,67,206
123,179
134,63
95,208,1
292,320
217,112
154,175
236,53
276,84,38
260,145
304,124,58
325,225
298,67,116,177
84,49
77,308
53,154
202,63
292,74
52,279,259
62,173
216,8
123,75,286
113,166,57
157,76
64,171
83,205
270,182
317,40
3,14,88,112
284,161
42,47
183,29
60,272
209,247
225,91
136,129
174,71,34
256,178
98,174,254
33,292
268,44
225,311,107
8,60
75,275
78,174,52
22,139
29,32,317
315,115,280
77,255
1,130
258,192
233,142,142
177,168
236,133
254,258
82,272
20,71
10,22,146
185,144
216,299,193
301,236
1,112
300,7
205,213,9
271,159
32,8
99,276
175,246,70
161,293
271,13
62,192
188,227
76,71
175,133
228,248
285,267
129,1,321
226,85,173
184,81
94,126
83,60
172,302,163
304,108,123
257,148,91
290,64
51,52
84,152,38
132,169
297,12
66,72,229
168,106
12,107
62,236
145,278
302,83
147,107
182,24
132,49
195,23
65,81,105
29,163
115,84
300,205,80
63,163
70,272
173,263
316,163
320,133
264,34
281,317
118,196,234,10
111,163
82,49,98,174
115,111,284,100
175,123,258
231,48
186,298,146
215,169
89,22
149,213
248,210
171,200
20,63,293
103,38
61,261
297,2
46,291,63
114,52
148,124
64,114,105
276,297
58,143
58,205
5,229
129,280
229,5
218,54,81
98,134
163,63
130,264
304,301
115,243
173,234,200,142
202,175
283,65
39,315
210,49
316,269
113,161
110,42
126,9
195,230
9,4
103,175
70,70,102,202
322,102
217,168
149,142
189,175,93
72,6
325,25
182,186
103,292
298,19
7,88
301,235
136,263,280
305,208,316
10,29
195,65,82
114,302
174,235,76
231,5,72
315,79
316,222
34,219
104,52
201,173
129,300
143,302
127,113,157
221,205
202,197
275,136
218,34
98,114,136
217,135
175,285
66,4
68,248
123,22
273,76,278
52,185
301,6
84,173
184,264
172,125,101
29,202
254,141
241,280
5,177
17,55,112
13,146,215
201,232
305,131
216,89
67,91,246
257,174
6,185
291,305
85,104
268,138,248
121,169
72,296
200,30
225,167
189,24
268,33
72,165,195
34,33
31,85,132
234,295,215
77,1
148,59
267,83,106
137,60,121
134,156,56
278,27,319
152,14
127,150
143,107
11,182
131,173
257,44
316,12
286,151
132,96,261
32,194,66
226,97,284
94,1,287
280,149
232,158
106,60
169,9
166,243
128,60,121
177,122
150,26
301,202,64
86,29
175,160,297
146,205
61,212,312
243,275,278
52,312
112,101
52,33
126,81
131,157
160,109,41
273,123
297,93
299,221
9,97
260,18
169,22,73
107,146
223,96,112,84
140,220
267,12
65,12,141
15,77
143,271
229,7
107,188
101,28
113,29
140,119
34,138
23,178
10,28
97,143,10
81,84,35
147,161
114,206
316,167
34,319
173,15
142,202
211,8,89
244,322
265,143,178
218,105,19
143,132
202,34
86,154
138,323,143
162,275,208
19,124
89,142
10,300
241,3
250,82,185
16,58
268,284
267,226
208,11
280,106,142
5,104,173
252,187,124
113,154
142,118
217,286,107,77
84,160,267,101
253,304,172
315,51
38,7
49,108
111,84
249,77
170,301,166
108,154,75,224,301
62,105
57,243
10,185
154,49,28,248
169,64,1,11
86,108,102
42,325
174,183
60,245
168,32
205,79
228,114
304,46
202,66,242
91,163
250,79
237,94
133,58
67,201
313,304,61
149,16
130,215
5,108
279,212,107
205,292,225
102,90
32,13
266,70
140,202,88
304,144
115,224
145,186
158,107,97
43,126
77,133
9,20,208,287
286,174,51
160,133
276,39
18,9
160,320
227,102,107
3,240,173
258,265,79,100,166
73,194,172
322,248
99,205
231,60
286,228
161,279
34,304
113,12
260,169,248
176,213
187,260,240
81,245
211,22
179,116
249,293,82
62,23
268,316,142
257,213,68
322,298
221,17
31,177
69,30,54
248,311,43,207
32,36,295
296,11
315,299
40,293
25,309
27,120
73,52
5,255
96,236,146
108,89,101
27,127,66,32
44,131
257,125
108,101
257,169
271,173
142,97
193,124,87,167
173,172,88
196,52,11
2,295,77
270,289
127,19
160,304
137,42
166,153
187,66
17,109
82,271
75,75
84,33
313,266,17
219,77
73,5,131
82,322
76,144,232
286,77
54,214
166,276,123
263,142
302,268,257,130
172,75
302,235
254,111
245,218
66,284
298,161
42,297
85,241
207,205
93,292,83,269
74,195
293,236,107
55,168,72
17,265,4
11,7,72
173,52,269
219,145
299,286,157
134,18
47,139
49,10
3,53
166,60,195
82,205
172,92
173,16
319,309
161,276,230
304,251,186
308,88,51
271,227,265
219,157
174,274,106
126,94
241,30,59,238,55
71,265
169,8
29,77,170
115,162
252,144
30,228
286,142
108,16
52,60,121
222,119,225
49,295
260,42
10,105,272
298,244
317,47,7
322,53
75,219,244
57,234
78,320,304,85
176,107,211
232,218,236
129,223
215,184
157,134
120,34,6
271,302,205,170
178,272
106,140,39
127,112,301
250,214,259
123,161
228,130
27,102,52
305,39,271
58,183,277
160,16
40,195
92,134
280,285,212
124,116
39,53
105,195
5,251
55,89,114
55,276
71,272,61
259,269
86,106,32
279,129
113,234
18,302
130,71
105,219
170,171,34
166,126
78,269,139
121,170
109,16
9,271
98,67
105,49,164
79,61
20,176
199,202
304,114,250
208,12,161,291
161,271
234,188
143,154
42,59,249
304,99,205
291,33,25
169,264,112
28,276
79,175
89,56,92
72,129
81,174
216,227
241,15
67,72,270
253,163
219,129,264
85,85
90,121
79,145,213
85,102
286,216
114,197,191
56,276,163
91,298
70,220
91,232
204,113
98,229
218,52,37
37,94
269,24
78,147,12
244,320
23,208
34,133
105,154,187
285,48,67
185,178,212
198,74,87
152,309,82
72,53
63,78
186,57
263,121
159,170
205,47,119
169,219,217
68,217
145,140
221,131,218,218
7,10
3,261
175,31
148,67
49,12
301,147
52,21,246
108,142
312,1
43,172
189,75
97,270
224,164
259,183,76
89,145
204,280
211,14
65,107
37,267
125,10
72,287,266
127,167
72,248,169
91,240,124
29,38,260
16,93
8,11
116,29
1,200,40
207,92
200,37
275,127
161,195,127
186,260,169
115,202
241,52,255
120,56,60
106,82
149,251,264
49,124
22,232,304
52,90
225,107
184,16
228,132
203,184
32,231
311,87,264
149,74
43,87
302,34,158
60,201,292
37,240
10,55
206,272
216,94
174,258
94,119
48,183,20
211,154
82,270,225
70,42,112
168,102
121,9
70,316
151,107,74
83,80
229,100,189
308,269
76,9
79,295
139,250
252,175,279
219,33
116,107
145,29
31,27
291,202
275,320
201,24,86
65,112
156,320
298,40
107,198,143
41,217
302,242
17,58
111,272
146,276
140,84
312,150
10,262
34,32
234,54
116,202
248,54
206,55
107,315
88,29
231,13
82,21
250,74
108,98
285,55
49,245
105,157
10,148
292,191
146,165,305
10,52
110,117
224,267
238,261
261,241
100,146
47,302,257
263,299
22,120
261,186,39
197,157
316,224,166
137,260
178,280
170,51
189,292,227
74,66
89,284
73,148
99,101
74,87
286,121
183,9
79,268
236,8
140,98
10,1
198,3,107
57,24
59,245
138,161
218,130
47,234
260,224
193,217
86,177
176,196
142,301
127,112
257,236
52,70
67,51,208
216,50
196,86
10,81
108,244
254,1
160,60
97,208
142,71
12,168
152,6
172,226
60,263
285,159
257,279
107,298
253,45
240,100
273,24
313,180
12,230,309
44,114
80,150
295,260
197,193,127
52,3
127,258
217,97
161,9
115,302
55,201
152,289
171,271,178
269,42
167,125
273,313
143,98
139,80
58,248
290,98
133,312
143,214
152,286
71,246
276,171
147,112
128,300
13,260
30,61
142,24
268,163
23,221
225,290
22,47
194,20
108,198
7,43
133,232
249,173
13,238
302,42
270,120,59
176,133
159,146
268,260
75,264
295,185
143,202,133
145,258
23,78
176,219
51,153
36,214
242,26
213,216
83,264
178,304
231,105
285,32
64,319
146,175
75,172
319,22,297
304,156,268
293,172
185,234,216
248,36
82,58
8,61
322,16
9,141
293,277
91,267
186,169,311
186,38,112
274,52
280,53
216,300
284,276
164,116
243,148
213,169
179,23
140,176,106
298,133
226,13
25,173
283,15
271,57
24,317,89
286,257
112,259
172,206
140,52
245,174
275,161
34,219
157,4
243,201,199
85,148
33,115
178,72
27,241
192,134
211,52
62,73
49,123
79,12
230,157
276,241
10,151
101,188
125,125,71
133,313
52,61
301,198,255
107,26
99,10
134,10
74,22
81,133
301,286
124,3
174,49
194,130
264,80
226,137
88,145,209
152,71
292,36,253
184,38
102,15
4,143
255,16
298,187
297,14
248,34
227,209
214,213
29,14
49,184
120,251
61,81
107,137,291
313,260
81,126
60,94
262,168
6,300,112
237,256
29,109
255,3
201,205
268,207
172,243
124,185
258,269
265,42
132,114
30,263
80,159
264,115,18
57,140,304
260,32
49,34
34,160,154
140,234
234,108
316,159
107,34
9,17
300,108
267,217
89,89,9
32,85,81,300
322,284
53,274
201,62,68
53,224
1,302
60,42
157,29,57
157,234
177,145
186,217
4,84
61,80
240,169
243,34
235,241
142,149,184,123
115,223
273,279
12,205
58,142
28,76
176,195
57,4
169,74
142,49,264
294,129
58,42,121
65,291
201,86
127,284
250,212,112
163,132
319,49,108
298,151
187,184,195
205,316
166,52
173,256
225,90
297,46
223,231
164,296
39,258
6,227
67,176
123,65,161
242,32,9
10,100,315
23,31
104,280
118,108
80,287
74,71
75,37
17,132
182,142
87,75
159,147
4,47
311,33,29
180,126
193,286,14
238,3
175,60,195
325,77
224,53,169
30,152,290
100,221
172,312,33
244,284,292
96,73
83,301
18,181
75,231
277,28
235,124,231
279,208,55
220,153,173
129,304,222
48,222,107,172
112,92
169,220
37,185
89,225
79,219,161
19,267,226
174,22
174,189
260,45
261,47,61,114
112,238,259
113,215
50,50,108
90,124
99,109
131,159
88,166,234
163,166
133,30,79
136,196
240,177
14,73
10,56
178,157
198,120,32
213,145
279,39
127,268,216,21
229,62,145
109,127,223
301,221,137
199,234,34
100,122
182,149
77,2
86,306,22
302,242
5,302,132
215,161
49,27
311,316
315,295
10,262,108
126,124
144,65,116
146,79
25,32
23,91
14,154,101
298,35,263
175,33
173,172
129,156
215,142,42
64,65
182,268
250,257,192
284,149,22
96,105,300
234,130,29,248
221,31
236,85
47,13,197
291,205,148
94,206
274,116
107,134
205,201
7,152
301,80
266,235,234
273,98,193
172,106
300,66,55
244,15,227
27,178
12,84
12,171
300,131
104,92
124,316
262,176
244,79
4,264,94
249,94,266
196,146,111
280,47
96,46,180
297,197,300
255,126
144,264,84
259,143
286,126
108,298
87,285,112
25,322,188
18,73
90,96
10,38,166
112,185,134
124,280
166,49
123,257
201,208,112
49,312,49
248,168,75,3
9,298
160,112
184,105
265,229
4,184
107,91,112
113,200,32
47,95
172,69
98,186,265,72
73,134
49,76
198,280,158
147,302,182
205,62
174,88
25,311,112
264,125,184,85
161,60
309,49,18
213,197
311,137
136,207,24,210
292,140
20,176
325,198,34
112,1,90
168,7
123,275
265,30,231
275,295
161,80,254
227,200
257,73
297,77
51,10,116
47,127
37,312
261,38,9
58,134
201,172
20,32,29
150,148,170
312,168
54,261
292,145,1
51,127,296
172,218
147,19
265,283
174,203
24,205
126,276
222,208
20,256
32,205,234
68,154
307,53
286,70,184
19,86
22,234
17,142
240,52
10,237
42,258
301,108,301
54,102
8,200,181
174,70
111,233
274,18
127,129
293,263
14,161
188,242,217
212,146,137
175,91
112,245
40,204,19,108
124,317
14,108
142,143
208,91
13,113
100,306
136,111
313,98
4,65
292,172
20,8
105,227
223,212
25,129
49,103
85,315
83,106
270,90
208,60
11,107,64,243
16,133
292,178
72,304,173
65,215,17
187,68
74,30
120,129
146,211
23,90
24,122
2,277,218
319,280
204,79
200,103,268
194,259
264,76
107,146
232,76,148
137,24
212,275
216,258
326,282
117,97
82,26
175,261,23
53,258
184,120,84
257,274
133,176
178,257
129,56
140,291
222,64
143,108
269,105
286,47,228
205,217
27,133
258,17
92,149
293,190
102,241
61,187
112,123
34,41,234
94,217
95,38,232
142,325
39,129
271,207
184,258
291,103
255,111
259,29
108,201
271,124
102,38
286,245
5,175
323,273
61,48
148,107,260
249,56,113
201,308
70,326
178,218,20
60,188,200
96,280
69,115
7,84
171,18,206
15,228,75
186,113,285
279,274
267,89,234
5,296,248
234,315
122,75,101
28,142,12
20,202
280,292
110,187
174,128,82
285,65,48
192,160
197,47
152,109
169,202
113,113
20,163
238,160
195,257
295,178
3,66,286
325,322,257
267,284
275,205
217,100,304
111,36
133,91
59,38,146
274,99
43,186
10,64,82
129,125
14,216
39,108
173,221
79,250,84
265,182
213,34,223
86,83
161,113
227,108
243,224,251
108,302
10,176
107,126,111
83,145
268,17,302
148,315
234,142,166
75,274
97,94
267,291
241,175,307
175,168,134
154,286,254
58,15
122,61,72,178
108,116,81
108,193
126,301,98
268,304,200
147,320
245,33
174,194
310,264
312,304
110,163
263,112
198,50
70,163
129,232
302,284
34,169
160,166
258,114
236,223,130
268,259
131,205
15,94
138,298,27
163,89
34,3
89,268
167,252
251,257
325,286,302
291,62
137,271
312,17
20,17
112,199
292,279
35,7
162,61,87
92,3,287
74,38
195,148
322,159
141,50
246,193
112,112,86
11,56
108,17
284,62
302,9
17,260
284,117
63,39
4,9
313,292,109
85,31,206,42
226,1,260
57,146,175
144,60,50
92,227
160,66,154
248,282
3,109
213,174
68,145
228,129,278
39,120
162,220
218,187,228
83,177
78,42,160
298,219,228
166,160
145,272
81,107
80,22
177,263
297,187
115,94
67,127
38,216
234,17
178,113,86
174,50
284,9,79
41,212,255,68
29,112,218,84
114,113,38,317
290,105
260,154,254
288,267
47,248,94
195,19,39
258,260
42,36
106,9
1,112
280,263
112,205
4,275
6,208
184,305
88,167,41
57,51,220
73,216,117
3,18,29
178,174
255,121
244,94,65
48,295
92,259,105
114,174,299
143,84
288,15,60
26,65
219,154
99,90
146,107
283,100,190
319,146,272
174,175,322
10,62,195
6,190
126,170
242,178
94,133
84,151
29,171
137,248,134
189,54
112,280
120,57,43
22,86,75
75,152
24,108,234
234,228
33,285
196,77,113
275,20,292
55,183
4,204,270
266,294
114,91,178
175,304
283,90
134,36
43,114
250,278
218,18
238,62
226,306
271,189,57
58,313
206,108,219
207,249
267,183
217,62
163,130
100,202
295,208
76,133,133
194,218
99,204
89,147,299
30,272
114,86
112,176
146,231
66,80
317,127
140,61
74,286
206,142
246,195
101,88
96,112
22,34
184,120
278,292,68
145,84,296
182,161
134,107
301,140
103,213
200,11
17,295
272,10
91,304
222,143
124,57
107,86
260,221
134,254
5,114,216
182,181
226,173
202,230
208,249
31,100,277
200,94
80,117
22,91
130,186,207
96,75
138,157
114,280,11
320,20
275,218
279,317,292
59,44
67,152,49
274,133
137,63
63,258
315,132,118
75,284,257
117,143
84,315
148,49
195,92
117,132,89
84,146
90,5
143,279
286,316
161,185
117,153
142,240,83,165
177,30
37,82
140,106
302,78,16
322,86
274,38
48,20
145,254
199,7
10,196
226,279
111,38
128,13
104,89
298,162
195,109
275,111
7,103
316,202,164
195,188
235,220,32
6,189
257,319
276,13
175,28,72
114,138
43,319,234
301,11,49
67,206
127,127
160,55
123,104
256,127
79,129
174,268
271,291
43,205
41,302,187
226,38
21,108
257,1
174,51
260,65,4
133,220
76,143,218
275,18
185,176
166,276,288
260,234
302,127
244,147
238,317
176,34
64,223
298,145
271,87
177,201
286,127
172,134
182,182
176,56
172,172,13
131,133
138,137
302,208
11,325
153,241
80,252
170,125
253,37,15
252,33
112,268
270,169
144,178
176,285
239,284
168,108
172,312
166,183
36,236
121,134
37,298
169,64
6,78
225,7,168
83,135
262,229
81,48
181,8
12,156
184,113,73
115,22
197,245
63,201,76,37
199,232
5,77,147
316,116
30,240
219,42
241,22
184,63
42,63,32
1,161
189,114
72,90
322,103
201,270
108,50
34,222,231
285,189
134,236
30,117
206,10
20,34
168,84,110
156,45,30
216,304
248,286,149
325,6,107
116,261
154,107,84
318,55,227
225,63,247
64,2
213,59,302,60
286,177
108,161
193,49
85,5,4,298
311,240
39,261,140
155,325
18,217,166
297,206
300,227,126
286,91,176
280,54
310,161
322,100
94,94
33,52
103,301,177
6,322
186,102
29,261,138
69,12
47,201
196,117,67
220,38
112,186,49
193,264,176
171,76
150,118
161,217
259,189
262,187,268,210
149,107,65
60,241
109,107,9
261,152,75
291,291,114
267,250,262,284
213,173
292,184
292,37
201,204
285,21,3,40
263,264,1,157
136,295
213,138,128,123,152
299,306
129,5
293,72
143,71
177,226,291
176,65,192
101,87
40,225
141,29
305,9
165,253,249
169,255,43
229,20,123
61,198
269,127,120
80,77
34,149
196,100,236
210,1,24
215,140
170,157
72,35,109,287
143,260
107,65,81
107,4,207
169,47
58,230,243
20,302,107,34
206,124
149,127
262,258,74,269
143,258,44
81,152
173,173
36,225
84,136,223
160,120
92,98,161
294,22,162
100,11
47,222
218,104
169,171
72,84
226,82
108,185
58,212
72,267
192,123
41,250
262,112
72,237,305
243,87
86,319,322
59,30
138,84,191,126
168,311
171,228
155,212,3
191,171
202,293
115,116
54,6
18,189,6
226,292
133,108
127,94,116,170
193,312
220,229
176,64
71,143,130
274,66
157,120
292,232
177,171
254,234
115,5,56
169,169,134
1,271
161,98
157,171
170,178
249,195
278,157
198,228
257,70
302,29
279,285
30,253
244,40
286,300
169,233
173,217
133,155
127,271
304,241
214,172
186,189,116,45
262,90,96,74
131,267
85,77
297,304
205,113
268,113,72
127,108,264
87,71,224
94,31,315
52,159
317,100
42,228
309,76
247,230
115,151
42,3,295
324,2
133,10
101,268,71,66
113,234,325,82
298,15
70,107
52,85,55
184,12,107
125,48
33,297
317,85,219
101,159,55
257,171
32,136
102,257
72,17
98,123
64,59
270,75
4,311
204,316
52,127
74,202
286,57,217
297,43,39
18,184,187
89,172,225,78
291,297
102,70
248,321
80,225,140
65,292,114
154,37
187,108,107
142,176
108,79,72
161,268
205,221
209,57
325,6,27
74,181,98
1,137,78
163,66,58
179,107
231,48,71,322
285,315
236,178
117,275,140,231
42,142
72,227
284,168
174,10
34,92
298,228
1,254
29,7
172,210
198,232,34
128,154
206,268
258,183
54,284
295,107
124,202
65,63
3,204
66,312
235,101
60,177
81,117
108,142,218
254,30
136,15
155,147
61,285
295,228
198,185
322,104
187,27
272,72
100,139
49,261
114,57
113,249
295,272
312,200
286,34
103,74
70,174,248
295,99
183,60
75,26
14,82
60,72
196,124
285,69
205,231
279,78,186,11
106,20,219
59,305,43
195,76,175
217,241,80
68,116
20,79
1,322
96,54
94,295,213
268,286
218,276
175,79
161,81
146,29
120,93
291,48
255,222
89,88,133
263,254
112,320
241,25
114,231
34,100
163,114
83,109
29,79
302,296
72,238
224,27
322,61
157,98,87
114,118
298,185
207,216
107,233
103,216
37,292,84
211,215
9,65,294
238,277,71
120,249
38,84
96,195,72
263,205,298
51,64
140,125
11,90
229,152
127,148
8,249
71,71,83
15,34
245,210,259
147,127
140,142
165,189
178,81,125
232,10
166,62
261,261
59,11
325,100,130
254,234
74,29
94,220
217,145,160
202,133
306,188
320,249
70,202
67,94,20
225,248
3,79
217,24
156,101
186,50,20
39,26
15,152
198,106
301,18
116,111
114,114
113,175
187,194
149,22
286,80
56,258
6,51,107
325,99
191,300,146,54
64,71,165
221,185,171
10,33
264,90,23
73,168
140,133
133,90
194,45
226,79,302
284,185
208,186,138
90,58
248,194
279,68
215,280
79,271
119,94
249,37
25,264
171,315
166,39,29,216
183,220,74
94,208
18,26
75,94,38
133,216,67
138,83
30,107
81,202
49,210
174,19
146,23,248
49,320,184
302,174,22
49,85
93,160
70,141,198
196,160,271
298,257,181
47,128,164
146,61
260,168
121,184
29,61,18
63,298
158,154
298,91
43,84
17,116
214,22
24,133
48,222,186
311,257,268
38,193
325,276
106,309,57
28,112,287
80,244
156,101,260
101,201
264,292
37,6
72,52,101
319,176,12,65
133,79
276,160,225
258,280,270
70,211
241,220
67,56,16,30
182,218
108,184,322
18,188
222,223,304
254,19
74,20
194,20
316,266
108,149
108,131
222,77
110,304
287,74,246,75
36,262,171,38
264,48
236,99,112
253,201
143,301,316
250,79,205
249,155
145,152
120,2
291,160
284,83,130,9
146,197,2
51,142,145
149,189,13
217,25,163
100,17
227,271
94,294,218
98,166
252,120
186,28
32,36
206,66
42,107
159,220
39,160,179
42,234
290,154
228,177,42
16,255
58,195
237,37
177,123
182,316
260,17,286
37,81,61
66,58
274,102
84,304
126,102
322,258
20,18,162,80
275,136
107,239
282,225
185,52
18,22
182,218
305,42,67
18,120,295
16,218
75,306
276,217
29,225,258
91,108
150,316
19,229,145
216,124,17
6,93,301
85,279
63,131
284,94,255
107,276
114,106
298,101
21,214
176,18
135,286
140,218
224,271,132
259,250
311,138
57,43,26
38,285,90
229,289,221
206,108,108
23,174,34
102,76
214,37
217,107
205,216,72
304,31,257
298,206
176,112,189
221,255,163
91,141,143,84
72,224,266
283,102,267
245,272
72,106
72,184,115
109,35
64,320
56,195
276,261
126,189,194,316
197,263
231,9,18
268,186
187,154
187,297,73
33,17,145,176
23,114
143,72
53,66
112,146,79
40,171
48,213,257
136,168,250
55,138
208,113
259,23
36,231,175
110,61
121,74
60,281,79
34,309,301
94,195,71
169,319
201,105
131,123
106,243,177,207
219,44
197,305
6,60,120
111,277
17,238
79,264
153,58
134,301,114
177,192
301,123,200
32,267
208,169
146,316,292
111,248
38,224,260
77,185
163,268,109
258,18
93,12
149,127
4,138
192,155
7,10
81,216
31,295,200
33,193
301,26,6
13,115,256
260,199
302,292,92
316,10
69,234
128,183
101,115
240,10
248,205
121,15
64,189
297,265
296,37,193,149
311,1
48,19
263,37
84,80
201,61
5,120
275,74
138,12
77,302
320,77
217,51,172
108,39,284
326,205
246,234
15,183
120,89
72,222
76,325
165,79
142,279
38,140
58,99,119
179,217
152,269,200
183,88
81,244
220,198
292,269
39,63
136,217,160
29,127
220,258
32,111
134,57
82,205
281,131
29,24,226
185,321
171,53
5,286
213,316
145,166
241,146
159,304
24,126
170,213
23,66
136,149
140,17
308,313
51,102,213
224,30
161,127
173,6
191,106
16,182
139,91,1
131,8,154
209,75
97,243
22,138
302,227,166
30,201
290,37,153
51,211
321,264
237,257
277,34
49,301
140,177
125,252
102,9,75
68,279
24,114
22,9
15,18
106,161
43,57,7
133,109
16,13,291
48,316
267,49
10,22,215
106,153,83
158,102,182,20
210,238,276,108
56,52
116,257,37
22,250
29,83,30
243,155,127
58,65
7,298
133,195
257,72,101
159,302
215,281
304,218
30,100
146,176,138
132,94
297,177
124,110
77,126
215,41
275,52,200
14,286
103,42
36,75,30
172,82
143,163
290,84
77,290
98,250,134
274,72
88,194,237
84,1
230,111
175,93
168,52
300,315
205,71
123,114
36,169,108
284,217
123,143,322
226,147,134
52,146
115,56
134,9
248,227
133,186,300
297,238
99,143
229,300
22,311
302,8
178,34
286,214,129
3,90
4,172,185
258,248,172
9,146
133,312
157,291,260
7,39,137
245,201
121,241
163,268,121
326,235,172
43,270
201,175
77,200,15
49,284,15
4,297,285
45,296
98,245
1,127
325,87,299
311,20
294,167
49,310
302,262,290
64,161,244
71,114
11,70
10,174,4
292,4
12,265,34
243,52
28,244
168,72,312
101,124
60,294
285,302
135,136,37
292,279,186
280,166
113,159
46,197
221,287
119,275
192,23
219,107
174,143
172,79
265,18
57,133
257,31,139
22,78,123
286,156
73,201,82
82,169,157
142,42
22,264
240,235,108
81,14,186
184,217
168,71
267,312
20,37
100,236
169,243
49,30
8,127
10,298
20,213,227
108,266
141,5
298,98,252
143,3
44,158
133,263
48,188
54,191,218
188,194
264,4
185,167
126,34,227
111,120,236
24,114
275,15
300,195
125,111
225,235,74
133,34
17,64
209,93
209,17
65,9
176,238
10,105,236,188
208,60,146
107,105,71
113,65,292
2,71
23,49
22,109
213,201
186,49,140
24,82
71,142
166,181
208,64
53,160
47,266,153
241,58
60,284
320,3
59,64
102,79
216,16,241
39,310
205,222
325,2
10,193
289,18
20,206,43
25,220
316,151
178,187
183,96
84,253
127,161
166,95
42,263
319,24
301,96
252,145
205,241
261,42,227
236,285
161,300
18,153
116,5
4,302
65,151,275
137,174,185
71,99
24,174
297,78
142,325,294
227,145
7,62
172,286
320,170,322
267,276
184,120
316,172
174,158
206,148,186
272,215
23,168
12,113
124,192
107,185
163,168,52
68,250,176
19,58,32
205,74
311,196
181,107,101
123,214,302
186,169
221,161,168
7,35,173
300,63
18,286
279,152
40,74
76,161,23
19,302,319
129,3
145,102,276
271,169,27
272,205
258,1,116
40,152,127
176,59,43
107,241,153
161,73
160,296
49,100
5,1
101,261
278,138
161,281,22
289,48
192,124
142,210,200
124,30,157
74,248
82,113
76,174
100,89
248,147,267
262,184
222,278,209
208,112,205
30,276
234,130
161,280
161,82
108,81
305,188,206
111,171
138,51
268,30
291,213,263
290,22
152,107
118,191
246,241
237,22
115,49
125,170
258,42
169,1,173
208,64
108,271
226,280
250,315,133
18,47
284,101,55
3,287
85,206
23,98
41,17
124,5
224,62
141,249
134,91
161,134
78,154
187,256
108,177
113,43
110,64,88
173,289,217
192,125,99
312,173
4,176,69
301,261
112,157
185,51
268,297
295,152
301,56
201,108,275,234
19,95,58
43,178
48,112
293,184
31,165
262,227
111,275
106,257
161,316
205,241
9,128
266,115
183,100
275,35
301,261
34,70,106
279,49,137
50,32
284,100
141,22
52,134
22,208
44,92
215,276
101,65
23,49
116,50,215
260,184
184,121
184,29
278,104,114
305,237
47,283
1,240
137,201
205,172,257
268,309,172
65,212
136,134,315
51,124
271,80
287,216
209,139
267,112
71,81
284,83
72,181
176,111
29,201
80,146
298,111
60,177
17,7
278,283
87,136
171,88
115,195,134
325,33,290
32,245
37,94,185,70
120,268
179,202,76
189,168,55
43,140,249
142,127
33,4,146
197,260
315,153,34
241,156,123
241,286,103,72
33,30,232,63
220,224,196
76,9
284,218
33,293,3
240,12,148
254,150
286,84
278,3,79
298,58,41
81,15,188
41,297,195,80
90,247,195,169
312,101
199,124,118,169,30
202,287
286,202
56,296,292
17,124
3,5,295,51
217,234,84
6,36
34,115,199
161,322
125,47,297
176,160
91,3,280
279,147
169,178
59,84
6,70
55,266
114,48,79
22,196,114
18,43
53,184
169,150,19,20
177,250
219,255
114,28
68,89,154
107,17
15,244
105,3
75,74
64,163
16,20
171,108
289,171
111,23,14
178,157
175,271
116,173,12
250,84
51,259
20,217,28
132,70,202
279,108,27
33,174
300,78,169
80,172,250
3,262,220
1,298
46,94
3,258
49,244
39,139
58,246
140,313
134,73
20,279
232,142,290
122,134
56,102
205,85
25,297
131,40
247,138
107,120
120,9
55,202
232,9
317,186
157,163
36,322,252
108,214
101,184
217,157,169
210,278
57,274
48,189
99,1
112,189,53
248,49,26
280,265
89,314
112,155
149,70
274,71
242,218,139
211,167
242,105
223,47
226,185
124,161
95,284
232,31
74,27
130,285,315
264,214
7,161
234,183
113,241
108,206
11,240
317,115
272,304
5,55
218,5
260,209
114,177
113,280,292
299,63
297,181
41,299,255
154,223
194,111,152
118,100
126,163
34,311
195,58,106
167,249
271,174
196,169
94,5
98,248
43,19,29,283
295,291
178,206
251,317
177,226
9,57,54
257,12
225,102,235
61,75
23,75
43,15
34,236
227,108
163,94
3,19
274,38,246
192,185,77
157,48,138
116,129
105,23
92,61
206,112
302,108
39,176
149,6
225,20,67
114,292
247,72
236,212
127,24,304
72,53
245,260
111,124
12,87
116,4,220
60,74
178,178
221,64
104,65,55
28,224,192
112,27
125,106
7,195,147
205,79
243,261,221,286
164,205
60,291
147,111
198,212
206,19
245,125
180,102
49,160,152
136,187,270,60
73,101,174
89,174,61
267,251
94,136
140,63,58
204,291,264
300,316
91,31
302,52,43,55
173,100
266,56
161,46
29,171,268
88,237
28,268,125,153
212,60,12
103,40
188,107,23
176,236
23,255
166,72
81,42,325,112
161,161,72,107
297,196,94
22,275
195,108
19,38
47,238,234
51,186,139
141,17,114
227,107,303
201,217
51,120
142,172,32,79
29,301,227
74,241
289,125,66
205,219
14,241
325,311
149,13,113
101,127
26,241
195,268,60
49,112,89,49
210,234,208
23,74,262
89,61
145,22
74,39,234,187
52,234
49,111,79
57,189
10,137,134
48,182
284,263,23
258,152,248,24
89,71,322
114,103,18
176,289,313
25,107,174
108,221,15
165,154
29,294,291
99,151
205,142,108
157,9
195,163
155,184
285,9
140,144,124,209
21,15,62
295,75
23,33
88,279,260,290
251,289,108
292,64
198,72
32,287
9,49,161
145,132,166
298,2,250
304,22,30
263,228
262,264,98
156,274
15,161
114,286
127,24,290,83
198,255
14,62,10,123
254,166
196,20,11
255,48
127,9,98,175
112,266,175
74,105,291
104,172
185,284
87,269
152,244,15
193,41
107,23
210,100,229
27,160
282,209,136
214,127,12
270,34,182
64,59
39,94
88,265,10
157,72
91,162,143
204,129,284
34,301,93,202
138,161,75
262,74
11,100,123
236,5
267,140
186,265
137,77,284,107
285,251,212
175,94
316,228
99,182
234,89,280
12,129
207,161
161,320,103
175,110
166,232
88,3
162,61
277,174,17
304,249
56,201,212
75,6
157,179
4,224,79
302,271
166,119,79
52,268
264,194
124,6,268,304
117,101
204,29
15,157,221
125,28,89
262,70
53,250
160,281
290,52,240
89,217
54,174,286
137,77,108
23,272,271
87,141
170,58
276,170
304,64
13,101
29,182
113,143
37,118,34
66,277
257,98
208,81,235
301,222
10,166
60,53,319
98,299,166
98,163
6,71
151,27,77
233,111
20,24
292,298,191,263
268,259,293
97,322,248
177,75
178,22,74,115
322,249,124,148
179,60,161
18,240,295
16,259,276
162,3,139
148,271
98,231,233
114,232
232,149
88,9
212,277,271
52,81,245
222,203,82
138,69
72,274
75,205
142,49,6
297,245
167,105
98,280
108,176
146,270,37
201,78,249
171,71,11
133,30
65,290
7,134,224
98,39
65,37,187
7,6
304,100
157,114
133,250
22,32
195,27
295,168,48
1,7
162,304,120
277,301,272
188,24
12,309
90,99
112,81,32
247,3
58,82
11,22,215
84,71,131
90,309
3,56
126,176
133,218
34,202,178,316
174,97,76
65,323
98,206,246
142,267
244,292
3,115,240
161,161
209,275,61
64,127,34
168,13,244
38,315,98
131,146,226
240,34
193,99,37
148,74
22,28,279
255,258,63
210,216
316,30
101,63
81,83
15,60,26
194,320
313,146,172
234,52,43
107,248
23,325
168,97,167
316,120
264,100
30,172,37,108
16,316
215,246
173,20
266,29
124,315,163
101,200
263,124,274
106,262
29,138,27
34,240,101
224,201,154
300,133
144,225
225,18
302,20
183,214,115
286,67
159,245
43,41
22,252
257,200
293,258,143
38,116
240,146,181
106,101
75,71
163,178
212,212
178,129
11,142
170,96
178,80
206,263,270
182,6
316,101,308
74,20,43
223,236,1
216,163,223,98
205,317,71,285
172,224,76
105,61
238,166
81,249
37,61
96,192
157,188,104
26,43
206,66,117
48,163
187,127
207,173,215
166,260
257,22
168,48,61
286,320
223,230
282,185,275,121
38,288,66
226,34,280
112,189,103
272,143,168
169,166,270
17,149
173,85
316,74,264
94,108,302
21,9
279,18
238,178
131,84
82,152,9
74,25
150,103,75
87,214,156
189,56
131,202,34
301,302,209
37,298,268
299,152
258,300
217,284,15,284
63,3,276
287,152,131
83,289,274
134,74,196,257
75,114
3,201
142,176,120,98
225,107
271,172,64
185,171,127
244,123,94
280,87,248,89
116,107
112,90
12,127,20,15
163,176,224
287,58,202
17,47,220
43,9,82
57,115,68
129,48
313,8,167
232,275,38
216,30
17,154
1,313
185,206,175
59,164
9,32
98,99
30,249
301,125
241,216
1,157
181,119
266,312
235,77
40,64,170
1,313
203,105
75,189,143
18,23
188,112
169,100,270
134,105,18
206,88
231,163
17,112,145
183,34
7,91
247,76,58
301,208
227,18,84
228,194
65,133
167,65
98,125
166,197
219,136
292,268,184
279,142,75
39,62,140
195,151,108
75,201
37,186,77
34,109,32
176,105
184,265
262,20
85,99
199,74
148,257
160,209,100
218,136
216,184
121,42
116,175
275,74
61,137
116,230
146,205
31,36
169,220
45,280
282,18,73
101,256
231,161
153,78
266,93
264,316
52,124
92,14
101,161
174,308
72,15
55,245
284,31
150,185
18,216
226,89
134,49
111,229
241,111,275
133,325
38,83,79
36,270
280,86
42,15
102,228
34,279
77,143
4,178
52,138
292,264
86,83,228
192,166
179,128,114
71,264,36
280,49,10,63
227,50,49,104
89,121
309,322
250,77
257,106,147
96,232,285
140,22,22,84
133,186
231,204
170,5
17,91
55,186
61,238
78,240
98,112
296,200
29,138,157
75,297
12,162,49
114,86,85
81,161,290
39,29
148,241
39,87
307,196,136
264,154
195,255
99,61,24
171,273,283
133,34
94,202
216,105,226
71,213,49
112,18
115,223
29,160
214,183
72,162
258,78
161,320,28
305,107
60,308,3
11,72
120,149,81
115,177
6,241
110,212
200,150
244,18
212,107
11,65
65,70,42
47,268
227,163,56
202,89
255,176
297,188
243,205
208,174
108,230,81
171,275
136,76
57,48
50,129
6,94
260,192
174,174
52,163
231,75,160
275,39,60
131,172,71
289,200
197,112,46
49,301
115,280
221,145,8
109,179,238
138,116
89,206,84
296,123
18,300
134,163,290
305,113
184,78,10
120,177,201
255,153
255,258,233
163,108,27,191
183,34,302
125,164,31
163,113
18,199,61
34,178,22
184,60
320,302,18,124
315,129
28,203,22
176,324
105,115
263,195
14,39,37
168,291
142,127
47,186
263,3
63,226
112,291,187
264,70,194
218,297
201,147
262,53
255,304
299,209
138,157,12
263,264,34
72,29
29,41,37
76,89
75,232
105,208
270,65,162
84,121,212
26,241
228,4,301
294,61
195,131
184,161,226,58
217,158
216,73,115
100,71
57,270,145
233,302
185,237
170,9,57
31,273
127,17,116
182,125,202
114,256
36,16
135,34
96,138
232,68
121,30
82,42,15
60,34
8,166
60,203
121,168
241,268
5,182
212,61,116
244,301
298,71
198,201
310,56,33
280,92
298,261
114,65
234,145
193,124
215,52
222,131
6,89
322,188,140
59,166,302
185,212
127,94
203,40
129,171,186
213,107
30,52
160,128,75
136,263
83,66
60,38
64,106
166,309
201,166,3
89,67
115,23
76,102
312,51
52,252
83,159
235,64,171,3
66,19
178,200
154,47
260,216,186
325,39,32
316,194
18,286,57
280,210
236,135
176,87
17,60
161,245
176,114,201,49
5,22
10,22
137,5
74,78
59,200
104,96
32,279,72
146,222,108
322,272,48
129,286
110,173,106
24,185,5
28,166
52,159
285,47,189
173,42
286,107
89,127
51,95,10
261,14,290
107,295
161,201,214,184
197,297,89
94,226
216,21
196,309,153
316,158,30
133,291,238
4,263,17
87,140
152,175
84,33
322,131
62,213
174,238
121,34
114,161
70,80
280,232,84
166,198,259
298,33
91,149,216,77
47,218
183,279,77
284,46,221
270,207
283,84,217
198,126
72,178,129
227,19
49,258,304,91
213,108
277,298,60
77,146
233,298
48,81
109,114
4,267,75
13,174,143
320,286,107
51,264,244
127,72
301,262,320
59,116
276,16
210,205,148
51,17,206
134,107
71,84,169
183,144
166,80,237
64,195
255,83
26,78
7,60,169
232,12
218,268
2,51
77,265,286
55,231
18,256,52
293,109
18,35
173,123,124
101,130
277,300
151,302
75,205
215,98
168,118,200
166,304
193,117
52,143,163
286,224,216
180,186
279,286
186,241
240,241,258
319,51,224,72
209,273
224,297
228,101
79,160
218,293,113
65,35
117,92
208,49
172,290
132,90,64
272,33
308,215,25
80,316
19,153,183
252,116
236,153
277,170,113
118,74,75
95,121,103
20,315,291
212,133
205,75,189,199
258,42
241,280
123,262
218,216
67,64
103,209
10,11
129,185
249,280,34
97,216
248,101
209,146
289,176
61,9,218
124,161
100,133,134,300
88,57
127,93
279,320,74
187,171
237,134,156
159,289,287
48,84
254,286
286,19
221,152
171,91
72,45,290
201,96
177,91
252,273,202
58,78,46
160,17
60,182
123,215
259,77
71,141,178
23,158
301,67
107,177
58,232,181
86,43
116,168
321,257
263,43,304
57,49
169,230
146,9,256
260,281
38,146,133
106,18,283
189,228
225,232,125
48,163
95,133
119,22,137,79
315,65,317
261,79,266
97,76,56
82,274
192,192
232,124,97
207,284,216
212,202,3
9,134
193,188
30,295,116
316,177,39
250,290
38,279,130
96,34
317,236
134,101
157,71
160,131
168,177
103,46
139,55
222,88
22,10
51,312,211
260,298
241,184
18,196
76,267,221
10,58
215,100
37,263,58
12,120
22,146
265,117,145
90,308
301,259,240
49,259
195,94
126,5
127,92
120,295,243
232,75,220
81,246,144
133,73,68
34,6
218,319
13,74
297,31
44,120
278,253
74,302,34
18,160,27
31,13
259,31
178,109
124,65
258,34
292,70,18
23,315
108,218,246
105,127
304,201
117,50
259,245
257,106
87,116
45,168
279,94
34,6
101,36
85,39
94,1
287,170,169
201,234,159
106,206
134,214,112,10
219,114,115
240,74
278,111,101
242,205,178
112,235,322
291,30
18,142
322,248
57,296
311,260
100,5,176
308,175
30,71
304,67
304,72,173
108,49,177,56
22,17
18,23
168,60
147,193,201
12,61
216,91
133,221
107,255,142
241,250,168,37
168,173,277
146,3
175,149
170,228
15,14
77,154,109
163,276,248
161,286
195,66
120,10
177,291,83
286,149,287
279,161
134,101
250,181
277,76
245,92
84,16
113,212,132
97,23
151,96,127
186,304
292,31
244,272
53,302
11,183
65,139
142,169
53,35
219,258
151,317
1,90
320,161
123,34
276,9
202,119
148,103,62
248,127,85
47,37,195,22
172,291
164,206
231,320,150
184,194,217,274
1,325,160
263,32
48,105
90,114
286,100
195,230
73,9
302,296
14,134
322,42
29,120
286,127,22
168,107,12
100,264
74,232
93,167
191,279
49,292
279,218
184,33,19
263,286
48,74,42
284,313
127,9,22
113,164
124,223,320
176,272,34
172,326
325,23
159,108
117,322
208,178,271
89,313
9,259,307
266,8
133,137
58,81
230,149
285,98,216
42,63
10,80
301,301,301
23,3
32,173
291,168
126,84
61,238
11,221
114,23
169,176
127,127
226,250
30,284
159,146
234,66
42,180,77
90,105
245,298,39
103,234
227,311
20,29
108,61
280,184
60,5
85,281,26
231,66
12,116
273,304
302,48
222,206
147,35
222,161
22,312
205,123
227,114
14,258
123,224
90,61
28,66
87,184,291
63,72,161
6,267,206
42,76
268,12
291,114
179,4
123,97,179
251,197
22,286
33,53
5,58
174,80
174,23
274,98
72,170
15,57,171
278,313
112,124
21,243
3,89,98
28,100
206,195
249,275
18,181
81,111
51,184
172,220
184,248,42
281,79,52
82,139,230
184,66
264,209
291,209
74,273
120,84
109,14
5,102,72
232,149
60,273
271,72
29,20
81,101
243,290
63,5,147
166,127,4
74,7,106
136,125
57,287,94
133,264,183
205,147
278,271
42,107,293
60,60
272,71,154
81,142
138,297
42,17
140,241,184
76,24
14,104
37,45,192
136,297,316
197,90
25,163,5
34,14
154,34
115,70,81
29,70
101,16
108,252
76,174
98,320
71,4,172
84,215
62,258
272,173
109,105
60,313,109
31,71,289
284,60
152,161,8
68,262,79
268,221,88
157,317
9,130
182,196
44,245
94,28
80,107
140,320,30
304,152
107,188,57
181,75
258,136
35,60
111,9
189,57
137,186
201,188
179,258
24,159
181,142,117
48,134
66,189,296
82,185,204
290,121
8,73,280
119,27
231,77
295,9
48,311
53,254
60,29
129,274
147,97
286,186,326
311,319
204,260,154
152,300
141,85,40
177,258
144,169
129,93
146,22
102,66,137
188,81
136,226
325,145
288,299
261,134
93,306
187,23,5
172,166
3,172,193
7,253
229,209,219
4,23
5,74
85,145,197,134
217,24,152,112
30,189
174,140
161,109
274,134,227
157,302
157,83
79,221,96
297,74
253,59,197
167,290,290
257,5
137,123
286,264,48
152,10,244
70,34,228
9,77,129
268,273,323
22,142
4,60
148,177
90,153
164,12
42,245
200,44
313,221
276,268
224,159,87
77,201
312,17
274,243,297
72,164
43,211
17,71
202,77,272
82,126
212,112,10
39,112
102,242,103
79,325
131,69
55,142,51,84
320,172,198
84,27
265,184
245,71
228,186
171,326
9,79
28,74,268,315
56,161
169,236
131,112,222
116,298
187,228
231,100,15
168,64,115
168,217
24,96,43
8,59
270,179
42,167,121
258,75
175,118
39,173
261,76,294,208
161,127
124,30
216,105
317,183
184,176
176,162
75,264
167,101,218
63,93,15
289,27
20,279,144
211,79,88
92,284,73
221,215
11,183,86
113,65,257
134,140,39
217,213
184,281
285,295
9,5,71
117,205
107,202
36,98
171,201,107
235,154
294,260,301
129,19,140
117,77,241
98,206,52
242,101
79,263
129,127
212,12,31
237,105,84
8,304
112,90
70,108
215,104,16
292,252,81
172,154,241,137
61,216
272,64,243
134,270
1,77,129
140,89,107
49,178,84
111,111,99,203
173,85
243,153,276
131,30,107
106,210,52
217,285,232
296,266,297
58,81,216
64,148,133
107,127,303
116,68
301,152
221,267,30
51,123
75,108
84,198,225,248
283,117,129,210
35,17
114,1
271,161,127
93,62,107
49,61
280,82,23
55,294
161,84,37,76
12,224
125,275,160
39,202,107,297
105,23,172
87,83,267
74,248
107,130,312,106
48,257,186
134,187
227,102,261
164,120,169
46,225,248,161,169
10,47,221
197,161,83
268,299,49
89,1,45
237,23,284
58,234
40,212
3,107
193,67,284,116
55,53,246,138
183,114
22,280
108,145
113,52,188
105,215
277,61,200
297,98,114
76,55
56,107,255
114,160
55,31,105
179,185,218
246,302,196
232,184,186
216,142
253,114
49,114,258
123,272,102
137,188,201
97,255
182,77,87
226,42,253
176,73
11,187,90
15,195,58
169,159,11
74,225
107,51,301
27,157
44,102,257
70,86
311,280
121,161
301,148
270,185,183
287,35
284,187
195,183
65,80,186
140,38
79,94
169,149,92
231,169
79,284
20,114
300,10
166,183,120
280,19,34
231,34,195
21,107,322
96,189,214
90,250
143,150
76,286
160,280,201
20,115
120,59,49
261,218,44
300,270
287,9
97,114,275
178,322
112,178,300
302,292
27,33,118
302,293,213
107,107,265
36,98
69,159
19,297
247,197
74,159
98,325,17
160,112
30,175
261,179
177,268
285,112
189,268
303,291
96,83
205,227,42
153,185
32,232
165,298,320
17,251,158
321,284,187
152,214,5
107,227
284,71,279
81,108
241,215,157
185,149
136,249
12,50
77,126
77,126
79,133
240,99
187,12
36,286
107,120
175,31
304,37
265,160
142,284
244,238
319,267,236
34,33,29
30,123,131
319,53,284
154,297
30,254
94,5
275,163
313,133,171
184,105,49
84,312,99
107,6,249
42,304,134
126,3
253,138
76,232
9,258
280,234,195
243,147,104
91,79
218,114,274
263,49
21,298
187,297
18,149
140,114
211,13
150,315
108,149,280
261,295,236
201,292
73,57
320,23
124,133
61,280
262,301
23,104
198,22
284,202,152
267,137
37,60
232,57
137,18
271,215
322,29,168
140,169
160,228
37,211
288,300
33,115
182,284
115,17
171,255
97,49
107,261
55,315
212,117
107,138
65,84
78,112
22,281
148,48
266,143
84,29,47
184,215
317,105
127,17
133,38
102,60
11,37
255,254,159
185,36
10,7
35,10,49
53,65
220,161,294
287,93
150,9,89
80,291,163,254
293,136
210,71
111,202
101,18
5,71
262,216
116,176
271,215
78,37
18,17
144,173
227,282,221
29,77,48
248,280
220,42
163,17
99,222
152,122
98,44,168
226,208
100,177
246,56,107
261,187,284
287,37
32,106
121,92
233,263,323
284,321
170,293
300,64,275
280,88,173
254,54,30
124,221
10,97
111,197
4,146
169,291,22
236,271
280,114
218,298
86,87
198,261
317,315
267,261
205,92
13,161,114
146,154
219,121,177
41,255,273
256,257
154,302,263
70,265
301,64,231
12,304
94,295
93,146
67,258
86,105,315
9,24
82,61,77
275,112,314
280,301
152,152
284,159
312,315
218,17,254
19,134,275,216
21,4
163,176,279,186
284,293,143
209,184,142
13,49,284
280,273
111,140
325,126,313
36,194
298,322,83
114,285,312
316,127,150
89,113,271
52,75
248,54
118,58
105,246
320,227
98,161,111
77,269
112,74
4,102,38,241
73,300
222,177
176,258
117,223
133,85
302,261,203
121,142,132
263,257,271
227,49,161
294,165
27,11
76,219
211,80
31,202,221
104,159,160
75,147,184
306,72
79,216
171,205,263,89
142,235
108,173
39,9
219,229,243
36,100
1,120
325,193
4,111
241,47,18
32,316
280,72
107,224
22,204,161
76,229
262,277
3,292
11,145,245
131,185
207,117,248,49
34,53
53,90,189
142,249,143
115,116
38,138,170
227,2
204,197
206,78
140,184
150,65
322,112
166,87,9
43,83
325,130
247,110
189,166
91,309
217,174
124,34
264,254
133,5
52,240,52
205,122
205,248
184,266
78,205
209,47
41,90
263,292
201,17
9,72,195
309,1
51,234
320,287
150,295,22
67,145
291,44,29
173,286
160,42
61,50,17
124,33,127
227,31
260,107
56,301,75
184,175
158,284,293
185,3
45,71
30,197
177,152,56
31,297,45
97,253
182,244
136,18
56,99
76,261
20,93
185,158
23,17,310
38,280
92,111
46,65
129,71
127,55
304,10
224,275
205,7
151,187,75
285,49,247
225,198,179
271,64,313
166,293,224,47
261,86,285,83
227,48,146,237
118,112
258,120
297,197,182
48,76,52
33,108
106,237,180
114,17,88
59,153,74
175,116
61,58,165,106
24,248
163,131,47
244,127
241,182,318
207,49,166
202,121,80
291,162,168
94,175,93
216,98
48,280,308
62,261
175,47
225,123,289
241,37
266,207,172
264,2,296
73,103,85
166,198
108,238
83,129
56,66
304,186,57
4,212,32
172,114,140
147,146
109,301,187
98,17
72,84,9
100,70,322
23,278,304
149,24,173
99,234,214
261,64,185
267,100,287
243,168,136
177,92
166,114,214
96,319,210
22,268,82
202,274
124,109,49
317,81
83,325,6
38,22,27,140
300,197,116
3,290,164
5,256,58
94,29,40
182,127,76
257,132,112
277,116,189
216,94,26,31
31,235,231
31,164,316
88,58
186,284,100
275,96
285,308
39,48
74,65,108
8,57,166
22,275
176,89,42
12,11,172
171,132
287,24,216
133,136
65,108
201,100,271,15
127,139
81,96,28
178,152,32
39,27
171,42,303,247
297,124
264,37,13
108,231,77
230,190
253,58
285,140
106,71
34,157,170
195,170,154,98
29,18
300,175
265,230,275
111,20
324,134,98
34,72
285,286
64,31
235,37,169
51,158
17,88,304
277,107
205,32
69,60
233,248,264
7,98
157,185
2,300,145
301,117
175,56,257
177,287,300
314,127,262
50,123
185,93,126
72,31
232,104
34,266
121,40
94,44
84,176,149
27,31
115,131,84
42,91
64,231
227,112,84
124,308
16,87,87
166,272,275
203,298
32,262
160,182
304,228
274,77
195,201
174,77
244,264
258,317
266,48,10
136,71,172
217,145,91
102,177,317
252,22,72
313,285,59
174,222
251,132,26
34,275,275
71,8
61,77
14,114,16
52,300,10
81,240,286
195,137,174
15,153
195,218,38
198,117,177
212,58,34
172,3
267,3
58,65,221
189,297
155,150
278,177,42
38,105
214,34
58,4
18,65,204
248,115,159
177,210
70,12
87,58
40,251
125,121
131,117,142
271,67
3,32,32
38,134
44,208
146,30
88,298,142
296,2,80
208,241
86,183
197,209
98,186
107,192,257
87,272,93
109,254,64
65,297,113,39
134,302,128
147,202
78,5,87
32,52
188,142,107
286,3
126,132,32
140,310
58,232
265,167,240
202,81,47
5,277,325
174,257
65,47
186,66,271
132,23
168,15
111,17,274
167,121,254
10,303,160
270,310,81
315,195
102,76,64,60
186,223,119
93,68
302,259
75,232
215,87,191
170,256,153
43,272
96,204
150,131
94,94
235,280,30
127,256
216,267
131,213
143,276,111
76,107,77
180,25
143,317
98,113
83,188
217,63
111,271
139,198,189
196,120,271
154,238
174,111
2,183
204,267
267,87,234
276,217,22
177,193,12
299,132,84
92,75,74
64,322,255
208,11,218
275,117,193
43,112
148,77
131,2
109,150,247
270,64
213,225,137
10,247
88,243
192,164
127,160
88,216
177,120
183,51
112,269
302,60
12,191,11
97,261
46,231
304,24,98
127,33
38,216,223
60,8,148
205,10,133
316,278
80,84,78
175,248
79,205
257,157
219,283
98,138
52,89
112,208
99,289
270,177
317,22,162
120,149
142,49,22
85,94
265,42,227
61,152
300,13,115
52,118
5,173,70
32,163
108,184
161,50
159,74,9
17,268,39
302,201,225
317,102,284
25,112
174,301,261,171
112,97
84,119,278
84,315
282,9,1
245,130
129,4
246,105,19
18,134,143
244,160
98,287
218,102
11,31
89,173
203,3
210,290,292,159
20,204
101,30
102,280
169,195
5,131,217
169,1,48
65,323
34,187
181,38
170,224,168
188,161
214,201
17,75,139
183,148
154,261
301,222
232,172
100,84,170
304,135
56,286
180,22
26,77,123
284,23
2,184
139,98
132,297
99,226,275
126,32
242,228
74,75
116,318
14,210
244,186
16,209
113,65
64,174,129
134,282
172,79
277,241
171,89
42,35,20
138,125
144,71,50
250,22,9
108,64,146
322,58,18
188,250,43
14,187,48
25,257,100
153,272
146,185
124,126
275,325
188,166
294,47
248,176
72,298,304
99,234
20,298,83
79,187
224,106,9
18,119,243
275,81,262
160,287,127
88,114
212,75,198
124,107,122,214
6,134,215
17,91,228
101,6
10,6
198,320
22,221
13,47,185
49,305
66,142
67,191
184,17
163,99
295,12,142
66,151,20
3,1
3,266
258,238,29
192,3
34,291
173,258
82,183,16
3,33
103,191
96,228,280
206,11,253
277,24
290,60
217,139,120
61,156
322,186
5,187
77,290
71,104
136,76
238,137,195
13,173,9
172,325
133,19
82,96,204,285
313,22
102,11
291,319
116,124,161
124,238,106
15,160
195,188
216,134,42
315,91,94
149,72
94,205
316,68
210,183
68,201,108
9,113
280,120
243,83,160
28,78
151,7
127,61
227,42
310,119
86,291,272
285,301,207
140,149
56,304
113,241
247,108,83,77
140,11,159
66,51
26,314
87,77
184,206
280,287
12,43
161,55,159
319,5
83,276
30,113
115,215
204,208
36,247,9
36,313
287,75,12
301,131
163,222
163,114
160,241,325
127,93
65,82,34
174,60
106,148
226,317
234,166,292
127,133,55
292,127
146,112
175,112
267,311,177
258,158,140
60,247
255,20
85,312
26,312,100,12
16,210
263,117
284,206,152
289,84
36,226
29,261
246,258
3,61,205
52,227,266
49,226
131,108
17,61,52
120,99
72,170,83
281,120
172,48,37
22,279
17,126
98,232
48,94
163,101,114
90,176
84,279
128,67
227,183,54
267,197,178,212
43,43
187,19
252,62
245,108
16,194
60,17
123,44
30,66
87,92
25,70,198
198,47
211,37,17
214,257
12,43,193,123
110,146
114,284,176
301,140
23,58,72
94,105
242,48,134
87,109
197,65,176
4,202,81
311,143
192,99
182,322,257
168,176
143,221
7,323
267,316,234
12,143
189,115
62,79
142,130
204,257
149,27
99,172,56
52,23
269,106
33,286
298,210
72,286
86,120,81
298,43,46,4
168,320,121
9,77,238
71,159,320
52,67
184,161,39
67,152,28
177,268,235
134,198,37
286,204
148,189
129,75,172
5,114,216
9,179,81
186,286
276,113
137,75
121,115
139,267
205,274
258,298
4,107,18,134
241,195
172,183,171
183,55
114,56
72,115,4
111,286,38
240,202
48,230
199,214
231,319
160,87
202,34,228
108,291,39
264,53,25
144,124,284,73
322,270,244,245
293,216
299,268
323,74
108,302
258,219
248,205,71
140,312,247
107,215,225
30,187,127
150,170,292
94,18
263,142,312
52,238
266,234
16,103,79
72,77
231,270
168,133,120
110,287,91
58,219,79
166,227,123
326,172,292
43,136
217,48
215,114
169,302
67,84
108,316
3,74
107,105,280
13,67,17
21,220
163,116
241,299
157,254,2
236,29
162,91
195,257
323,210
12,69
33,238
171,188,252
316,255
132,251,4
205,115
140,168,235
99,209,11
31,219
5,57
301,126
174,134
71,316
310,279
148,74
265,133,245
101,54,286
114,140
170,18
56,265,268
147,297
206,223
175,136
27,79
107,42
93,284
76,75,49
300,106,312
116,66
91,72
118,205
275,72
27,286
172,291
62,292,141
232,138,172
302,276,59
225,248
279,179,39
157,140
280,280
13,9
267,81,78
286,291
12,64,25
317,1
168,236
123,303,37
115,252
280,264
17,120
248,286,302
37,108
75,215
48,112
140,107,77
228,132,161
264,114,291
79,159,8
156,210,143
264,277,115,132
5,198
274,80
101,83,263
293,4,210
5,184
28,163,173
90,79
76,1,28
245,114,238
194,251
214,286,146
260,310
7,141,212
3,312
9,170,183
157,47,120
203,121,42,89
38,60,172
12,7
67,58
169,32
187,10
313,127
232,25
140,210
102,255
223,71
238,295
60,31
261,111,294
122,189
136,119
176,28,31
168,9,321,165
301,85
5,217,175
205,20
69,74
42,69,42
248,160,89
63,140
219,248,146,257
20,131,127
309,62
189,6
50,71,294
255,184
248,208,42,271
77,17,304
236,196
202,34,181
61,79
112,260
298,198
160,133
184,273
94,246
175,265,265,22
267,148,22
231,162
178,225
228,81
81,145,154
125,219
275,123,206
229,34
144,134
205,202,253
156,178,297
129,37,294,37
168,170,186
63,206,281
203,178,8,88
65,180,114
20,60,5
52,66,146
108,305
172,305,166
78,136,169
325,79
188,124
202,50
4,320
160,124,20
99,105
2,212,37
117,85,133
87,213
183,200
282,16
326,283,183
196,111
48,99,78
106,123,291
245,68,201
217,310
18,32
83,47,174
30,279
31,188,276
73,40,281
124,297
31,121,52
219,89
93,120
313,69,90
10,274,123
157,67,262
232,174,284
260,12
94,17
283,21
81,270,9
288,214
3,28
217,47
14,161
81,107
297,226
127,174,171
207,55
124,234,42
205,207,26
140,123
124,4
244,49
171,60
7,73
286,140
114,112,52
220,17
52,102
98,247
31,151
127,178,6
54,301,160
245,57
295,143,250
36,223
178,202,191
146,93
227,161
41,147,249
284,262
286,293
185,157
246,285
220,225,297
205,120
61,285
241,18
147,37,292
231,186
205,72
51,178
57,84
265,55,150
206,18
172,173
280,192
235,93
127,12
19,60
197,107
104,163
98,60
85,142
238,160
9,174
3,146
279,300
148,240,211
25,76
319,21
182,140
257,100,213
49,33,322
13,102
192,246,2
311,162
89,234
17,214
58,189
279,37,61
302,196
176,275
128,27
19,243
157,268
155,71
131,51
317,129
218,212,239
281,169,193
159,213,111
250,133
134,186
161,142,102
253,153,101
257,205,236
46,208,325
260,269
315,21,286
3,302
304,170
144,31
124,107
34,60
237,102
93,20,173
146,94,26
168,205
58,172
146,298
154,9,252
100,47
211,130
126,23
275,217
265,241
125,99
257,257
99,87,143
238,186,285
268,323,8
64,147,145
262,298,134
87,172
257,70
123,192
176,232
254,215
71,260
114,178,12
258,38
246,276
171,71,248
256,60,16
23,304
38,99,29
16,249,157
209,34,101
205,194,228
44,101
39,52,85
279,22
71,114
160,275
311,186,213
24,305
286,115
153,76,268
172,86
106,305,108
153,268,298
76,320,263
27,140,24
147,241
286,246,214
313,108
120,153,36
133,108
275,280
205,109
178,279,184
302,71
22,317,195
42,254
18,227
17,300
53,5
80,179
310,141
153,145
201,51
280,65
251,160
87,4
3,142
210,201
134,172,75
218,315
184,213
8,55
123,152
255,171
75,16,238
22,171
94,56
184,74
193,19
312,131,76
8,3,60
77,81
250,137
58,39,175
234,185
175,143,212
4,4
154,177
292,161
243,230
89,143
273,103,168
273,50
113,71
90,69
3,213
112,131
112,20
124,188,121
231,304
5,99,133
39,101,174
185,85,267
297,322
99,268,168
184,252
152,322
163,172,80
213,24
12,38
245,17
266,189
228,108
85,91
201,195
163,130
233,91
292,108
265,73
185,55
314,297,58
79,229
215,211
173,304,133
275,88
48,29
302,300,264
225,49
244,157,163
42,172
257,287,187
121,49
79,108,1
248,83
90,311,143
39,157,252
15,111,115
291,200
97,185,133
87,178
282,196,234
168,241,166
7,232,220
70,157
279,11
301,89
248,52,233
33,224
212,162
125,158
205,66
166,228,42
175,209
98,127,138
134,79,118
224,55,30
107,150
225,222
66,33,275
4,16,292
241,164
254,279
272,325
198,98
302,173,18
278,211
238,18,221
261,275
171,250
91,181
301,160
174,108
182,268
186,300
107,1
9,224
198,255
177,160
189,30,28
228,67
4,267,161
264,89
270,160
17,84
124,234
222,107
77,61
72,192
241,99
248,132,31
132,87
12,18
309,225,76
169,53
71,163
103,48
136,81
107,275
139,206,56
78,9
198,258
262,213
240,9
248,169
198,150
195,217,241
193,63
224,147
145,108
317,1,193
18,51
218,270,254
147,29
30,302
302,193
306,82
160,98
192,15
215,77
87,52
322,101
168,95,113
46,186,96
169,133,161
108,151
217,109
49,175
276,68
317,55
295,159
146,61
287,252
235,145
276,205
246,23
266,176
93,301
172,42,129
