0,1,2
3,4
5,6
7,8,9
10,11
12,13
14,15
16,17,18
19,20
21,22,23
24,25
14,15,26
27,28
29,30
31,32
33,34
35,36
37,38
39,19
40,41,42
43,44
45,46
12,47,48
49,50
46,51
52,26
48,45
53,20,54,55,56
57,58
59,60
61,62
63,64
18,65
66,67
68,44
69,49
69,70
71,72
73,74
75,19,20
76,77,15
78,74,79
80,81
82,78
83,33,84
85,86
87,88,89
90,91,92
77,93
94,95
96,97
98,58,99
97,70,100
101,102
103,104
13,105
106,33,72
107,108
109,110,31
111,112
110,59,64
72,33,111
26,113
114,87
30,115
70,116
117,118
119,120,121
122,123
124,13,74
90,26
24,125
1,126,59
90,127
87,32
57,90
128,129,32,130
126,131,109
48,132
29,133
46,77,134
95,94
135,136,101
26,98
137,138
139,121
64,21,140
141,142
143,48
144,78
145,10
146,147
19,76
147,109
139,108
71,88
148,72,25
149,150,146
57,151
82,36
152,153
154,155
156,157
61,136
94,158
86,34
159,160,52
161,162,163
130,104
86,140
43,149
164,165
166,167,37,38
82,168
19,130
169,108
63,154
50,103,170
114,171
172,173,174
37,175
176,177
178,150
179,180
75,15
181,81
182,183
184,23
79,127
173,104,1,185
186,187,188,189
66,122,190
50,108,139
191,122
192,193,180
90,194,195
196,5
120,197,153
198,54
199,200,201
79,187
121,118
80,132
161,202
100,24,75
203,88
124,136
19,136
162,85
90,183,204
87,205,79
52,182
127,142
125,47
29,81
68,206,207
50,47,208
209,92
72,210
211,56
124,79
212,213
85,116,214
83,72
215,216
138,76
147,215
153,48
217,130
218,4
211,89
95,219
102,212,220,93
221,61
222,100
38,57
223,90,56
39,26
24,195,45
9,212
43,126,87
224,225
226,101
103,167
87,227
19,72
69,97
25,149
35,64,192
85,228,7
229,230
79,231
37,162
32,71,2
63,232
29,54
233,3,75
182,124,234
235,236
143,5
59,237,172
77,0
56,223
59,103
238,15
239,162,29
240,223
241,114
242,52
72,233
126,66,152
53,150,61
48,81
119,140
75,98,208
182,74,161
38,211,12
167,60
0,243,17
244,174
60,204
94,45
90,195
245,144
58,64
246,198
247,213
107,161,82
195,137
162,28
248,23
249,246
47,113
94,223
239,191,122,36
0,151
250,138,83
36,65,169
58,110
153,122,52
182,127
80,164,94
115,251,87
77,252
187,41
235,176,89,159
196,128,198
240,96
103,140,253
254,2,255
250,202,144,195
142,148,247
66,111,54
256,257
52,56
146,258
176,103,138
246,132,221,159,259
29,184
63,150
26,124
260,122,133
0,225
54,56
202,142
218,236
48,182
80,78
125,170
87,66
108,152
3,105
40,170
156,20,241
60,86
258,114
15,138
261,139,130
189,172
262,263
4,190,69
45,76
264,265
75,140,79
35,1
80,163,249
204,143
89,266
94,76
194,49
267,32
173,147
69,90
268,154
170,29
235,5,268
151,221
47,80
269,24
210,174
85,211,187
126,1
52,93
191,239
91,45
139,170
219,24,45
75,270
185,240
54,133,176
48,253
36,31,181
271,159,60
118,214
185,15
77,26
165,248,30
86,158
20,272,94
273,22
106,5,147
63,168
170,190
50,132
173,16
157,228
136,274
87,155
140,64
140,46
71,57,158
43,165
14,87
219,92
222,99
267,129
275,146
165,168
32,87
154,87
210,239,188
109,82,77
93,52
58,140
196,257,126,240
223,229
224,46
233,209
28,276
235,276
277,278,44
91,256,121
29,82,258
234,74
269,279
68,154
56,219,4
198,15
86,280
142,272
64,47
145,200
89,131
36,157
69,60
52,281,282
1,140
257,48
152,180,142
254,182
69,283
56,137
29,74
60,284,285
275,159
169,286
2,184,163
13,187
38,287
67,132
196,274
85,288,108
145,242
249,29,43
286,205
73,189
139,285
72,113
50,163
91,83,20
289,228,157
49,92
170,74
167,98
188,54
124,78
224,195,28
161,290
24,184
228,205,153
116,240
98,124
24,218
112,182
187,288
223,139
228,269
250,18,16
97,24,195
169,160,116
61,291
86,54
63,233,165
275,46,76
66,65
54,116
167,73
173,141
61,165,258
137,185
284,74
2,62,241
45,259
47,292
293,80
139,187,13,120
250,70
74,80
239,187
109,160
222,80,158
121,141
145,294
14,175
86,187
195,259
275,216
51,13
47,249,295
97,296
267,227,270
110,129
189,132
98,87,58
40,115,297,176
190,132,189
180,139
267,243
90,70
11,191
146,227
7,139
270,32,72
263,76
262,47,26
63,136
162,74,250
45,80
135,298
180,4
192,38
53,292
89,215
250,296
240,98
26,82
219,45
258,233
290,129
164,232
162,56,216
211,215,103
128,116
163,128
203,88
6,242,15,192
26,275
53,136
198,157
103,222,47
205,299,196,164
47,15,247
180,69
288,116
69,183,251
264,300
41,95
120,224,232
38,167
103,250
41,25
92,74
285,60
89,63
104,142,122,133
301,195,45
13,189,80
170,20,49
46,112
123,86,65
114,43
97,132
197,212
82,53
157,128
40,248
254,161,139
302,216
276,94
213,109,222
138,19
2,43
250,151
127,170
236,97,240
256,69,210
118,46
247,251
157,224
264,132
35,97
99,297
30,125,88
165,268
32,267
303,272
143,187,80
202,189
67,90
94,78
176,43
101,175
255,227,19,243
142,261,18
141,304
301,56,97
200,303
139,100
256,98
6,141,52
193,31
62,145
194,269,95
185,272
187,210
30,165
151,236,110
173,126
151,46
94,60,204
118,238
174,25
59,255
186,114
243,141
167,71
192,21
242,108
187,204
98,90
185,213
212,11
304,52
249,89
15,264,172
209,261
24,299,305
126,173,17
65,4,56,133
244,83
173,250
270,7
227,75
53,68
77,21,59,266
137,189,89
165,10
50,127
222,30
52,29
2,61
124,201,8
190,187
234,170
158,217
296,249
247,306
130,99
254,15
286,224
230,274,174
101,114,175
22,240
275,64
302,191
223,95
287,198,275
282,45
50,307,17,229
248,268
81,122
167,109
168,61,62
235,22
300,256
125,138
268,109
70,90
54,254,244
25,76
193,108,1
98,93
52,262
37,38
66,308
54,8
283,22
235,29
24,195,120
127,169,288
204,180,82
20,153,170
176,240
283,189
262,167
263,92
185,240
262,132,192
74,239,144,92
11,68,1
111,20,276
20,219
104,103
209,59
303,247
233,278,277
35,207
239,189,139
184,81
304,265
57,163,92
23,143
129,87
11,132
285,214,127
160,229,296
150,154,18,138
138,142
230,66,80
117,139
28,89
94,95
13,144,284
240,91
201,179
248,43
51,190
24,137
26,113
19,278
47,233
152,49,142
180,54
156,174,237
276,127
98,145
231,162
272,157
157,269
229,196
191,144,80
183,233
32,83,33
86,288
46,62
125,163,157
279,303,272
136,41,164,114
24,69
142,49
309,98
256,124
284,221
175,232
201,195
224,15
108,170
32,233
274,66,181
79,54
174,281
114,101,30
169,293,30
280,230,67
288,285,80
164,136
140,192,35
278,185
69,80
229,230
48,150,231
76,162
180,310
29,140,77
228,95
99,214
105,15
150,232
153,95
309,258,114
300,55
45,141,70
15,76
311,251
266,89
172,228,187
21,146
192,68
52,187
83,170,164
205,48
117,260
159,158,12
36,139
273,52,272
93,312
75,37
231,107,24
60,42
79,180
11,142
94,36
57,298,103
116,20
183,233,105
256,243
170,197
19,158,3
100,162
132,52
63,309,146
148,39
29,105
45,92
20,260
46,26,219
69,0,8
94,11
157,128
101,168,291
37,57,208
19,105,72
179,53
15,312
178,3
313,58
16,18,250
286,273
140,215
184,182,13,79
192,287,119,177
103,167
314,242
286,57,52
17,167
95,52
1,38,98
238,275
158,117
36,285
126,7
185,274,189
296,262
285,160,180
117,189
190,107
233,235
80,161,191
21,192,206
188,116
312,127,82
95,209
82,181
36,161,207
157,237
213,147
292,153
29,196
256,305
263,92
53,67,296
86,179,77
282,6
4,167,18
235,236
236,9,3
212,119
167,57,17
152,314
91,97
95,124
15,158,87
209,162
194,39
119,221
51,188
140,1,181
212,251,147
82,142
12,32,158
51,52,195
100,231
162,194,181
86,108
221,71
314,169
192,158
194,110
4,24,195
189,29,187,190
144,141
249,147
2,109
1,138
229,69,209
284,13
297,40
174,303
239,200
126,0
48,169
23,179,219
138,296
150,268
232,168
87,250
54,172,23
71,221
86,51
118,138,75
145,295
87,241
309,75
284,79
20,79,89
305,281
74,162
136,298
136,105,192
240,24
261,145,69
56,144,182
295,109,88
54,274
278,0
286,273,281
172,79
115,66
217,90
208,0
234,204
64,168,19
158,157
194,182
32,233
54,66,13
159,15
68,138
69,72
33,68
57,52,24
249,109
222,312
192,295,147
54,234
48,247,147
113,247
34,60
244,264
265,74,163,159
173,147
146,88
162,253
65,290
89,76
153,15,245
60,241,36
47,33
216,116,100
253,13
219,216
146,44,278
139,297,167
160,254
124,131,89
111,214,82
146,252,176
146,150
105,217,72,19,158
67,313,110
155,301,45
293,248,110,208
116,65
45,152
235,73,36
201,121,28
93,213
107,34
66,219
132,23
8,148,76
252,175
30,176
109,250
120,137,218
167,64
303,216
274,80
140,151
286,248,193
49,47
93,268
2,158
195,223
228,80
49,151
64,101
240,95
78,162
180,39,228
277,233
153,205,272
141,142,191
222,183
120,97
117,214
250,103
121,244
39,133
315,139
20,69
266,47
92,197,259
133,153
19,227
116,288
82,310
195,51,15
270,309
57,37,298
50,152
303,120
140,46
291,309
316,257,78
29,190,23
160,60,185
237,174
255,250
153,281,303
19,17
4,190
76,184,227
153,286
219,192,292
22,95,305
47,266
41,10,81
317,242
273,245
94,318
54,65
36,152
121,7
147,202
141,240
161,35
95,196
130,66
130,71,31
1,232
33,127,47
61,235,243
174,129
32,292,240
188,78
260,239
180,190
38,318
164,101,248
268,115,168
138,302
87,155
109,124
157,174
38,57,151
142,110,39
189,100,79
89,280,26
144,186
223,137
62,43
126,98
120,240,97
26,28,10
20,310,167
141,4,240
119,255
91,6
214,80
142,60,49
292,192
116,319
97,77
228,281
79,152,54
114,292,61
187,132
103,215
15,236,216
24,198
317,315,173
142,202
124,79
90,200,263
141,273,52
34,152
46,189,41,109
9,167
19,158
5,17,131
178,180
188,257
47,92
5,26
152,110,181
77,262
253,262,260
61,53
64,320,76
233,1
4,81
280,132,99
8,147
98,1
292,99
138,192,275
293,0
210,250
30,128,252,33
235,215
273,29
120,240
244,274
55,90
247,110
280,26,199
27,270
15,212,237
2,76
19,136
28,70,169
259,159
66,91
183,235
290,160
10,145
51,73,180
303,77,250
300,156,303
59,295,64,76
195,70
195,74,260
295,59
112,1
82,288
316,286
30,171,226
86,242
162,230
26,96
93,119
37,56
132,23
136,264
8,16
305,120
239,13,143
155,277
28,163,60,74
55,261
299,263,219,97
112,214,133
205,28
248,206,71,17
17,37
251,173
17,298,266
36,242
87,35
283,158
20,290
74,29
320,38,16
281,182,29
292,235
285,260,191
78,170,189
64,18,176
258,30,309
102,75
118,59
162,269
191,101
256,239
62,19
83,87
239,132,78
77,17
79,182,66
251,250
303,281,153
308,112
165,178
291,277,235
137,229
80,140,60
173,109,251
53,87
148,89
192,58
234,262,212
90,126
234,311
76,89
8,289
56,196
126,136
29,56
36,10,172
292,40,235
52,116
87,129
92,318
213,235
58,216
43,88
193,236
321,208,125
128,130
147,32,258
196,266
45,114
140,80
224,28,7
67,33
263,156
107,26
22,121
89,102
287,202,33
52,230
72,125
77,302
295,206,138
252,97,191
58,79,213
224,28
230,100,98
239,189
183,193
74,124
222,19
297,139
239,138
139,20,281
292,53
179,224
180,157
159,167
77,13
158,243
47,86,156
79,257
321,247
192,98
318,223
162,33,224
161,139,65
148,46
262,319
121,1
215,103
190,170
43,26,126
233,110
268,30
132,29
182,307
222,156
280,7,52
68,54,268
37,144
264,174
131,275
185,108
174,263,28
308,133
36,116,112,254
240,74
159,216
147,302
237,124
67,139
165,128
15,140
28,185
109,282
297,270
145,47,222
139,109
78,66
310,112
151,57
321,9
52,198
215,45
255,249,210
54,231,48
88,75,146
232,64
62,43
89,52
88,203
62,175
82,195,126
178,271,164,136
272,145
304,28,10
98,148
114,268,168,309
66,74,29
227,129
213,239
83,68
97,205,66
46,118
69,311,246
17,67
32,125,246
279,178
273,279
5,140
145,4
140,125
97,120
13,139
140,105
12,243,33
109,1
0,88
88,128
238,321,113,275
89,260
281,174
261,156
79,51
174,305,56
277,32
29,124
141,240
49,187,54
189,54,204,188
188,162,60,143
293,155
229,206,114
110,262
214,254,111
147,0,159
26,52,256
15,103
34,317,49
182,139
161,116
194,197
248,209
30,94,59
86,139
12,14,33
69,216
126,166
140,77
260,158
36,127
99,9
232,150
34,10
98,140,125,64
64,41
2,249
318,13
191,307,11
74,52
143,317
20,86
322,26
303,285
161,139
156,264
189,245
6,25
11,78
29,253
174,49
58,180
168,171,101
79,130
87,26
103,109
91,157
173,98
212,37
60,36,290
115,203
116,161,82
103,151,109
142,277
262,64
15,46
58,321,26
78,11
239,143
215,8
102,198,247
197,66
35,26
231,49
56,163
266,170
105,130,243
5,58,64
273,304,157
283,179
280,145
89,287
214,232,271
67,208,80
190,157
112,264
140,178,248
68,190
32,72,236
175,165
76,234
108,219
167,212
137,209
10,157,264
10,219,153
32,277
107,24
25,156
89,66,202
167,249
127,82
309,164,232
29,74
173,320
273,195
107,10,51
38,18,65
13,52,20
45,282,141
277,270,243
197,67,95,96
244,55
73,287
307,54
120,4,6
58,119
35,15
298,0
124,285,151
173,35
103,212
94,196
210,253
32,21
263,244
70,203
32,169
323,218
22,253
144,314
240,263
100,72,199
50,69
146,61
127,170,85
48,162
155,243,32
87,213
79,29
209,251,122,112,2
3,45
240,45,323
240,130
213,215
69,170,65
69,142
48,23,190
273,141
71,318
162,34
160,49
61,150
215,38
126,173
156,100,288
70,90
193,222
142,152,139
81,32
145,56,296
240,56
8,59
154,227,155
95,274
302,167
6,289
121,230
268,192
75,102,151
99,193
12,251
236,72
121,251
132,124
141,120,289
25,120
182,132,60
57,147
91,322
30,268,171
189,132
254,36
82,161
266,76
274,8,144
183,141,101
227,109
113,15,159
200,55
90,259,24
143,121
139,285
96,120,214
74,126,189,208
204,300,187
140,259
51,124
263,78
34,96
298,287
140,216
41,322,62,101
195,230
137,324
158,66,29
194,98
127,239
119,159
296,208,0
116,180,86
169,214
159,76
302,35
189,97
32,129,87
49,127,314
139,152,285
79,322,214
33,32,87
24,299,219
292,126
122,34,143
77,320,159
128,35
64,36
235,52
98,21,249
273,10
112,82
47,159
140,206
126,72
235,217,246
88,150
51,81
212,298
28,89,102
237,51
212,76
105,158
129,78
249,109
72,222
98,187,118
75,47,124
188,187,189,132
23,139
136,53
256,223,94
190,23
256,224
22,121
23,52,181,148
86,229
254,253
11,127,211
63,146,271
45,91,7
116,204,36,162
26,105
63,115
169,253
237,138
145,305
49,55
192,115
249,110
103,314
16,21
4,94
233,99,151,298
110,38
312,109
5,192
160,139,180,152
242,143
169,133
101,25,239
154,129
95,189,47
121,272,6
168,149
44,130
35,136
287,302
126,120,142
111,288,36,139
153,272
95,303
139,112
94,57
126,162,74
206,94
56,303
197,157
208,19
219,227,73
156,244,303,157
172,22,4
55,28
192,180,15
40,136,53
80,320
305,70
10,286
46,246
216,138,89,275
8,212
95,94,274
28,95
254,32,1
183,170
230,52,116
89,21
114,110
265,10
39,74,283
276,95
181,290,116
194,142,196
126,250
25,199
209,137
148,145
286,6,25
66,132
274,45,172
299,36
36,86
101,259
212,14
15,59
32,149,61
125,132,120
265,174
158,111
143,190,132,80
55,116
19,2
274,45
45,54
109,216
146,61
190,219
235,32,19
145,121
215,100
276,229
76,210
115,106
66,51
164,63
314,310
119,76,59
145,211
242,24,0
82,161,139
222,72
125,251,140
222,66
132,246,95
30,247
188,52
47,109
293,33
23,143
99,214
126,167
194,70
31,233
145,174
235,95
253,182,162
35,125
131,57
298,37
318,56,51
23,50
92,177
259,288
215,65,108
277,91
130,279,303
292,170
310,116
224,265,22
272,113,256
245,169
78,143
140,313
243,135,183
129,8
180,136,109
139,234
243,270,32
189,73
222,129
8,312,103
310,253
32,75
163,56
222,19
169,94,66,15
86,143,13
238,48
20,139
23,11,79,60
35,66,217
11,317
126,8,208
229,4
138,48
228,4
189,30,98
292,222,158
137,196
194,41
147,259,37
222,233,193
292,77
106,292
56,274
110,306
177,35
70,22,103
56,65,254
199,170,45
75,4
25,7
94,142,126
179,4
17,251
211,0,298
146,75
66,74
108,86
303,10
302,8
86,74
197,198
120,275
126,0
283,194
140,148
74,54
305,147
239,11
159,126,58
24,137,8
92,138
258,164
208,238,36
98,192
82,181
114,165
305,95
100,29,170,190
318,5
80,187,15
215,167
158,19,105,130
26,163,37
203,146
249,126
15,185
153,218,213
77,94
249,180
90,280
269,300
154,88
127,285,36
188,302
304,67,256
221,183
243,270,164
287,140
301,24,263
304,244,6
94,276
32,136
57,320,173
254,75
10,215
238,46,145
219,45
162,31,54
152,127
17,16
117,36
163,137,299
70,160,129,312
47,176,235
61,164,150
72,48
100,284
255,76
125,109,159
4,124,51
254,151
153,272
69,107
71,222
60,50
74,188,26
297,150
224,54
90,195,94
282,121,185
189,289
5,140,35
15,275,76
144,288
30,140,222
32,72
253,124,29
88,64
116,224
249,235
147,37,44
37,8
174,137
74,285
30,101
0,115
182,170
5,158
228,204,243
151,38
279,182
24,45
211,16
124,170
44,315
282,283
46,140
105,281
18,166
61,271,114
262,32
261,142
244,177
272,28,54
262,144
269,196,324
139,285
320,240
174,45,256
112,181,162,161
85,240
247,306
116,282
216,63,103
147,165
66,116
140,262
101,75,171
160,40
286,10
176,89
278,178
124,8
272,52
1,194
145,276,197
20,66
97,162,60
109,102,151
143,142
173,17
183,182,243
61,164
119,148
188,13
262,118,275
33,245
292,253
126,167
69,310
121,228
262,250,206
98,243
47,219
103,192
158,232
317,243,302
162,74
306,246
61,178,53
140,26,47
17,211
173,249,18
274,230
192,43
79,100
82,49
157,304
229,152
248,62
67,180,98
182,50
258,268,235
312,136,35
168,171
66,79
116,254
15,159
214,196,113
81,66
190,54,80
278,19
178,146
163,110
36,5
152,124,13,188
305,195
95,92
14,99
138,141
300,118,32
84,32
124,66,317
204,137,8,311
166,3
2,68,216
193,130
38,9
12,68
223,158
258,165
276,97,13
189,187
204,162
97,240
51,13
105,19,158
262,61
87,207
17,61
132,170,65
140,177,93
306,165
163,74,239
12,72,155
190,79,100
45,24
50,109
122,69,3,293
302,3,314
264,35,310
71,87
48,170,124
86,195
77,287
175,43
270,110
257,316,78
256,304,145
156,228
199,289
33,203
54,182
97,195
44,34
321,167
45,86
151,15
57,108
46,248
123,141
69,158
64,35
120,141
21,59
300,284
260,40
166,131,8
180,86
13,10
269,300
52,145,28
36,56
77,68
143,10
89,46
257,261,10,230
126,173
136,191,36
0,215,10
52,15
121,90
94,136,69
145,174
275,181
59,4
103,298,57
101,0
128,68
86,85
255,8,189
153,298,37
145,179
231,75
140,177
243,236
109,88
229,69,282
250,284
205,206,46,168
162,260,279
313,232
214,49
279,138
258,28
229,97
115,60
51,295,270
277,46
41,136
274,94
260,127
214,112,308
303,15
232,318
256,201
26,268
297,61
143,251
100,116
143,0,284
110,59,287
161,181
309,291
146,126,315,131
132,66
5,192
200,215
321,15
53,222,144
4,90
147,295,16
159,59
158,273
130,25
99,193
268,150
72,162,87
93,0
116,72
55,115,158
213,287,196
74,284
20,66
258,43,269
254,270
180,202
308,70
162,74
24,158,148
179,139
302,5
69,23,142
167,249
34,4
136,241,31
229,114
17,250
119,64
26,159
18,103
102,109
75,103
46,232
299,238
14,9,79
6,167,253,170
119,93,135
0,45
323,301
26,181,130
52,121
211,187,26
169,3
302,167
303,121
211,241
159,214
176,241
137,163
45,24,141
246,3
80,290
136,107
168,277
206,51
37,81
188,138
229,282,56
195,221
17,188
246,167,212
224,92
242,80,127
185,75
106,228
187,60
274,100,312
140,26
235,128
66,180,105
284,72
321,29,266
0,32
69,100
140,77
151,298
304,10
291,191
68,83
256,10,304
87,101
74,79
235,27,128
4,282,56
0,131
125,118,212
249,17
97,2
311,215
45,79,304
95,124
167,233
299,195,224
62,0
257,139,235
238,162,28,165
13,80
69,257
164,263
8,296,103
165,176
247,147
44,145
116,66,3
148,107,2
136,292
56,276
298,231,315
15,57
116,301
137,196
170,142
38,167,215
132,124
116,205
90,10
103,26,64
20,254,29
95,97,86
269,153
66,23,132
69,60
170,81,66
43,271
8,235
81,188
125,214
78,11
280,28
296,8
95,59
138,136
181,174,138
138,9
70,190,114,262
191,51
146,232
78,204
235,322
160,82
18,198
167,298
173,69
105,247
185,8
109,295
34,50,49
317,288,187,80
127,26,295
142,36
80,104
20,47
247,1
168,17
309,144,192
212,162,112
77,177
236,176
174,126,0
45,284,13
19,157
293,89
224,272,200
215,8
66,253
212,34
87,255
227,87,255
249,3
239,286,140
45,281
194,5
107,167
80,214
81,79,288
36,242
241,221
272,95,244
286,55
80,111,92,142
105,191
104,8
33,293
148,102
197,6
59,64
26,3
191,187
103,138,320
201,198
23,263
124,93,72
9,125
164,150
35,120
237,183
317,211
30,310
191,190,284,13
256,10,145
210,66
224,206
80,148
192,38
12,193,24,22
272,319,157
46,89,138
121,16,269
23,81
189,141
296,138,167
80,233
106,56
76,183
89,140
214,140,63
124,284,144
110,306,169
78,54
95,73
81,74,100
204,78,108
291,158,83
141,82
96,107
7,36
159,246
324,22
82,107
158,105
138,29
61,232
180,160
38,50
14,19
38,8
136,103
169,264,21
260,127
32,69
137,70,29
28,281
155,119
15,302
198,5
281,56
82,126
104,52
213,76
7,142
213,198
46,287
13,70
233,61
98,222,83
115,213,2
46,17
101,258
262,68
83,188
54,268,152
258,13
30,168
129,14
265,121,52
61,150
192,37
187,54
25,264,269
91,282
102,69
166,103
321,93,248
14,235
198,256,26
47,216
232,313,176
270,236
182,39
50,139
94,314
180,285
210,121,109,261
83,221
112,111
168,149
17,89,296
53,246
79,8
119,93
183,198
147,125
127,260
117,123
317,25
302,105
26,59,77
103,158
158,309
90,315
88,313,63
138,177
69,3
129,154
262,46
274,94,240
21,206
190,13
75,256
242,152
162,51
251,302
69,147,47
275,174,188
292,87
266,76
108,310,107
254,54
24,141
240,80
96,95
4,299
56,90
302,52
43,146,61
35,158
312,0
289,91
223,20
264,244
48,124,170
117,26
90,117
189,311
285,260,182
127,13
135,125
305,239
96,137
120,192
209,31
84,222
230,11,251
73,234
139,36
304,269,318
239,44
67,229,199
257,109,158
66,20,303,208
56,24
320,59
260,297,285
136,143,184
75,104
167,18,295
247,159
72,183
135,79
236,223
67,229
77,27
162,288
253,182,48
208,8
147,166
163,56
284,182
183,53
312,109
51,229
186,74
174,147,149
72,52
52,26,22
109,135
318,230
74,132,2
142,258,46
286,136
131,79,207,224
34,157,285
145,192
116,145,239
66,292
210,149
108,236
215,52
232,146
233,105
70,29
126,146
67,233
142,180
297,158
93,192,59
304,251,140
4,97
129,325
88,53
146,204
276,52,95
82,214,36
239,198
304,190
246,197
66,77
268,61
93,148
97,124
45,78,162
167,201
135,105
244,157
100,11,101
21,140
19,105
159,30
204,190
54,212,124
76,159
156,153
15,59,89
52,145
135,77
77,5
272,230,212
176,74
155,59
244,24
89,15
165,150
77,275
68,32,277
295,18,126
113,29
136,40,176,88
147,8
15,119
214,133
288,170
162,234
250,22
48,318
170,251
138,198
52,219,260
315,102,78
65,70,127
15,63,76
97,163
185,1,138,2
141,24
291,156
205,25
209,163
159,160
182,19
57,192
214,112,20
24,282
6,26
280,195,318
247,264
182,162
172,124,51,162
125,140
222,241
119,47,140
167,158
175,19
298,204
94,268
8,15
100,170,231
154,72
26,262,109
241,66
17,146,103
59,138
140,59,125
28,256,52
253,54
80,210
118,211
261,283
87,68
275,93
32,255
110,57
224,54
300,228
24,105
52,162
87,89
117,141
241,97
195,24
89,15
67,136
268,21,270
33,158,14
74,79,65
320,93
187,156
53,176
142,153
241,53
154,101
129,270
46,141,140
232,146
162,282,86
69,56
224,270,168
228,174
192,125,98
56,312
47,63,232
67,61
185,37
235,142
247,192
59,167
252,43
196,264
107,36
3,99,158
142,54
147,129
211,249
117,174
47,2
26,121
36,107,48,260
166,173
85,64
156,303,228
55,269
26,285
213,157
64,267,76
29,298
74,165,276
235,130
320,257,77
157,10,223
92,28
285,142
94,323
147,287
196,152
251,75
197,216
146,277,83
193,50,69
48,264
133,4
173,13
310,146,260
305,219
197,5,97
314,138
191,11
94,240
246,198
285,302
142,124
80,144
37,102
26,133,288
262,281
82,108
223,280
271,40,309
151,8,167
280,138,55
40,68,299,10
209,92,229
173,5
245,209
29,98
158,190,249
241,140
0,174
137,120
124,182
273,272,269
110,76,46
180,20
56,67
19,72
135,89,46
187,170,74
243,255,193
46,110
246,20
26,46
4,163
230,223
37,163
182,136
170,117
215,120,274
140,9
56,94
69,50
222,243
286,95,103
239,186
108,9
84,154
92,81
290,238
228,298
276,119,206
143,7
180,283
74,317
45,240,97
164,212
79,46,303
313,168
7,146
268,105,32
178,151
190,120
320,87,47
27,241,3
1,11,183
173,320,287
304,224
48,253
38,52,51
275,238
321,15
179,269
160,161
51,303
25,272
132,54
141,78,256
96,82
103,219
20,127
159,113,148
126,302,298
274,78
7,121
111,253
264,112
90,92
45,94
41,15
60,7
140,98
305,168
129,227
196,66
142,291
16,41
52,127,141,199
34,112
32,170
142,260
38,180
4,94
127,152
168,268
122,224,226
117,49,60
189,145
303,157
319,88,232
275,228
216,275
141,37
40,114
2,312
247,318
304,3,213,101
173,320,17
268,62
33,114
69,120
89,235
141,284
255,21,145
229,94
158,277
189,170,13
20,15
54,190,157
203,292
215,302
15,192,249
319,126
240,90,45
79,80
47,246
241,103,227
292,61
139,288
111,70
283,122,192
139,255,5
1,147,47
145,6
5,235
231,29
254,36
63,297
16,0,2
194,137,101
165,72
257,217,142,103
138,2,80
196,301
136,182
131,2
95,70
52,26
48,73
230,281
69,142
286,304
259,45
95,201
299,82,270
189,258,241
152,194
57,165,148,157
268,136,168
8,75
274,90
24,183,196
271,166
145,153,244
173,216
162,253,182
304,158
152,69
20,166,61
99,229,161
228,222
100,272
97,29,129
45,90,261
56,24
36,49
305,187,11,130
197,10,124
52,246
195,263
117,288
165,43
88,146
219,314
248,165
140,138
90,153
292,313
54,228,73
52,276
67,156,305,97
129,136
238,231
158,193
249,173
52,272
142,0
24,52
253,159,316
280,304
154,121,72
189,191
254,89
180,204
255,162
161,111
94,223
123,90
15,182,121
240,54
33,15
77,102,126
57,256
64,51
38,212
64,84
164,175,18,24
26,201,143
249,15
253,110
54,189
5,87
22,215
73,321,37
111,127
100,79
153,10,94
322,62,44
196,292
105,208
94,0
129,171,292
274,166
262,66
89,75
86,247,256
122,170,222
304,95
25,285
191,182,234
61,63
44,226,30
4,53
231,245
241,212,97,48
4,90,163,97
262,288,187
162,74,194
319,107
56,95
125,140,89
110,246
75,80
143,78
46,98
220,90
262,48,37,216
174,230
80,29
180,54,56
133,230,117
173,0,208
319,217
90,56
223,117
150,176
203,176
4,124
165,297
268,44
170,66
14,243
187,203,72
98,129,322
6,305
95,55
126,109
192,54,276
150,61
143,90
165,114
321,290,145
56,45
64,69,40
271,268
65,285,82
278,236
213,126
227,32,129
170,276,78
48,79
302,90,105,104
95,298
137,282
74,267
164,232
105,285
57,249
169,288,317
51,23
108,214
62,136,171
33,204,247
288,117,65
125,61,320
147,249,130
313,25,151
57,167
15,238
93,20
140,198,15
246,200
11,172
149,232
0,2,296
312,109
50,202
36,141
26,83
197,94
288,132,170
15,68,259
93,72,139
75,71
108,17
102,57
110,82
147,57
78,50
295,167
159,139,18
63,176,41
169,224
66,182
281,110,24
301,141
262,26
45,61
0,60
109,52,75
110,148
169,142
157,8
136,166,292
320,109
91,132,45
195,285,67
24,91
45,195
5,98
9,98
187,26
83,105
63,133,127
260,100
290,116
194,281
24,45,120,301
56,230
53,164
253,182,162
39,95
88,41
213,111,94,237
288,86
259,176
55,25,145
17,126
247,321
75,104
157,181
68,217
12,154
67,56
4,88
47,227
313,236,131
257,73,51
157,107,105
274,95
180,76,126
162,205,169
231,256
28,263
243,32
91,141,283,4
32,303,247
74,20
170,231,184
89,47
147,251,151
261,69
185,2
203,136
130,321
62,64
38,57
37,103
296,105
147,114,237
141,60,69
170,168,264
251,269
173,205
51,74
97,56
26,47,15
138,76
67,66
315,230
125,89
189,132
75,200
154,72
203,232
239,80,78
112,162
56,94,163
26,100,75
308,239,21
272,81,56
110,125
19,281
224,280
160,286
224,145
281,156
94,286
162,214
74,159
120,219,45
204,182
310,69
287,98
321,157
299,119
165,19
135,126,148
107,85,108
196,69,56
246,185,322
100,190,159
24,205
78,100,223
142,52
208,228
4,256
227,19
56,123
295,148,181
257,59
258,28
317,50
232,159,223
193,130
258,149
170,66
55,156
126,129
143,36
215,67,152
240,158
35,233,168,149
239,39,257
262,140
260,142
299,35,64
26,98
305,276
83,217
77,28,18
56,256,58
156,174
190,54,13
64,128
109,145
174,156
154,32,243
216,77
21,140
272,25
9,26,59
159,188
197,259
16,229
76,59
191,274
157,280,55
173,225,64
146,7
5,138
124,262,197
233,32
239,310
180,147,29
159,15
35,124
85,60
197,69
262,98
152,169
141,303
155,19
66,131
140,64,233
198,250,206
155,99,12
70,206,129
14,167
319,46,186
150,114
210,190,54,132
182,234
110,222
52,145
187,239
103,97
25,300
119,148
98,215
158,14
124,109
20,236,196
263,95
247,292
291,149
152,74
19,255,128
109,17
7,304
88,136
228,201
159,262
294,130
145,28
213,8,75
97,305
237,28
66,74
46,1,282
192,89
256,180
306,183
103,298
21,119
253,48,74
138,95,287
12,235
127,45
275,129
49,173
40,113
69,127,142
98,204
276,194
33,14,12
39,94
174,157,205
198,179
15,4
57,109,312
66,74,172
66,170
67,56
15,101
22,79,143
285,36
56,248
235,66
169,320
162,152
257,2
295,125
260,71,223
35,126
276,261
250,213
152,86
293,14,243
258,168
220,168
60,288
189,25
310,173
70,54
207,4,119
212,148,89
261,109,47
94,86
56,221
10,280
321,113
5,3
64,125,59
8,165
263,218
324,78
87,82
300,145,205
34,151
159,125
8,167,58
142,180
282,142
145,29
24,130
25,79,299
56,315
161,158
26,77,129
173,104
300,310
138,38
154,270
251,16,320,147
66,160
72,166
238,60,24
253,105,66
69,95
88,63,61
120,282,274,97
243,32
321,1
230,109
0,126,302
26,201,52
267,296
124,79,74
241,36,50
18,42,82
303,98
132,187,188
319,103,45
306,159
21,287
183,77
87,257,202
299,3,0
147,209
90,240
181,50,60
121,256
35,125
194,305
50,183
276,97
16,102
295,215,9
92,56
122,271,13
251,17
260,81,303
299,105
57,210
321,247
158,182
74,101,156
245,242,34
93,296
274,258
65,124,109,105
61,277
151,129
235,286
190,181
56,163
157,22,45
54,132
261,10
233,203,101
76,306
88,160
269,303,157
124,120
268,285,57
236,183
74,142
154,35,189
230,214
116,253
163,282
169,318
74,230
86,260
222,274,28
288,133,156
24,195,237
104,302
75,145
160,4
5,295,140
252,292,114
89,58,9
164,63
195,56,90
147,212
185,315
141,152
312,249,2
236,130,193
67,227
298,80
69,196
216,35
260,181
235,128
217,158
317,300
88,203
159,169
27,12
57,103
262,181
52,66
290,174
224,289
206,64
96,58
53,206
24,317,49
31,262
54,190
19,75
249,109,296
64,126
140,46,128
69,94
84,97
231,69
56,16
195,156
95,45
76,114
53,63
86,202
238,259
278,293
260,181
69,323
262,64
51,160,25
105,33
169,260,94,140
183,19,71
243,293
60,36
22,43
256,199,201,280
21,67,165
189,80,54
55,107
41,268
15,233
69,6
76,159,216
256,224,145
229,217
192,290,127
180,97
109,158,8
78,11,36,143
198,110
5,262
317,78
61,216
232,103,215
290,66
256,6
20,49
110,26
52,22
128,3,221
36,295
70,313,148,183
239,144
151,213,126
72,98
185,317
38,241
207,126,212
52,270,121
145,76,144
145,34
204,15,208
146,59,221
99,89,4
190,262
292,87,232
302,187
219,276,94
296,52
238,212
116,214
222,163
70,240
209,276
25,321,107
154,263
7,116
32,98
21,24,15
68,12
312,60
271,114
178,271,62
287,58
8,57
118,9
63,61
109,138
280,272
294,45,94
92,54,87
41,235,190,170
138,275
65,249
250,185
92,95,230
260,127
158,249
215,213
24,309,263
157,205,199,22
131,251
129,87,19,32
74,256
180,140
147,60,57
165,232,252
139,160
124,154
162,318
139,36,112
103,57,298
30,78
287,19
241,65,10
194,262
126,0
4,105
115,176,53
59,260
81,109,206
86,312
272,23,188
145,10
296,311,259
24,33
318,90
41,226
223,137
132,8,246
44,115,61,101
250,184
262,21,98
64,126
291,268
193,235
2,26,159
77,93
169,271
170,110
164,205
92,56,261
15,46
224,237,205
162,132
239,117
109,298,17
125,138
56,41,196
162,257
241,3
210,132
216,77
228,116
264,251
21,138
207,302,20,249
169,214
320,249,109
321,197,34
195,163
74,124
69,224,218
56,60,190
321,226,202
41,43
56,209
66,260,310
63,309
5,99
322,230
25,46
35,75
255,227,32
78,123
215,98,225
275,19
185,61,295,292
190,162
27,227
14,146,68,3
222,119,256
130,72,99
32,127
64,203
133,204,9
5,24
63,174,89
178,168
27,87,267
66,189
208,0,320
174,55
76,77
162,182
218,301
5,206
241,74
82,65,11
285,162
180,69,127
11,172
247,2
171,100
103,167,185
37,272,54
105,5,71
63,115,292
92,120
157,185
98,160
46,286
188,66
75,275,118,98
292,164
26,179,52
52,4
195,223,97
38,126
56,95
153,224,303
159,245
298,213
137,112
58,98,5
250,147
144,174,236
312,126
94,209
25,139
263,17,187
114,309
278,83,71
227,110
268,143,108
204,188
143,298
178,150
45,97
22,125
212,147
7,25
190,13
287,103
172,112
310,254
159,77
81,39,234
87,270
304,109
145,120
273,62,112
66,15
167,240
192,135
46,106,138
159,242
124,83
260,305
15,11
23,3
173,208
54,182
323,209
74,214
17,1,15
24,152
224,292
116,184
247,152,163
100,234
145,178
292,203,136
0,126
103,213
14,287,60
266,47
291,326,136
3,33
98,119
56,282,137
18,239
21,247
78,13
308,116,214
177,19,190,240
175,88
216,28,1
1,321
12,79
5,141
229,197
302,208
18,16
83,68
38,8,147
89,46,159,76
24,195,90
213,168
89,113,321
287,177
25,273
138,320
215,46,148
222,277
116,117
45,95
103,129
251,102
178,164
208,211,109
280,205
253,257
143,284
210,284
245,51
58,98
188,239,68
13,170
60,29
251,213
287,118
208,296
216,238
218,95
78,274
235,147,159
117,34
317,20
303,161
183,130
234,124
150,88,136
30,67
153,25
106,291
146,278
70,197
46,126
52,240
33,309,258,168
213,207
215,16
165,271,109
90,141,70
87,66
223,120,49
256,121
70,116,2,98
315,120,196
288,79,74
4,282
258,215,25
183,293,130
107,214
86,49,214
158,99
56,67,229
8,131,103
95,108
99,72
204,144
271,44
161,269,139
3,31
189,231,66
300,269
137,164,38
126,208
239,167,286
193,233
259,299
151,72
37,8
38,47,77,29
286,231,54
17,309
8,75
260,142
142,80,45
182,230
147,92,200
75,105
12,270
267,277,129
8,194
309,154
300,281
10,141,213
9,66
11,70
137,183
17,241
15,321,76
30,21
88,87,129
192,93
56,45,65
309,168
18,126
29,78,124
321,247,89
10,131,222
160,161
235,77
5,141
223,81
137,281
311,99
79,9
247,308
76,59
115,136
60,310,317
98,323
54,36
109,40
286,121
112,28
243,159
239,26
314,65
182,64
243,33
319,260,288
255,270
167,249,118
157,52,65
315,112
157,69
140,165,35
264,6,52
145,240
274,48
268,69
33,32,309
211,0
197,202,142
237,205
26,46
170,152
94,97
286,157,153,228
160,184,10
18,1
248,309,30
311,69
274,240
20,174
58,64
117,288,285,112
162,199,224
92,52
127,66
244,205,157
295,38
19,295,139,8
30,41
240,120
323,262
13,52
90,283,95
270,277
88,76,91
37,109
52,28
169,91,60
256,289
97,153,194
151,212
269,244,272
40,203
50,180
72,161
54,170,182
228,256
81,66
120,92
105,75,154
191,29,314,218
226,248
120,4
78,152
110,30,76
53,110
80,74,67
105,108
93,249
145,110
131,80,123
302,311
7,90
163,56
90,109,298
7,67
282,35
29,23
47,76
233,53,189
194,254
180,214
60,34
60,52,48
27,101,235
35,158
182,162
148,76,125
56,274
283,116,264
78,180
147,167
109,296
218,94
35,215
147,126,251,8
100,162
103,151,37,212
28,256
140,64,5,192
256,10
142,272
63,164,61
89,224
132,13
238,157
176,253
110,159,249
225,98
173,147
162,182,66
218,239
205,272,256
141,66
153,300,10
26,270
144,78
181,259
141,4
103,230
189,132,307
81,48
250,200
165,93,61
75,270
205,246,286
70,13
129,33
92,174
60,85
249,2,208
77,216,302
67,92
116,25
34,214
274,190
162,290,202
116,183
54,125
311,167
168,74
228,276
169,49,20
98,58
77,215,222
25,237
25,10
3,32
292,316,83
57,302
69,78
210,114
296,261
132,317
301,141
28,304,256
35,319
44,28,14
57,109
280,256,6
235,278
18,109,249
165,258
180,284
296,158
53,116,109
174,10
78,51
215,162
48,182,316
185,138,212,15
47,138
30,176,168
61,258
263,266,81
77,32
249,17
225,312
260,70
96,136
126,140
152,79
108,10
49,256
235,153
64,26
321,159
304,1,95
257,78
266,0
46,15
44,30,43
192,37,26
135,272
117,121
23,131
229,119
140,41
70,283,228
129,162,320
178,129,227
93,119
264,174,281
75,158
245,181,142
132,182
282,91,229
140,110
136,159
47,192
90,2
317,95,258
162,318
89,251
136,42,88
213,250
94,248,92
91,197
78,258
88,203,61
240,305
187,80
88,176
110,169
139,217,45
299,105
51,100,182
54,180
164,36,7
8,103
181,48,194
165,105,178
88,150,149
239,181,66
56,11
95,24,124
77,52
24,209
143,214
192,138
62,72,292
189,119
100,29
101,247
15,138,14
13,239
254,100
118,80,87
185,93,26
11,67
69,34,192
48,124
256,67,69
37,192
95,94,92
250,311,320
147,119
182,100
130,321
51,47
250,18,17
244,250
49,140
276,57,157
182,231
26,277,42
127,74
192,275
105,15,311
227,279
256,80
146,30
322,152,54,52
159,116,215
232,273
129,255
183,241,105
173,197
220,102
94,232
202,116
9,192,98
84,277,243,129
174,55
139,254
77,272
238,77
244,269
268,251
28,286
7,52,26
157,172
281,302
98,162
103,15
119,287
125,77
48,186,229,139
141,88
48,66
201,90,208
125,93
231,313
244,273
74,48,162
272,303,264
8,249
263,10
189,100,182
321,47,46
251,18,311
76,255
138,291
23,42
105,36
114,76,29
145,6
13,170
60,20
55,300,303
222,136,135
130,3,72
320,311,268
180,196,292
6,304
264,214
211,212
229,95
206,211
29,288,20
161,290
212,15
240,97
240,230
279,277,14
56,67
143,244,272
313,114
110,287
133,290
224,215
272,240
92,216
244,200
120,45
167,5
54,79
176,232,146
251,210
193,71
206,124,141
18,8
124,253,74
237,304,141
184,170
49,11
147,15
276,142,24
315,223,39
89,118
35,64,119
66,187
52,7
227,158
136,88,146
59,252
271,142,261
87,32
45,5,302
0,126
130,151,34
139,259
46,9
215,8,138
300,174
156,153
313,88
222,29
180,267,320
144,190
173,2
201,121
180,108,55
161,169
167,75,38
249,91,192
206,93,207
277,66
176,88,270
80,214
313,47,103
163,91
139,82
103,109
233,228
66,260,129
102,109,38,215
43,88
66,162,132
131,38
145,15,19
232,43
211,61,103
74,244
92,94
305,109
232,146,40
183,75
300,25
108,310
156,180,74
94,45
72,26,262
262,319
125,21,110
260,259,182
263,141
71,248,61
117,108
121,230,299
209,66
181,36
99,19
275,215
141,272
141,45
255,87
1,232
183,149,115
80,190
129,309,93
82,112
264,98
112,180,152
271,249
61,150,136
130,222
137,162
258,168
149,88
158,19
9,34,0
222,119
56,118
63,146
138,98
43,30,309
313,176
187,167
120,318
183,64,0
49,109
190,116
5,96
15,46
147,17,249
84,14,33
61,27
121,244
117,98
65,261,233
75,140
219,158
37,52,40
65,140
277,129,68
196,158
187,72
198,35
125,138,275
195,240
138,70
132,204,54
237,289
165,6
157,304
233,321
112,169
163,315
139,180,126
26,151,60
176,77
102,105
304,145
255,154,129
176,114,150
174,156,157
211,250
192,126
4,30
219,94
206,217,78
222,295,202
87,52
56,91
46,282
19,273,37
26,201
126,10
56,180,254,289
249,1,225
250,251
26,200
13,187,189
46,22
303,147,136
253,47,64
61,277,219
97,4,229,195
173,164
136,87
52,247,197
272,10
250,173
176,29
66,156,86
140,46,56
109,249,250,126
26,265
69,110
32,15
165,171
227,32
170,24
84,14,255
113,238,51
300,121
46,247,15
143,231,8,167
102,213,8
34,139,38
243,68
48,72
211,243
157,156
183,14
95,145
249,320
109,220
60,22
136,183
22,10,52
120,11
0,262
29,79
5,36,184
233,99,31
291,258
271,115
126,109
158,79
74,288
11,116
214,127
74,128,119
174,145
237,69
114,319
101,269
114,173,87
119,217,321
230,56
0,147
97,262,80,205
86,122
16,152
165,229
40,75,314
91,276,56
192,98
177,310,140
103,200
173,162
18,36
210,215
187,144
88,44
29,283
62,142,87
263,95
262,136
78,24
160,37
142,160,82
17,56
74,218
109,146,15
203,30,146
187,31,195
88,232
315,209
250,33
182,249
188,98
235,222
235,91
24,170
125,215
15,77
40,176
227,105
63,292,146
129,178,248
108,126
276,86
91,223
64,311
38,126
91,56
34,7
274,244
64,48,239
158,222
211,177
138,64
239,95
52,228
173,125,131
295,110
66,100
6,209
67,52,181
180,260,20
239,54,220
89,201
303,272
56,87,81
109,222
274,107
159,216,38
14,255,83
190,32
169,289,167
19,221
167,0,295,250
311,320
312,26,64
66,3
25,244
292,217
80,25
141,143,188
90,315,223,195
302,76
265,215
94,190
214,112
152,282
249,147
309,26
272,157
152,49
137,189,141
165,268,30
195,72
14,119
314,75
252,62
97,290
305,24,90
260,152
80,188
72,71
116,42
51,260,170
219,224
202,108
219,190
57,162
242,86
275,77,321
236,158
133,124
45,79
219,127
168,202
278,101
25,251
66,29
73,253,162
98,4,244
116,80,303
205,128,37
56,173
101,115,291
93,0,312,302
15,69
183,240
59,89,98
74,222
43,53
49,192
11,178
46,1
40,251
141,263
285,214
262,216
285,79
259,276
321,15
82,67
141,120
3,75
94,191
77,66
63,150
52,206
279,95,143
72,143
170,190
55,306
71,269,116
20,147
178,75,203
65,139,285
53,149
259,116,217
212,47
43,30,226
287,192
270,267
69,274
74,19
103,262
297,115
159,15,126
65,55
136,258
185,215
138,14
56,145
243,167
19,280
75,162,62
110,98
32,249,205
82,72
162,213,4
78,188
270,33,154
151,314
125,28
101,150
253,172
82,201
139,157
163,174,51
274,230,94
213,50
2,165,150
172,162
188,137
31,3
243,83
161,82
224,246,26
290,91
21,52,66
273,51
75,52
215,163
61,202
148,142
220,224
32,168
55,94
227,233
13,143
258,165
319,89
260,139
57,77,167
15,319
66,68
236,31
143,217,285
52,235,170
110,64,52
136,44
172,302,111
65,291,130
200,34,199
0,15
95,9,219
167,298
69,229,118
240,282
98,59,138
285,60
127,245,60
69,190
284,170
58,119
70,137
267,292,80
163,137
56,68
21,146
144,38
164,291
39,209,94
208,251
173,249
181,45,52
55,153
37,159
13,251,87
185,75,57
119,22
187,80
38,75,57,215
244,52
173,190
157,295
295,75
219,90
189,168,101,173
117,133,36
244,173
65,107
198,126,101
143,231
78,80
137,133
302,296,109
275,15
78,104,128
139,116,180
130,17,167
37,165
100,142,308
92,105
278,222
139,254
268,126
296,131
118,125,113,5
59,227
118,110
93,119
260,180
178,292
110,61
247,321
226,248,309
290,67
48,190
264,125
26,321,125
19,58
157,276,23
94,43,288
184,190
196,58
54,230
249,23
147,98
276,59
170,250,287
76,47
154,138
37,93
100,65
165,226,309
142,181
247,241,213
168,258
51,212
164,313
321,10,173,76
209,223
61,136
149,44,168
158,241
79,204
157,97
48,180
189,203
151,23
94,267
129,33
197,28
178,258
293,296,126
189,132
157,74
215,227,102
38,52,47
282,172,278,142
88,15
124,66
47,35
14,286
64,138,21
55,219
147,37
54,78,162
97,4
81,66
105,4,321
314,117
58,95,299,162
159,26
101,114
103,193,26
305,238
132,230
214,49,317
0,1,126
110,26
195,24,97
159,46
257,66
129,233
204,224
82,288
281,264,52
109,254
133,7
8,176,19
183,54
92,180
19,51
297,88
105,235
215,58
313,187
83,105,43
149,41
48,29
111,29,142
239,11
1,8
45,33,190,46
269,25
217,105
68,233
104,103
129,68
200,180
72,99
145,224,28
187,188,80
298,277
246,274
214,314
274,164,102
97,98
47,77,321
75,216,189
97,4
213,228,277
162,257
88,189
95,192
150,255,168
162,254
11,45,52
262,83
82,45,139
152,192
38,251,15
223,245,229
119,195,283
136,88,115
42,20
19,278,72,158
121,272
257,214,66
58,140,206
29,10
70,215
103,262
52,6
43,111
8,302
324,195
159,170,138
55,4,15,102
131,312,1
120,33
187,204
274,56
95,209
3,222
253,66
149,136
50,108
189,220
173,93
272,204
88,176
20,122,237
163,268,143
216,148,140
133,251
75,99
22,163,286
142,20
109,122
230,274
41,57,46
149,44
125,4,57,229
190,187,170
142,60
124,274
167,229
203,115
163,56
97,141
37,8
23,13
54,140,17
214,170,152
288,50,116
215,138,230
255,105
0,250
320,224,102
140,4,190
242,120
66,25
162,275
159,75,87
274,90
34,54,10
260,194
238,266
161,139,214,36
12,98,243
147,15
143,188
57,103,151
55,189
9,25
17,124,51
38,151
282,132
161,253,91
94,92
152,74,100
76,15,46
82,189
141,133
97,141
103,28
269,91
143,54
198,247
82,264
21,213,292,40
163,97
93,8,80
194,219,120
159,237,176
245,299,76
299,145,163,121
255,293
191,217,66
19,286
242,142,116
144,184
280,10,87
16,118
94,299
285,108
250,182
158,72
164,232
3,39
78,158
205,157
282,230
37,126
196,23
162,45,204
21,26
50,92
269,19
69,142
80,299,231
242,37,190
173,251
292,202
167,215
35,192
210,54,78,182
216,232
45,265
91,249
278,158,129
277,75,87,14
277,32
42,33
142,76,247
175,286
268,63
130,105
219,195,97
254,250
59,192
40,88
269,86
5,314
111,258
266,216
112,204
196,132
229,32
312,189
282,222,66
274,187,72
156,50,139
258,157
3,233
230,240,280
207,166
212,103,163
161,281
207,57
158,241
154,183
35,77
86,160
69,310
212,104
236,235
154,270,61
69,108
165,15
69,200
109,80
253,56
47,90
20,90,69
2,319
25,55
228,192
227,267
149,43,44
76,266,47
25,218
233,130
115,159,132
132,54,33
4,25,3
45,7
177,35,275
171,318,76
13,170,162,124
46,126
192,90
91,38,263
206,47
189,283
113,5,206
147,10
17,250,109
4,259
143,303
152,231
155,45
26,141
74,292
276,145
3,77
192,59
59,89
91,36,87
256,29
239,169,57
33,87,293
117,181,288,290
12,130
72,219
278,76
132,188
127,69
110,78,183
68,243,33
151,147
320,189
57,206,133
198,296
314,170
255,268,306
103,76
20,262
15,8
241,158
26,264,4
260,141
268,43
174,272
157,107,177
46,110
187,170
291,241,304
68,250
14,227
139,97
317,274,124
15,54
59,80
21,114
86,317
233,305
33,68,193
296,147,251
12,227
76,59
285,95
134,87
307,169,300
63,121
155,12
105,113,35
168,322
93,205
147,47
100,15,60
46,118
15,46
219,24
174,56
158,81,171
180,152
34,138
235,242
285,95
38,147
43,115
249,164,105
247,282
38,298
198,5
167,249
194,197
43,268
208,81
177,295
141,97
285,206,139
161,76,59
209,24
13,139
76,140
109,126
244,67
215,37,167
77,145,52
283,120
140,146,192,256
262,321
145,7
264,26
69,210,232
264,157,281
253,172
310,48,144,92
77,59
136,28,98,31
217,154
268,10,240
30,291
103,215
26,75
1,313
77,114
183,277,129,87
182,189,196
295,17,75
217,236,128,72,158
11,125
169,55
239,77,17
298,300
147,185,8
172,162
159,224
63,306
59,54,61
41,133
94,137
26,109,216
110,138
244,264
10,228
5,77
123,246,188
56,274,223
28,245
24,129
128,154
57,102
140,139
167,205
54,140
25,240,141
78,189
165,313,322
321,153
15,109
309,41,43
56,209
182,142
259,230,315
256,132
75,232
85,173,239
103,126
8,75
277,14
108,90,20,10,141
174,121,286
72,105
24,70
236,193,129
222,236
36,20,82
92,97
110,8,138
36,163
109,18
300,237
97,229
43,119
11,310,29
182,81
38,296
193,77,181
17,151
174,121
61,17
232,63
228,78
26,69,77
74,324,284
156,188
94,289
142,123
183,87
140,298
66,54
23,148
43,313
74,78
167,110,250
37,25
228,79,230
309,291
114,176,30,149
103,27,195
170,66
92,67,95
256,151
25,145
72,183
213,147
310,139
249,93
66,79
249,48
259,192
156,279,52
110,127
264,89,135
20,121,250
184,187
310,125,77,124
186,80
121,145
138,291
157,321
25,259,73,103
141,274
192,318
267,241
130,32
239,147
243,222
40,146
204,260,148
77,46,275
100,11,144
64,119,125
174,97
148,267
233,154
230,152,180
295,110
250,81,232
79,230,92
255,262
102,216
52,264
163,81
128,149,232
176,192,15
71,233,235
1,284
15,140
9,5
54,282,10
4,259
194,228
302,119,154
60,79
53,208
13,74
250,140
81,186,10
93,59
208,297
49,45
52,277
14,32
59,54
33,12
298,53
169,62
197,100
144,55,48
46,15,59
321,178
65,180
169,232
173,251
87,221
282,145,310
217,35,300
130,31
44,65
69,253,152
238,29,234
319,275
146,149
51,190,67
212,147
119,125,110
119,211,56
200,108,168
163,90
119,246
162,253
217,75,95
143,11,122
54,263,44
168,44,43
76,250
128,291
43,128
138,140
181,117,254
248,164
145,109
181,117
103,126
54,228
313,178
68,32
32,173,50
40,114,149,30
29,98
138,151
243,136
82,74
319,138
131,126
145,121,272,141
119,5
145,246
9,35
216,77,15
124,214
247,255
268,232
211,285
84,278
110,148
29,124,240,74
258,251
101,125
170,163
264,119
197,280
90,113
251,79
146,150
192,173
280,52
143,64
20,114
230,229
192,190,52
20,69,142
229,281
169,82
119,64,9
168,45
214,117,288
143,144
28,300
37,104
174,237
127,11
222,24
36,139
30,291,44
299,262
22,52
98,87
2,0
116,74
80,249
176,45
272,7,294,281
95,256
183,105
189,54
236,99
15,275
314,245
231,284
51,29
169,91
224,145
49,86
136,149,271
5,313
47,61
8,131
66,170,48
153,25,264,156
233,95
32,276,315
95,24
165,44,101
40,164
175,252
263,67
57,109
90,281,48
143,20
181,86
109,176
98,46,319
318,289
279,181
212,0
57,54
191,86
103,59
197,52,92
1,151
97,223
320,37
156,205,303
95,56
186,60
281,4,242
174,156
127,282
96,151
91,45
58,93
13,15
211,173
27,293
127,272,105
253,48
89,35
151,251
214,65
21,35,125
66,79
25,15
229,82
301,263
201,26,294,52
161,232
24,163
97,89,52,163
94,240
225,2
259,136
218,120
99,105
0,71,9
195,26
147,215
148,295
96,113
17,40
211,109
78,23,36
4,120
143,307,78
79,210,194
60,6,95
47,151
213,32,190,196
144,190
184,56
20,95
37,93
148,77
132,97,125
224,10
25,153
32,17
219,36
101,175
247,167,246
194,90
216,46,159
81,79,190
50,141
47,192
262,153
139,100
45,262
285,305,148
228,66
19,154
157,264
180,86
268,61
235,236,158
121,103
223,272
140,4
37,11,170
91,45
230,317
121,198
139,126
272,189
51,151
168,149
269,147
275,118,77
45,299
17,9
110,77
13,78,50
57,49,96
71,3
279,300
45,36
11,66
318,98
100,20,36
126,225
128,33,149
264,161,69
124,4
222,95
248,138,217
61,282,37
74,13
309,77,26
321,125
162,52
4,97
187,36
80,23
72,241
137,95
204,5
33,243
192,46,126
233,68,277
311,114
190,54
298,165,118
33,87,14
83,252
37,58
56,282
136,71
52,28
8,16
176,168,292
24,315
78,47
309,291
15,98
254,105
15,210
212,239
309,248
321,262,216
49,242
93,125
262,77,15
228,155
254,260
107,34,32
93,272
240,138,69
224,22
45,219
256,304
143,5
243,240,36
139,18
228,52,294
167,215,312
253,270,109
17,126
32,19,47
63,181
169,300
30,41,165
96,254,70
91,229,283
35,103
212,103
15,247
100,48
163,274
33,76,1
315,95
129,267,155
145,120
151,56,120
311,135
270,58
89,46
135,19
37,59
257,284
232,111,319
230,145,153
261,228
260,50,254,60
248,121,11
241,267
36,54,139
127,320
312,18,126
267,39
219,228
36,139
110,13
255,87,270,32
100,163,130
46,170
178,69
142,20,202,260
7,246,121
145,52,6
26,103
32,19
5,52
98,35
170,239,144
228,162,36
52,202
45,127
33,83
245,214
145,224
113,89
107,127
315,218
33,255,87
126,103,17
94,179,212
309,101,268
215,249,57
96,275
8,248,212,76
255,154
78,90
162,219
164,233,193
215,18
293,62
95,211
64,5
139,101
51,189
74,215
253,124
82,36
256,160
233,147,138,72
19,176,40
159,150
172,257
292,229,82
170,77
75,70
82,20,288
149,71
107,314,234
26,79
118,298
104,3
244,44
24,90
68,83
103,247,126
216,66
76,19,178,292
95,223
126,296,109
227,277,87
264,228,174
324,247
157,228
79,234
139,45
189,170
100,162
314,28
260,182
43,168
76,135
3,137,324
110,148,57,246
288,99
66,253,162
99,129,71
45,8
147,298,39,125
23,137
15,250
100,97
43,296
159,212
172,210
72,129
224,45
164,103,162
3,128
121,272,6
155,271
194,256
43,292,83
194,283
74,219
304,45,70
238,77,15
80,78
45,310,80
52,236
44,76
4,205,214
301,45
173,320
26,230,212,112
101,41,43
254,50
94,104
200,8
94,208,182
80,75
173,230
170,56
159,259,127,63
197,95,92
131,215,102
275,15
0,48,286
269,191
190,174
185,69
310,111
74,272
307,99
46,167
172,283
119,93,140
240,43
79,190
298,151,37
167,204
126,147
17,197
52,79
110,319
2,63,232,119
129,227
32,183
154,233
55,25
47,29
316,312
69,167
270,88
74,103,309
120,219
215,250,185
192,202
19,147,86
57,231
95,92,194
95,26
160,139
273,78
228,25
236,76,292
68,14
30,99
254,231
285,189,249
148,15,125
92,94
265,224,22,159
256,26,280
187,78,154
302,293
117,139
158,21
66,249
36,26,312
43,101,149
27,127
215,109
0,173
7,90,95,13
158,197
264,273
148,119
167,2,126
188,124,229
76,89
26,256
204,188
155,176,193
126,125
50,34
213,126,298
206,281
303,137,151
287,176,278
103,95
237,6
157,237,281
121,201,28
109,162
229,157
90,153,174
295,155
233,129
88,115
25,237,7
4,214
16,320
256,180
26,37
38,166,98
10,272
236,64
69,91
303,90
33,68
61,13
36,82
162,257
317,284,264,67
254,181
132,188
75,241
67,24
119,293
133,107
165,216
3,214
278,235,236
227,33,88
123,70,23
1,17,109
71,104,243
76,113
179,93
67,197
69,121
55,174
251,152,15
262,149
157,141
24,45
158,87
316,79,162
42,88,136
66,191,142
65,205
69,132,13
243,126
234,257,122
76,15
72,147
179,8
165,77
91,70,69
316,284
76,228
244,246
30,140
88,75
232,88
138,119
208,173,126
112,161
131,243
271,109
152,214
275,46
177,165
124,196
6,256,224
295,57
111,182
54,127,103
49,318,55
122,307
209,213
252,106
213,8,302,147
281,291
64,136
67,142
109,24
87,158
145,31
5,59,58
296,250
232,233
267,239,67,47
224,157
46,121
91,216
304,36
126,312
189,116
231,202
108,282,295
274,120
44,292
119,148,110
287,112
80,78
202,196
47,275
232,140,246
131,5
91,202
86,227,17
4,35
138,101,74,9
110,256
195,46
86,116
240,89
165,248
262,46,15
15,61
255,243,68
0,271,77
108,20
48,251
239,300,142
218,45
10,15
92,49
208,119
120,239,228
212,247,105
261,70
247,118,77
32,154,68
322,250
173,80,109
95,163
52,145
309,65
127,140,139
254,127
286,126
239,190
162,180
157,144
303,94,67
43,269
139,124
37,75
14,155
23,51
207,291
280,52
208,185,137
129,212,15
195,294
49,57,75
91,56
121,142
170,92
143,78
37,185,1
23,11,317
276,296,109
258,176
8,298,9
228,257
130,149
246,173
150,88
32,68
72,233
15,98,238
52,55,174
174,75
248,41,291
84,12
120,218
95,210,37
132,210
156,157
303,215,159
11,12
219,145
63,53
20,127
129,227
139,145,277
31,227,72
140,98,138
123,92,111
181,82
98,3
70,90
82,36
254,36
188,204
206,46
206,109
59,288,219
154,75,227
141,156,28,17
282,317
102,0,17
271,222
243,87
197,11,219
260,77,126
91,13
82,90
28,257
60,127
147,151,109
162,182
78,109
57,38
158,105
75,72
275,46
189,182
309,291,165
293,249
78,86
15,200
250,311
149,24
170,29
264,143
70,195,4
215,30
51,314,170
192,98
64,198
280,91
297,171
55,300,25
31,138
268,291
65,196,204
57,148,151
112,107,288
68,129
285,242
273,276
145,28
206,14
269,263,10
138,0,217
262,28
316,162,100
58,17,173
190,124
132,23
288,117
205,272
45,107
278,154
298,267
86,34,60
215,320
247,249
59,98,47
4,286
35,127
152,321
208,45,216
28,194
111,40
233,236
61,149
310,36
176,313
59,275
209,229
321,275
69,142
61,155
90,67,66
132,144
172,162
302,24
44,15,72
174,52
321,216
143,57
314,142
182,127,158
15,67,77
128,127,98
189,41,64
182,48
132,189
141,218
69,276,67
262,124
36,44
124,13
232,309,271
251,142,325
311,1
126,79
136,63
52,303
157,187
103,77
303,264,157
5,178
177,119
35,192,142
143,78
54,22
230,10
82,169,214
57,298,38
131,288
35,208
169,321
320,2,16
202,228
138,183,87
144,18,24
83,259,180
222,52
268,146,258
156,25
17,212
189,269
137,120,182
236,28
53,297,115
309,63
167,253
17,15,262
226,147
24,68
0,11,262
248,258
115,47
79,234
2,282
8,215
253,157,181
236,255
119,194,185
0,17
26,201
9,66,163
109,131
109,148
24,120
174,75
321,89
128,235,99
74,210
129,267,255,32
148,98
66,124
5,76,198
137,14
159,216,262
54,82
110,98,15
260,20
189,144
76,216,15
0,93
216,6
142,82,169,139
130,40
63,41
189,24,95
157,180,193
229,70
292,69,147
242,265
276,56,163
151,38
141,63
144,167
297,302
200,163
158,183
216,11
51,284
89,1
290,116
251,171
38,93
195,90,305
88,109,233
67,163
152,310
157,200
240,60,183
249,0
109,126
253,194
251,295
278,272
95,141
214,264
274,301
176,309
178,271,136
309,34
150,312
212,131
144,242,28
212,103
67,96
191,151
55,157
24,45
265,170
237,314,177
97,215,272
9,223
87,168,98
248,43
159,258
57,37,167
209,94,318
157,209
80,204
4,197
202,11
289,116
158,44
77,232
189,66
61,149,268
143,188
193,109,191
239,51
11,190,272
0,80
112,142
222,195
35,202
89,298,296
28,24
50,169
35,5
262,157
9,6
239,11
262,147,46
37,38
192,61
248,28
281,274
25,161
12,148,292
97,209
0,24
37,102,167
204,157,262
197,23,228
21,93
121,223
184,214
6,157
109,208
41,138
136,82,121
200,45,199
114,165,309
57,292
138,45
79,170
247,83
190,123
103,24
171,150
199,162,271
160,112
178,192
259,162,116
187,3
271,87,136
7,200
186,66
276,56,91
214,128
305,147
115,88,268,40
141,190
295,93
182,132
0,320
138,15
28,81,68
32,99,248
162,309
52,257
80,122,204
268,30,146
132,124
173,18
266,35
270,33,158
55,105,94
229,13
77,15
4,92
250,98
83,154
269,86
145,310,135
228,120
87,270
89,118
74,66
53,236
4,141
109,86,275
184,13
57,77
249,212
69,3
202,300,70
190,21
43,94,284
185,102
105,1
51,45,289
89,135,110
30,98
267,43
208,267
124,204
282,4
125,231
66,46
53,115
72,125
148,232,89
141,199
124,75,139
150,63
14,12
144,19
303,300,273
269,25,244
296,185,1
158,57
36,285,112
82,132,74
77,97
15,17
48,73
214,124
37,46
222,301
140,266
158,243,235
145,272
108,167,301
99,72
235,124
232,225,48
25,260,229
261,264
265,256,7
193,268
38,71,228,77
312,82
233,231,48
232,178
176,150
165,26
140,64
153,299,319
97,249,79
291,238,149
158,222
229,125
8,206
129,75,24
126,216
138,76
157,228
160,205
272,66
254,123
136,109,129
239,96,170
189,151
296,38
52,66
31,71
68,156
87,105
74,79,192
51,247
232,115
119,66
28,142
282,153
165,211
312,25,22
142,69,310
156,74
47,275
299,76
88,115,178
89,110
89,76
121,229
52,217
314,253
248,168
260,73,165
203,309,192
158,70
138,324
272,303
81,285,187
208,73
20,49,69
105,162,245
182,189
104,255
14,236
66,110,304
21,35
292,226
112,45,180
167,13
97,197,230
259,91,69,94
188,187
82,80,160,95
5,8
167,126,159
143,237
162,270
10,212
4,95,223
202,139,173
165,168
5,15
66,65
263,283
276,170
271,61
178,246
150,309,232
282,139
229,188
161,317,290
246,38
45,229
121,52
4,147
157,102
47,242,127
241,105
157,43
97,66
100,51
34,35
1,162
276,95
152,108
158,183,28
10,145
23,192,213
125,140,21
99,158,105
304,263
164,248
130,201
235,41,165
236,235
56,51
21,98
10,26,198
188,52
54,7
20,274
156,157
314,11
142,69
166,250
125,213
270,75
60,180
34,279
19,68
321,9,64
116,288,254
159,216
276,66
30,114
260,186
161,190
3,161
200,188,97
151,102
148,151
249,41
8,159
37,33
64,247,60
194,45
52,215,203,93
227,278
173,109
19,95,126
18,65
175,61
58,9
147,103
19,35,48
156,157
282,112
179,264
82,140
204,170
157,67
124,162,117
136,176
247,321
98,64,249
320,138
80,78,191
152,139
55,190
275,159
57,109,64
129,240,24
291,101
274,25
222,5,80
277,129,154
124,186
192,188
139,131
170,65
313,232
160,11
291,258,309
254,92
260,127,54
153,265,75
188,182
262,230,10
100,152
176,232,24
121,70
176,274,295
196,56
196,197
112,24
240,91
3,250
76,78
267,12
261,29
249,147
219,157
49,50,69
190,211
54,210,187
48,69,116
143,9
87,12
58,64,77
29,124
182,138
135,57
161,251
269,181,20
183,180
151,214
101,138
235,233,222
231,61
158,83
43,155,99
115,164,63,150
162,54
188,181,78
180,160
295,197
136,41
94,229
3,250
144,54,189
246,296
101,30,165
46,102,103
204,194
311,18
316,12
190,66
97,160,78
202,222
98,181
129,72,27
60,85,214
99,130
158,6,19
45,24
97,141
303,305
187,24
126,280
264,119,74
274,67
95,94,219
125,59
94,95
152,215,105,267
104,26
129,56
57,296
48,157,315,216
19,308
105,119
20,94
9,130
291,309,101,168
209,76
158,66
92,223,157
99,243
142,108
22,197
230,92,95
176,86
11,240
255,204
81,121
56,283,94
80,112
62,314
314,127
146,149,75,115
147,102
126,109
189,106,255
132,100
105,307,29
47,321
103,75
213,147
20,317
52,320
124,187,73
309,14,53
35,190,99
162,227,199
206,7
198,158,38
36,80,11
264,229
1,173,2,102
257,255,55
217,110,86
157,45,263
74,262
289,79,1
6,286
189,23
45,231
1,296
28,140
197,288
66,62
196,141
23,80,170,189
251,250
86,219,253
74,285,264,117
254,161
95,195
4,90
151,0
143,80
33,61,228
268,68,136
129,275
304,148
192,160,35
295,109
82,169
256,318
152,56,260
148,159
221,58
132,189
201,159
162,79
280,24
187,209
97,148
169,187
235,146
105,217,87
58,94
296,160
94,97
270,129,32
212,151
33,154
72,12,235,33
88,217
174,109,38
32,255
76,321,5
46,26
2,251,126
38,250
39,320
68,129
289,188
215,282
300,228,174
276,244,137,240
73,162
95,197,261
313,144
224,260
206,21,148
256,139,194
74,15,67
158,1
74,143
262,80
82,181
157,154
214,242,111
137,272
54,187,139
180,141
298,2
181,197
124,199,138
158,233
271,93
303,169,92
119,136,110
212,302
98,15
313,136
323,197
312,76,35
90,24
171,320
64,47
162,170,144
82,49,142
92,261
241,70
41,320
46,21
8,140
148,35
167,80
75,102
230,320,99
264,74,6
82,107,285
253,29
173,104
271,62,101
213,17
77,135
190,23
129,36
273,258,53
58,73,66
140,267
105,158
248,291
153,269
94,116
209,35,141,15
154,243
19,129
35,19
275,66
92,261
294,304
204,21
279,275,34
205,108
161,23
251,100,250
8,185
193,88
108,49
119,262
240,195
209,229,56
93,216
272,67,133
228,97
131,166,112
10,28
216,189
58,114
32,87
223,28
105,46
153,28
74,102
10,294
103,147,9
47,125
250,64,109
264,15,47
1,231,230
22,52
180,67
4,157,89
11,51
217,14
55,303,272
55,145
274,24,199
118,108
159,84
67,285
159,45
163,282,195
287,11
33,68
86,144
95,224
46,138
209,158
156,20
105,265
32,85,56
17,135
288,97
86,160
83,68
276,196
169,86
257,264,272
74,82
78,103
25,274
8,296
64,240,126
138,26,15
187,66,143
0,309
174,121
98,303
76,55,256
192,5,183
30,226
18,89
105,158
188,13
273,4
8,184,209
154,176
217,105
187,204
94,56,230
120,94
220,147
192,156
33,267
115,35
212,125
167,261
119,295
311,251
254,124
62,44
149,44
188,228,137
26,170
256,110
60,296,256
240,57
13,295
158,75
219,295
124,7
321,297,15
136,44
292,11
317,224
214,148
117,92
270,154
61,30,88
125,153,15
235,250
259,90
310,26
157,95,234
232,159
48,309,24
70,24,45
257,0
0,138
180,34
169,40,254
173,100,70
87,162
266,321,15
183,223,211
104,93
247,47
98,139
261,218
165,176
172,107
159,238,319
90,46,31
208,38
244,48
263,82,272
92,94
282,187,49
116,34,254
302,167
185,250,1
269,260,142
136,115
227,277
213,198
127,116
295,233,275
117,20
54,162
250,320,17
238,47,159
82,132
95,264
87,32
319,91,80
110,290
171,30
52,143
170,296
21,192,64
23,9
60,314
74,112
130,141
101,15,65
20,86
284,51
257,100
47,162
324,152,104
54,121,223
190,29
66,4
167,46
32,262,15
66,52,234
60,103
61,88
140,235
109,211
105,233
285,58
275,135
69,114
314,54,188
228,36
110,242
275,274
123,228
74,105
36,121
287,262
72,138
114,183
127,214,36
46,149
10,235
146,136
251,72
147,17
166,296
3,52
98,66
176,158,136,235
100,257,132
69,259
109,98,47
295,185
119,170
288,180
77,274
202,139
68,33
141,145
139,193
182,123
257,66
14,149
136,115
296,109,250
67,163,121
89,239
229,15
136,120,165
176,137
191,38,57
282,315
209,137
268,5
157,97,179
157,286
313,63
18,126
60,142
182,0
4,163
118,141
170,240
52,47
63,61
234,79
161,139
80,170
239,128
147,19
89,76
169,86,34
61,63,271
309,30
102,185
152,151,267
295,47
174,228,157
115,222,168
269,300
167,311,192,147
119,9
105,208,15
309,135
150,1
66,170,124
264,228,174
32,75
59,58
297,158
25,55
178,165,203
276,256
257,164
232,168
24,91,39
165,322,63
20,36
120,222
247,98
5,140
6,228
190,284
162,17,29
232,101
6,141
142,246
157,94
69,52,4
246,26
240,117
33,95
160,317
59,110
217,301
206,232
66,126
35,89
296,208
100,170
195,185
172,152
81,48
189,109
261,157
211,250,109
207,160
75,128
315,195
94,97
162,66,182
233,232,99
83,151,119
48,257,184
173,208
80,143
40,136
299,124
47,249
141,70
207,166
151,98
24,214,66
123,120
236,74
84,270
6,181
260,142
243,183
17,169
142,133
118,226
274,127,52,40
55,279
257,276,230
221,45
260,244
304,19,35
304,10
170,172,81
112,161
249,126
76,270
53,180,262
61,88
173,181
230,69
124,190,79
157,190
8,295,215
169,60
313,126,235
99,291,68
190,170
232,104
56,94,213
103,151
273,124
152,242
29,252,262
300,56
224,66
19,236,158
3,46
72,3
257,208
43,58
70,317
156,153
186,69
73,139,190
139,132
114,182
215,8
299,223
126,79
125,249
302,215
171,150
14,233,222
86,245
162,70
32,61
52,14
236,72
198,258
105,312,116
204,49,253,48
80,69
26,110,98
215,247,313
26,120,141
100,296
67,174
21,138
245,314,263
103,57,184
239,170
14,70
56,28
240,218
287,312
157,22
24,282
180,8
17,76
239,204
97,240
95,206
159,247,206,5
8,103
19,158
278,143,68
14,193
104,167
54,181
162,51,172
82,141
80,122,11
66,174
260,160
161,123
230,15
293,233
102,8,302
293,113
0,131
48,45
201,229,228
140,176,109
302,123
296,57,8
269,28
180,315
226,286,318
243,147
76,247
126,2
77,147
33,14
5,163,248
151,295
19,101,292
256,103
79,288,152
79,43,16
75,282
6,311
150,309,63
151,125
214,196
109,208
79,61
126,127,105
161,212,64
45,239,157
164,146,150
47,110
5,148
71,217,154
124,107
244,157,289
170,263
281,121
33,258
187,149,118
147,59
255,72
229,92,311
296,126
269,300
90,28
119,46
101,114
256,90
162,52,253
114,154,136
92,219
249,222
260,76
54,132
37,185
239,190
19,183
20,169,122
149,248,115
3,211
129,255,32
284,51
8,17
279,157
102,26
55,205
44,178,171,61
12,56
190,139
59,21
170,285,312
310,116
161,123
72,32
253,45,108
192,18
249,141
26,148
165,136
116,26
68,105
152,240,306
228,286
56,264,244
24,192
103,148
321,26,148
100,98,101,148
243,19
127,34,86
161,219
250,247
183,19
66,181,119
240,90,223
167,38,281,154
295,37,2
18,109
52,10
320,284,45
36,158
303,7
89,233
291,175
211,287
249,312,208
124,223,143
150,236
174,224
4,165,89
233,183,72
143,231,97
90,195
89,275,77
170,247
174,77,179
285,20,188
7,282
142,172
34,256,287
222,44
290,161
1,208
298,142,201
26,80,74
103,251
136,99
83,205,321
211,173
18,54
153,52
275,192
79,275
98,9
0,105
142,86,180
246,179,7
227,233
323,229
195,4
90,91,196
56,274
27,243
13,144
272,249
219,120
136,248
80,143
8,38,212
174,144
183,26
46,75
35,275
137,24
280,170
258,320
9,232
285,46
4,147
212,217,233
44,300
157,224
210,120
165,43
110,271
192,90
47,254
165,297
186,23
208,275
132,151,162
244,230,91
145,89
70,56
162,124,51
254,169
302,126
44,250
119,93
224,54
102,296
185,142,273,147,28
45,36
74,256,1,145
54,13
77,275
141,174,263
27,33
110,165,293,255
253,4,235
1,208
46,164
46,100
56,96
90,56
31,123
132,190
94,56
50,10
100,231,161
164,183
61,292
165,150
215,167
183,98
48,29
120,81,130
226,155,136
53,122
43,53
52,221
159,290
126,109,173
20,192
15,79,59,124
56,0
126,185
248,145,148
232,63
32,40
183,144
138,126
22,231
251,167
82,181
196,79,189
101,26
80,131,291
59,249,243
225,251
280,145
8,37
250,17
78,80
7,52
66,80
254,46
170,221
45,231,143
136,260,172
225,68,89
214,288
268,140,249
182,74
282,115
290,117
281,127,79
156,120
244,217,261
190,282
1,110,140
209,10,269
216,41
75,220,2
280,108
56,240
109,192
159,24,236
61,238
2,65,228
240,145
4,19
28,141,22
269,237
118,117
95,97
11,281
98,142,126
69,85
283,276
254,89
45,52,182
217,183
198,145
109,311
29,116,81
67,240
140,102
86,107
223,213
240,80
321,77,15
110,138
195,142
58,178,101
249,15
299,145
125,51
136,41
279,309
205,264
79,10
162,152
208,185
183,155,19
274,14,289
135,140
112,214
148,7,98
190,170
26,155,109
69,18
28,228
162,232,139
151,8,147
18,17
69,209
235,78
229,198
0,98
274,257,141
60,103
45,240
24,189
115,61
76,113
103,298
77,105
270,19
174,153,33
126,274,148
32,83
286,228
254,116,107
295,81
71,283,77
295,125
170,4
149,264
25,194
322,30,309
135,21
126,296
137,194
127,243
98,54,38
294,121,55,141
222,221
67,102
29,228
266,138,26
101,151
124,74
10,83
170,180
190,216
41,35
271,146,150
239,133
44,189,320
230,56,96
255,54
28,11
188,101
201,10,7
223,10,131
54,188
234,80
187,300
94,185
152,23
147,30
52,3
5,275
187,195,51
272,157,10
127,50
4,240
251,0,311
180,142
89,159
236,193
150,222,185
138,76
253,92
139,160
223,10
188,54
128,99,162
254,123
52,174,28
10,264
195,305
74,78
19,152
1,136
17,46,292
240,223
111,185
153,125
151,37
236,212
32,278
161,197
98,24
46,246,68
4,45,195
268,194
115,277
74,86
219,195
13,11,132
235,191
240,191
19,183
229,223
65,156,199
124,13
181,54,79
49,73
45,229
130,52
233,293,164
72,158
173,298
81,290
216,5
219,195
275,72
303,86
273,24
320,173,208
17,282
54,74
309,63,106
1,55
72,99,130
168,136
55,231,192
21,118
37,312,109
176,222
116,108,214
66,100
59,93
25,81
222,236
103,173
232,257
124,120
21,236,17
97,21
242,86,142
205,303,272
310,162
227,202
173,107
180,143
119,47
68,157
29,43
18,35,115
170,66
137,18
318,94
45,240
162,78
139,214
193,275
180,315
63,136
268,103
321,113
18,78,120,272
80,100
74,32
120,223,69
216,14,46
144,59
275,84
255,13,174
138,125
244,288
84,236,319
157,214,124
109,46
148,119
109,86
116,219,170
318,77
75,235,19
228,310,143
258,260
298,75,220,167
194,127,20
215,2
166,176
12,33
169,157
251,249
264,237,145
63,291,37
137,229
66,74,242
25,52
241,182,63
100,22
118,263
227,15,230
157,121
60,79
67,158
49,314,260
142,154,24
169,17
168,40,88
135,275
110,46
143,45
95,223
190,60
52,160
10,145
215,37,302,131
12,3
169,50
30,16
30,43
250,212
66,209
58,65
263,141
223,105,55,47
198,145
113,247
127,17
241,128,236
286,237
78,144
22,224
138,284
241,298
216,110,76
156,170
157,100
74,299
10,145
110,98
192,126
167,147,208
313,146,271
9,32
187,54
4,70
187,51
60,49
151,9,295
78,80,54,11
68,127
303,44,261
136,176
62,9,61
67,217,171
49,60
145,157
29,69
20,304
19,145
98,235
1,218
165,150
257,223
253,158,59
84,159
234,124
260,181
180,310
69,196,20
66,95
157,25
162,89
35,138
104,87
119,232
101,40,43
34,97
204,130,34
74,231
36,60
141,137,45
243,84,68
278,45
26,128
19,84
123,288
2,208
102,75
23,17
162,24
126,230
16,173
217,87
56,137
92,64
151,216,66
0,142
32,190
154,87,270
50,46
95,97,45
24,90,305
194,191
52,285
193,129,249
253,21
32,255,267,154
239,195
142,35
36,139
94,229
200,36
127,86
84,166,182
154,129
309,248
230,229
277,133
188,74
126,0,147
23,144
127,256,66
250,207
77,89
192,266
36,40,231
69,45
240,185
200,205
282,274
173,26,17
98,125
245,288
43,136,61
35,192
149,268,168
68,72
98,5,138
230,272
176,30
235,35
154,255
174,97
262,275
135,118
141,303
135,216
50,117
90,116
148,35
101,154
228,168
18,15
161,127
74,156
88,313
46,138,58
66,182,184
185,87
205,17,124
118,262,319
241,183
162,182
51,321
227,22,46
106,99
46,49
184,11
49,139
177,151,110
90,230,10
178,41
20,260,180
126,183,139,295
125,239
222,121,9
214,249
147,311,251
66,254
52,304
181,253,170
260,86,152
135,250,119
50,159,119
33,12
232,313
140,95
170,124
109,295
278,19
15,139,249
56,163
262,37
66,111
127,310,60
80,68
95,57
155,176
22,300,303
154,88
156,174
209,305,94
252,75
56,197
36,139
103,302
199,201,26
126,86
23,284
228,281
112,189,52
183,34,2
91,44,24
39,51,145
209,56
69,128,137
165,252,322
79,51
99,54
302,21
226,71
229,274,22
108,94,4
67,142
3,102
302,53,312
302,213
25,209
206,58
253,235
78,24,260,145
233,222,235
8,26
177,21
77,116
263,141
193,222
11,239
36,49
20,314,34
119,169,164
133,153
303,237
309,239
87,32
88,232
189,78
80,74,204
