0,1,2
3,4
5,6
7,8,9
10,11
12,13
14,15
16,17,18
19,20
21,22,23
24,14
25,26,27
28,29
30,7
31,32
33,25
34,35
36,37
38,11
39,40,41
42,43
44,17
45,46,10
47,48
49,50
7,51
52,53
47,23,54,7,55
56,57
58,59
42,60
61,62
51,0
63,64
65,66
34,67
68,69
10,70
64,71
72,73,74
75,76,77
15,64,78
79,26
80,81
82,83,84
85,86
87,26,88
89,47,90
84,91
17,79
4,34
82,88,92
30,93,94
32,95
96,21
97,98
94,51,99
75,13
100,101,102
103,104
105,106,90
107,108,109
110,27
33,111
112,113
114,107
10,115
116,117,89
118,119
120,121,21
54,122
123,101
110,18,124
47,125
126,127
49,128
129,130,131,57
132,111,16
120,133
134,16
118,67,135
80,136
67,137,138
12,139
140,27
40,141
142,16,124
92,143
144,86
25,145
146,147
110,36
46,148
5,71
149,20
105,150
10,131,151
10,149,152
153,79
154,98
122,23
93,125
155,154
156,131
157,77
29,125
158,159,10
152,160,10
161,80
6,13
120,8
132,42
19,152,158,162
163,63
5,164
12,165
99,29
166,7,106
26,136
167,69,120
145,79
50,70
87,126
138,118
55,90
168,144
133,48
128,38
128,20
138,35,50,169
107,170,112,171
172,173,147
174,65,163
175,114
128,159,176
105,177,29
65,178
55,101,99
167,7
96,21,179
180,159
51,102
0,181
182,183
120,184,185
29,177
122,86
92,161
186,4
122,133,90
187,50,118
24,188
189,23
122,1
107,190
49,155,152
50,118,135
191,192
102,86
77,174
80,16
98,119
94,21,120
99,193
95,13
148,194
180,130
195,58
122,183
196,46
140,62
197,134
87,198,199,41
200,152
44,17
102,120
67,156,148
201,35
122,120,47
61,202
10,159,194
151,20
203,204
100,1
173,15
205,17
203,139
136,17
60,136,126
86,206,29
21,207
6,208
209,83
67,103,119
95,36
110,210
131,135,159
211,187,212
161,79
136,42
112,18,213
214,134
105,7
68,29
105,193
215,12,74
216,217
94,133
218,175
31,13
161,26,143
20,155,196
56,180
132,108
219,87,41
212,10,19
90,105,7
202,220
29,221,22
109,202
2,21
222,180
10,131
135,154
190,136
119,46
223,6
125,121,21
188,224
64,225
7,47
55,226
62,108
74,191
144,68,117,47
180,154
227,228,95
204,76,223
226,229
112,140,62
199,161
135,10,230
103,119,194
12,231
86,55
90,53,226,94
44,109,232
203,64
14,76,233
10,11,234
235,34,236,237
29,123,52
106,68,53
76,238
22,123
174,74
32,225,6
213,111,109,124,27
86,55
65,172
128,19
226,0,28
67,128
239,75
240,72
192,164
89,121
220,25
241,225
29,121
16,62
84,107
32,242
95,192,223
153,202
136,220
237,119
32,243,147
117,89
128,222
177,122,244
245,62
133,23
245,205,16
109,232
76,240,216
4,129
41,246
62,199
167,69
172,240
135,115
139,204
122,247
248,147
249,75,250
193,102
251,139
193,94
177,22
78,204,95
213,107
168,244
13,252
149,50
18,197
223,72,178
122,120
220,127
244,90,121
77,64
12,253,207
32,31,63
78,178
254,208
161,171
113,175,199
155,128
101,255,121
121,167
256,199,112
177,9
137,104
113,197
118,196
72,178
227,257
220,41
197,220
258,255
133,28,8
259,45
47,123
119,260
228,13
51,133
240,163
84,27
126,83
244,89
158,261,262
167,122,90
219,171
16,263
166,28,48,102
264,191
265,158
89,28
78,12
152,104
253,106,90
51,121,247
242,240,146
242,147
53,7
89,55
253,121,266
138,10
7,29
9,86
267,122
156,268
80,171
64,75
77,63
10,137,176
100,0
57,138
193,226,21
197,140
178,227
98,10
90,120
253,22,121
39,171
264,5
193,185,30
127,87
252,110
222,176
78,269
233,225,270
97,130
53,0,105
216,110
47,144
228,64
63,254
160,130
208,12,147
202,91,220
204,13
264,271
100,122
95,13
160,272
273,52,54
125,120
21,274
98,10,211
62,245
55,47
275,276
85,123
136,113
98,57
140,214
6,13,239
277,76,64
139,278,6
163,66
111,43
32,78,146
104,57,156
27,61
59,58
254,248
117,279
28,280,279
100,94
206,21
236,57,272
214,126
137,11
76,78
80,44,17,141
240,174
236,180
206,22
21,12
202,82,134
111,87
213,33
159,260
89,166
235,86
180,281
74,76
3,282,180
123,122
257,5,32
163,157
249,250
76,147,248
145,232,214,283
82,87,107
13,14
131,46
30,179
284,257
229,30
270,12
285,167,54
270,216
134,16,25
5,286
55,22,7
35,156
264,257
287,170
90,23
288,40
166,21
46,281
18,108
289,6
164,228
31,36
70,10
30,105
12,32,64
152,137,35
223,76
290,196
8,23
235,194,57,103
286,12
10,149
223,31
171,245,153
178,74,65,269
87,246,232
31,239
85,189
106,55,144
289,139
185,121
291,223,6
292,229
198,114
13,12
32,172
229,226
178,216
152,97,118,20
226,93,68
216,293,64
149,222,212
94,85
167,68,94
27,294
158,176
2,58
30,55
219,33
295,105
127,142,132
296,127
13,78
64,173,216
169,212
246,88
297,234
102,21
240,298,241
128,20,158
21,48
198,132
169,260
98,259
226,123
98,11
0,181,94
26,27
7,90
127,210
62,18,202
152,235
67,222
149,176
226,122
71,270
8,292,123,247
299,281,259
226,195
26,205,245
105,221
149,259
123,51
222,176,154
107,109
141,245
113,245,145
104,10
244,94
21,7
84,111,107
264,215
243,192
255,193,102
36,270
175,263
80,263
187,149
19,10
222,152
300,176
51,195
83,136
17,170
204,208
149,137
10,119
32,208
217,242,163
220,84
139,264,278
49,196,275
47,93,116,7
29,195
288,287
28,179
23,90
229,244
5,216,147,252
301,2,181
302,303
29,244
106,29
9,2
264,240
178,12,71
87,92
222,19
22,21
109,170
5,32
250,269
147,76
304,69
135,115,118
28,47,133
205,142
211,162
158,98
6,243
269,13,305
101,306
116,100,274,122
282,237
247,120
132,245
63,243,65
149,148
307,302
207,304
242,12
0,106
21,8,69
272,129
6,277,208
95,227
86,195
227,76
135,128
126,108
261,131
252,277
166,86,47
76,243,204
101,121,2
120,244,100
118,281
188,243
118,149
219,205
185,117
270,78,204
60,110,126,134
90,120,102
295,29,273
191,12
271,78
308,136
199,245
152,186,180
90,229
106,30,2
235,272
241,309
302,34,180
116,122
92,25
17,109
238,13,227
86,58,116
51,7,295,21
187,276
219,42,220
193,106
248,163
310,80
135,98,115
41,246
85,53
149,119
264,37
193,185
190,143
12,227
26,18
56,259,50
50,297
142,190,199
82,310
277,289
214,199
100,89
173,139
124,44
238,204,192
250,173
156,104,180
49,135
145,175
122,0,89
298,208,71
311,239,13,223
208,64
145,107
107,126
94,21
78,31
192,270
249,242
30,53
29,168
64,66
235,104,152
7,182
19,10
77,76,32
204,13,63
272,104,119
68,116,54
26,153
87,16,202
256,220
186,159
53,93
242,172,173
240,36
79,245
39,26,84
139,188
265,49
77,192
77,228
7,55
138,211,46
82,214
131,49,35
135,20
251,233
107,84
31,311,32
34,56
113,18
155,152
277,31,240
180,312
124,62
281,19,138
48,68
86,47,106
269,251
10,236
122,53,274
257,269
272,236
164,224
179,21
149,180,56
71,204
295,313,177
86,244
7,51
107,256,153
42,296
36,139
99,117,229
161,310
285,12
91,113
111,220
269,6,63
185,94,177
223,95
69,9
215,78,14
1,90,144
228,314,24
162,46
315,118
229,167
71,78
236,56,235
224,172
140,84
316,170,62,40
86,123,117,90
79,214
231,208
169,158,19
57,158
11,56
49,34,317
109,171
228,306
103,97
56,259
107,92,175
154,211
210,214,84
226,304
3,237
213,87
12,147,242
102,47,99
85,29
194,222,156
232,110
104,129
84,18,62
71,224
174,32
49,155
105,253
284,14
149,235
113,170,232
33,79,114
188,251
38,11,158
119,135
77,243,37
143,124
1,133,181
282,169
284,286
90,29
227,13,6
263,199
164,188
122,182
212,11
250,178,286
58,226,30
61,41
10,19,259
2,29,253
302,35
198,16,41
253,144
318,210
5,286
110,79
136,25
180,230,46
51,181,183,177
12,223
149,186
21,28
6,242
60,16,202
305,243
259,154
95,314
198,219
120,122
173,252
297,131,152
179,21
52,89
30,53
38,268
283,132,107
162,234
81,88
311,191,270
172,319
78,147
122,106
144,182
236,46,35
249,216
26,283
267,122
28,53,279
281,302
231,6,242
5,264,147
122,28,313
4,235
219,263
106,89,167
189,101
83,60
89,28
48,69
15,223
210,41,87
194,275
119,180
183,55
135,45,265
222,151
27,16
131,186
286,146
14,225,77
89,123
122,51
176,45,187
255,320
3,131,149
122,123
281,236
11,159
53,121,89,100
54,90
232,87
86,167
249,172
126,27
133,93,105
76,270,64
175,126
250,216,191
152,148
279,125
40,114,83
41,83,110
165,242
235,35,303
252,192,271
121,96,193
279,255
23,90,69,177,93
201,57,97
156,119,35
253,125,320,117
107,111
145,127
63,277,6
156,70,138
118,149
31,191
110,60
83,141
172,173,75
239,15
310,17
60,136
174,224,240
94,122
32,95
321,114
122,116
300,312,222
279,166
259,97
177,121
169,307
193,106
247,181
164,178
297,194
129,261
4,3,119
179,7
16,210,18
178,191,249
170,44
102,221
262,158
17,25
254,146
77,269
196,186
63,269
229,226
155,212,290
91,18
220,41
277,278
24,277
294,26,197
176,322
314,95,233
135,34
122,244
37,64
127,84
67,159,265
42,92,87
149,158,299
170,213
225,6
22,99,21
275,46
205,110
51,120,273
23,186
206,55,116
56,187,149
224,216
227,239,78
53,229
104,38
264,12
307,149
157,269
58,47
0,21
7,90
35,158
244,30
14,248
167,53,273
40,170
255,258,229
131,119,46
131,57
140,84,126
109,220
62,83
247,51
195,53
237,268,275
306,251,36
10,272
16,220
71,72
32,242
10,322,149
77,191,31
26,294,33
71,36,270
260,97
84,18
178,251
226,221
110,60,27
236,211,156
133,185,106
41,108,16
88,219
179,30
185,53
2,53,244
214,82
101,21
6,13
144,51
162,50,262
37,248,319
69,133
106,221
54,116,106
273,106
226,189,122
312,67
120,21
195,117,181
160,38,222
82,214
245,27,92,308
260,70
222,138
178,231,269
216,72
51,123
216,172
212,10
147,13,192
68,55
259,261,4
175,190
19,152,236
181,267
128,49
86,144,133
174,192
21,102
214,88
190,132,42
97,156
55,267
67,155,119,159
249,64
248,147
177,55
153,161
222,212
207,122
188,271,204
143,246
104,272,302
273,247
7,206
157,31,75
67,35
233,13
216,78
294,246
77,225
88,26,283
279,94,266
38,281,154
273,144,21,94
7,94
77,178,254
52,55
96,285
95,78
232,220
241,77,174
323,82
319,228
78,277
107,124
12,228
305,306
165,76
264,216
258,247
98,180,34
41,26
63,32,66,139
306,5
104,317,152,186
62,110,107
64,249
251,216,191,249
252,147
21,68
218,109,107
232,126
254,139
143,92
226,295
183,244
0,301,122
51,48,258
159,128
68,55,86
309,208,249
267,244,55
246,42,126
114,16
169,176
172,12
211,186
112,124
15,5
194,98
195,189,59
94,122
136,220,232
180,300
1,100,267
187,235
67,56
106,23,122
260,162
92,205,111
213,33,214
143,107
104,312
167,100
3,236,46
33,92
57,180
47,93
152,317
53,101
259,97
136,197
276,317,194
260,169,236
208,269
292,177
278,165
279,133
124,245
71,254
29,166
162,312,129
131,70
207,99,1
77,251
219,205
111,202
131,260,235
244,167
79,26
250,71
281,272
311,24
49,154,158
40,256
152,265
147,24
229,21,102
283,114,26
231,64,66
270,215
181,195,68
119,235
50,38
47,89
217,239
104,237
228,204
84,140,213
212,149
65,72
14,15
129,281
10,119
290,222
58,195,48
83,132
49,67
41,214
212,49
237,261,194
102,167,58
69,181
310,142
292,0
61,87
264,249
324,302,235
155,158
281,154
315,187
260,211
76,223
208,65,64
163,64,72
211,149
27,161
273,86
95,5
177,144,229
167,166
26,60,316,246
163,216
34,3
64,78
14,192
223,270
123,68
161,132
152,230
50,261
213,81
124,81,142
180,176
212,19
52,100
279,123
31,178
33,84
10,19
111,134,107
12,248,165
208,78,75
128,212
12,2
76,243
258,48
310,42
48,21,193
84,170,213,214
83,17
105,0,7
160,129
69,183,48,96
64,71,270
46,152
87,18
229,185
83,39,323
204,238
78,286,208
84,80
242,192,13
242,15
41,205
192,252
66,31
191,314
149,137
71,270
97,154
222,290,154
102,55
260,19
41,112
72,139,74,216
147,36
84,40
249,264
19,10
186,38,104
12,6
242,36
94,247
232,308,112
7,105,244,94
202,83,27,80
102,120
51,8,181
115,149
89,116,273
2,47,273
98,11,97
205,232
17,82,108
134,114
102,68
238,75
51,30
22,106,0
208,76
152,130,275
310,27
23,193
134,245
81,294
194,119
71,254
179,121
22,206
205,111,87,18
37,264
49,115
215,264
92,132,84
248,289
317,281
108,113
138,98
264,309
138,57
110,124
99,306
23,206
252,13
226,181
122,181
110,113
115,135,128
47,7
132,42
192,208
158,169
212,272
49,194
234,10,119
148,297
42,62,232
49,259,128
38,20
205,111
158,10
181,313,69
164,257
229,185
192,15
296,33,124
245,84
180,10
317,186
131,135
20,148
4,10,131
235,272,260
198,153,60
208,264
29,89
256,263
108,27,18
208,78,76
92,84
32,270
285,144,182
123,101
186,131,97
85,122
98,49
132,83
134,91
257,271
37,147,286
310,325,141
226,28
274,120
184,29
3,49,34
109,136
302,34
84,141,61
54,221
63,271
140,245
149,303,299
309,146,240
71,15,216
72,6,257
160,38,128
18,111,80,161
226,85
173,278
56,180
193,93,106
223,228
313,150
217,147
211,3,57
209,84
255,279
154,186
156,237
188,192
106,55
46,3
280,29
32,223
205,60
112,18
225,77
193,244,185
156,155
12,238
222,151,154
7,86
172,249,77
195,21
112,44
286,249,216,165,13
158,128
254,231,76
127,202
244,177
241,309,174
244,301
249,216,311
111,88
193,2
170,84
177,144
92,145
11,152
180,103
109,107,108
34,180
50,56
244,21,22
308,60
50,152,10
78,77
71,224
315,158,50
173,277
78,95
272,315
17,308
246,107
64,174,251
89,69
135,11
106,94
10,187
47,120
212,235,201
8,89
76,239,319
60,218
109,143
208,77,75
219,220
269,78
95,269
72,249
254,271,164
144,69,68
6,5
77,216,250
176,268
13,204,271
222,276
278,217
2,258,96
122,244,206,47
29,94,144
131,187
263,18
2,122
267,106
112,209
73,78
11,272,180,19
35,46
90,53
220,288,40
97,98
162,130
100,182
96,21,185
160,186,67
40,107
7,122
264,71
194,34
58,306,2
80,199,107
304,244,29
227,314,188
277,76,78
187,212,297
125,29
90,89,55
63,250,216
204,31
115,10
15,223
40,246,16
211,236
26,132
113,199
221,279
213,92
19,97,268
167,183
226,247
267,177
187,34,119
123,21
96,123
259,196
41,114
51,120
124,310
192,32,31
19,10,212
67,180,303,236
41,205
55,90
197,294,44
302,180
27,40
21,51
191,203,75,173
40,245
290,46
155,98,211
100,29,22
167,96,279
149,212,135,98
223,224
260,259
170,318
63,216
36,31
84,16
251,74
180,187
246,26
118,265
108,62
172,233,71,191
0,122
80,296
88,308
264,76,5,15
17,62
134,18
46,155,149
177,86
30,47,85
292,253,255
11,259
122,116
299,137
217,233
241,75,271
61,83,213,126
89,193
273,279
112,316
107,39
165,64,37
51,313
179,47
122,144
137,159
154,237,38
195,185,21,94
164,192,188
222,260
108,170,16
77,227,32
141,283
216,78
22,183
121,229
49,98,315,154
174,254
95,269,139
254,24
212,115,130
250,286
279,29,100
151,97
239,241
205,79
220,142,175
116,193
140,80,110
147,216,239
245,132
103,317
40,140
268,180
263,112,83
21,185
224,251,5
149,4
219,220
100,51
77,191
114,110
30,94,244
92,190,171
181,21
152,45
47,167,58,29
79,18
166,94
201,303
40,79
11,259
92,190
40,219
10,187,38
78,6
9,167
240,74
246,26
10,312
96,90
214,145
181,68
204,271,208
210,154
229,221,28
216,71,269
316,214
127,219,220
138,131
107,79,145
39,25
40,33
265,155
326,232
271,306
281,138
129,57
62,190
264,147
271,228
310,62
21,86,94
17,214
32,74
55,58
66,257,254
164,71
83,16
142,220
118,317,186
265,187
107,143,232
230,131
242,243
80,109,263
303,158,324
133,206
122,182
278,208
86,130,131
87,220
193,51,279
135,4
194,180,119
83,209
240,31
98,119,151
94,304
76,208
126,107
112,126
1,86,122,0
225,13,227
79,88
32,203
307,10,128,137
270,251,191
286,251
144,55,90
206,52
263,141
281,118
277,271,224
187,180,115
238,13
149,45
120,102,189
160,158,212
2,229
22,226
42,220
139,240
143,126
175,126,112
225,174,77
270,66,203
149,261
183,247
49,324,45
158,149
153,108
191,269,64
153,220
49,3
222,45
247,2
26,220
258,68
244,29
312,317
10,67
62,245
177,120
260,98
181,86
198,318
111,92,218
133,29,244
276,19
2,226
120,102,100
18,213
40,214
89,120
35,162
61,111,136,153
131,34
152,162,156
173,31
107,113,132,41
159,324,299
251,178
155,297
75,63
189,68,182
94,54
192,242
158,97
108,113
67,155
119,152,135
18,113
148,45,130
35,98
102,53,21
303,97
58,150,255
309,238,64
254,15
239,240
73,76,31
257,254
283,127
230,19,162
49,302
24,78,76
106,89
176,158
228,238
26,84,140
205,87,107,232
122,93,86
176,38,50
309,37
125,122
18,127
80,81,209
269,254,178
21,121
52,47
270,251
302,260
16,79
37,223,76
218,61
289,14
92,175,140
89,120,9
19,152
272,129,155
272,137,196
66,269
225,243,15
112,214
25,232,153
18,263
78,12
142,80
237,67,236
245,256
215,271
212,154
93,52
120,86
188,37
48,55
252,289,188
222,160
313,120
145,161
298,269
281,186
278,264
137,194
247,0
122,167
154,317
65,139,63
18,81
244,85
10,196
55,207,181
111,214
75,63,192
263,141
213,142
220,61,26
84,205,17,92
21,166
133,181
270,319
103,49,303
135,56
195,116
45,70
28,47,53
64,13
104,237
30,99
218,126
176,186
78,192
3,130
140,214,199
131,230
220,134,308
205,310,62
204,72
141,140
52,130,35
28,102
155,299
300,98
41,62,205
149,135
119,275
171,136
3,158
63,286
103,194,104
89,1
304,58
109,25
70,131
20,67,38
189,123
136,214
276,281,103
83,175,153
263,16
68,29,121
19,50
4,131
77,178
297,158
156,19
5,192
7,189
235,236,290
121,102
292,177,29
241,178,217
74,64
147,12
28,29
122,55
235,46,234
114,175
18,263,44
10,212
88,111
108,132
115,290
18,41,91,107
64,77
110,311
208,306
10,261
304,122,93
213,17
283,210,17
88,219,263,109
300,103
18,110,108
148,49
141,219
237,312
58,96
22,29
318,209,83
164,74
163,223
114,310
93,90
301,181,7
237,34
173,225
190,171
308,111,153
20,128,10
285,22
22,189,23
288,132,83
245,110,18
135,155
212,237
47,55,313,182
134,310,210
53,7,285
57,275
113,112,62
14,264
24,270
132,316
119,186
205,202,190
208,31,257
15,227
149,261
14,6
239,188
31,66
35,119
149,11
99,207
50,19
317,152
95,12
109,263
139,77
9,0
122,120
245,136
271,95
52,8
127,294,27
87,142
175,79
110,318
135,20,212
178,242
180,237
212,236
109,108
86,313,102,121
83,310
127,220,108
303,50,10
100,122
7,101
134,112,16
1,189
161,111
131,236
13,305,314
242,248
38,131
236,268
123,55,69
107,62,16
14,248
264,271
109,171
64,65
119,129
52,102,2
154,299
116,47,53,105
212,302,20
227,208
219,110
163,250
275,222
191,298
115,19
223,269,14
247,51
171,17
220,190
29,193
251,36,174
155,67
298,174
109,175
193,90
239,231
38,235
92,171
99,267,21
182,93,47
8,46
238,147
78,243,32,233
16,197
80,283
246,124
76,204
72,277,238
128,154
202,107,27
191,110
165,14
126,161
7,86
42,17
39,81,143
141,263
133,267
270,157,64
92,171,127
86,236
136,283
202,143,136
84,41
194,222
295,189
112,220
86,184,122
314,223
44,107
137,211,154
147,249
230,324
276,103,156
192,306
228,78
110,42
138,11
32,172
192,208
193,68
223,191
134,197
27,41,110
26,175,91,27
176,260,169
283,321
214,198
37,228,139
178,216
34,260,45
212,152
107,208
272,86
83,140
207,244
15,250
47,167
18,40,141
222,38
99,207
77,6
174,233
134,62
31,228
98,38
109,27,143
222,35
102,53
154,260,11
171,60
100,23,94
106,30
16,197
210,127
230,149,152
10,103
104,156
92,145,83
47,90
202,124,213
215,242
11,148
38,236
124,126
114,111
89,267
225,238
251,305,252
149,222
316,114
155,315,20
7,193,8
7,89
80,114,17
69,150
203,239
200,160
251,64,250
181,94
121,48
238,15,228
257,249
38,130,155
87,92,124,83
22,285
71,77
38,151
111,88,283
86,89
252,224
19,178
244,96,304
25,218,310
254,74
63,231
68,89,292
236,46
208,78
135,272
41,107
170,80,124
310,84
170,246
205,25
245,18,44
225,178,269
26,25,41
21,1
54,51,193
281,276
48,101,22
153,92
99,279
302,261
245,288
213,141
90,8
92,143
20,135
261,19
66,269,77
230,149
180,312,169,50
77,298
272,259
208,257
232,25
183,28
239,146
38,97
62,202
169,259
322,272
94,9
12,278,76
1,120,102,184
7,53,22
305,65
126,171
90,9
192,13
278,65
58,68,320
67,4,34
102,96
53,55
206,255,244
302,46,57
21,122
11,49
153,323,27
223,291
137,138
207,102
205,220
84,288,175
300,152
267,99,181
173,311
276,281
324,322
226,28
0,144,189
167,55
50,128
245,84,127
28,2
174,5,72,243
158,297
78,165
169,259
223,228
123,106
288,143
161,197
208,164
96,125,23
119,297
79,136
212,222,303
41,219
66,32
94,167
137,135
38,137
197,92
264,203,164,6
292,53,9
51,99
17,82
95,238
237,119
190,132,84,79
256,81,84
175,25,127
205,124,92
68,144
216,13
76,6,164
271,250
235,186
49,138
178,163
140,263,114
283,321,25
277,178,305
220,83
12,76
145,26,110
41,109,214
35,237,130
43,310
214,218
69,123
38,19
249,95
268,317
156,162
45,135
83,134
124,143
265,154
210,127
295,55
180,152
80,40,140
174,75
303,98
249,64,278
10,149
228,76
12,208
224,252
305,146
1,69
120,94
239,174
258,144
154,156
236,11
139,15
149,151
161,41,283
158,11,10
69,94
208,78
237,104
300,70
204,238,239
307,302
263,87
27,16
322,57,11
159,45
80,161
50,152
120,21,89
136,205
274,189
11,19
204,319,223
249,66
245,126,62
106,47
143,175,79
217,64
251,146
6,178
35,3
2,221
125,68,183,105
252,5
75,254
245,83
197,145,140
139,216
223,238
204,208
121,22
294,213
261,281
54,244
312,155
244,193
84,210,82
174,31
86,236
64,77
106,150,68
89,274
314,95
279,29
107,79
145,246,205
276,152
74,241
20,115
214,114
102,123
279,58
20,45,322
159,211,50
206,99
122,22
75,164,223
10,235
52,51
197,108
224,225
136,79
7,206
144,106
41,198,111
208,270
281,131
156,129
35,302
129,230
253,102,2
224,12
115,169
74,241
99,100,7
159,10
44,170
29,229
121,206
126,16
117,183
7,244
249,77,286
197,288
49,259
102,85,183
245,124
314,250,14
236,98,272
11,154,135,235
216,240
302,300
93,121,144
72,78,289
45,324
134,84,175
32,223
137,303
277,248
154,97
185,8
198,124
185,53
167,105,221
21,100
84,310
2,22
216,6
249,110
29,125
89,301
250,75
64,77,314
121,48
84,310,112
279,258
22,99
72,172,139
5,15,238
71,65
29,106,69,207
178,250,63
287,171
220,107,126
219,323
240,14
80,40
44,126
254,78
152,237
310,114
78,243
149,19
261,160
173,306
47,117,2
208,194,163
117,185
136,232
11,268
77,269
270,65,75
47,29,22
129,275
265,156
243,78
32,5
82,111
9,105
7,29
7,117,69
10,128
102,2
18,43
2,122,255
179,12
289,22
90,102
5,192
152,118,130
28,181
209,84
112,114,40
275,119
29,106
91,202
306,243,208
202,190
140,199
220,175
84,132
307,297
208,5
14,271,223
223,293,233
152,103
202,256,39,170
77,76
100,122
96,221
22,244
249,224
178,242
60,245
7,221
7,150
62,263,214
95,78,278
191,311,250
303,154,222
126,124
242,243,14,192
41,219
90,185
112,40
214,132
55,7
52,125
16,114
90,226,258
67,194
48,271
147,76,269
112,83
15,264
131,156,129,268
300,169
188,157
101,94,90
174,251
92,16
312,156
65,242
22,21
179,101,226
181,90
88,140,112
15,252
107,27,263
74,178
159,176,19
192,178,146
152,56
76,264
43,190
191,203
185,258
49,222
186,322
233,215
269,192
93,7
244,120
87,219
212,115
270,224
230,149
17,16
21,86
139,203
108,126,127
178,250,217
57,35,272
244,68
17,170
74,254
53,195
186,268
23,122
228,77
55,195,99
184,21
252,172,31
25,127
64,65,238
22,123
122,55,53
8,226
29,90,166
308,232
67,236
148,4
126,91
252,173
9,244
323,109
195,28
244,96,68
137,324
223,264
188,12
281,186
243,15
300,149
258,120,167,9
53,21
278,173
253,122,69
118,131
64,12
154,317
121,96,89
39,142
235,131,272
25,111
171,199,202
285,22,9
48,189
190,41
21,179
113,202
54,0
116,120
18,132
135,34,186
79,91,41
48,185
102,94
6,223
242,5,32
123,100
88,25,27
264,191
18,82
230,272
158,49
79,202
131,194
43,127
67,104
281,275,300
128,160
119,3
43,283
122,96,121
202,110,213
232,127,108
187,57,212,260
23,28,122
235,162
55,86
178,225
55,193,68
126,124
83,316
244,30
49,148
240,6,243
34,154,97
239,224
225,217
92,25
239,15,286
236,129,119
40,245,43
156,154
274,181
77,216
259,180
188,14
176,160
163,243
120,28
197,40,84
138,260
43,92
172,241
176,67
84,214,210
292,93
18,110
6,204
294,80
80,16
120,181
283,288,321
180,135
234,236
212,259
12,172,250
214,79
10,196,38
70,19
183,120
38,19,303
255,48
142,84
146,203,215
149,10,138
91,124,142
79,140,62
56,155
80,143
311,319,12
169,10
145,92
226,100
317,98
243,238
134,142
274,122
127,109,25
53,320
164,36
40,62
171,294,246
97,155,50
190,246
275,129
264,14
192,63
283,107
76,243
156,3
263,246
199,273
53,86
144,102
278,192
154,131
82,209
269,298,66,278
220,141
76,192
12,227
158,159
261,118
19,35
310,124
264,5,15
169,152,3
193,150
25,136
91,145,60
180,317
10,152
210,17
122,144
198,44
74,208
44,171,310,26
75,311,71
189,68
18,220
173,163
14,215
214,323
277,32,239
100,48
165,192
119,149,104
19,235
271,6,248
65,269
205,42
86,89,123
283,140
322,56,129
289,264
123,167
223,203,241
193,106
116,313
247,55
13,242,172
224,65,264
303,322,11
214,16
264,191
92,109
153,263
42,39
38,187,138
211,97,129
53,122
80,61,140,88
259,154,135
165,269
266,21
244,193
138,176
253,54
173,63
56,260
172,270
89,22
292,55
99,21
95,14,231
111,107,310
248,14
252,77,165,216
305,64,32
83,202
62,199
314,216,139
11,138
291,147,248
95,14
113,112,82
126,87
78,172
22,23,195
214,16,245
74,223
92,113
59,100,85
256,141,83
170,62
28,117
168,273,258,116
115,119,155
303,34
12,31
19,324
110,113
195,12
128,70
167,48
67,159
309,241
80,91
173,208,319
97,268
87,145,283,171
42,92
241,278
228,239
21,244
29,96
5,227
29,184
194,130,46
34,149
202,42,26
321,140
312,46
206,22
299,4
299,152
38,262
147,163
54,301,89
120,22
219,153
251,6,78
271,174
134,44
87,308
274,120
35,200,4,152
236,261,119
122,177
19,212
111,199
208,78
38,290
260,302,50
235,20
287,92
223,242,224
10,50,159
85,280
214,39
64,271
84,111,310
47,168
98,186
220,124
254,76,36
106,93,221
27,25
105,55
114,16,17
189,86
21,102,30
61,145
265,152
47,295,99,193
55,177,121,122
181,301,184
240,286,216
32,277
5,14
23,55,90
236,57
128,276
19,307
92,91
50,162
136,107,202,42
50,222
271,298
230,57,50
166,90,122
179,117,48
309,252
207,21
121,29
192,66
155,149
249,223
79,17
194,169
135,137
89,181
74,251,178
78,223,13
244,106
50,201
86,23
149,322,154
239,14
195,21
126,124
170,232,41
99,22
122,99,226
78,76
178,32,277
245,310
159,290
119,237,56
306,249,217
175,153
89,193,279,120
216,173
32,13
207,166
44,245
236,46
19,275
14,264,223
170,61
25,220
78,239,277
43,246,197
271,75,31
135,19,260
235,281,234
177,69,117
68,59
8,106
193,7
196,45,212
46,86
19,131
237,261
191,293,250
82,87
68,144
243,257
235,261
168,102
106,120,58
53,101,244
42,111,87
67,46
136,310
95,76
231,257
25,84
20,138
156,152
11,34,303
250,37,165
224,5
122,100
89,69,177
78,240
53,105
63,66
5,270
303,10,104
159,115
128,119
221,48
92,114,82
154,10
36,270,249
326,92,60
112,83
109,143
88,140
95,77
226,48
236,186
238,14,173
6,204
85,53
62,18
5,72,14,12
251,241
131,236
41,111,109
110,145
87,143
137,115,20,222
120,9
41,136
186,86,23
242,264
122,167
109,134
14,31
179,94
252,314
220,17
129,19
299,236
134,220,112
0,7,279
56,312,237
222,10
136,109,198
140,245,83
155,137
212,98
216,188
232,140,132,83
193,93,295
203,286
225,242,188
87,109
228,204,271
132,199
44,294
314,13
45,70
166,255
135,180
223,13
202,111
179,195,101
93,123,94
222,70,300
277,225
253,101
206,255
31,64
304,7,105
202,132
220,321
69,55
283,153
185,125
122,58
275,156
207,320
13,146,163
126,87
272,119,70
269,264,228
199,33,142
75,77,249
149,211
15,78
203,77
16,41
303,160
81,232
122,226
297,180
20,10
111,143,310
80,83
93,166
62,318
18,134
202,109
139,208
124,109,209
7,86,53
29,21,279
151,154,10
192,15,257
179,21
122,7,69
56,186
76,228
13,5
107,321
205,61
156,103,67
107,175
18,310
50,324
196,98,276
55,69
99,21
278,173
88,40
324,135
20,158
241,66,311
241,225
68,122,8,96
53,55,68
223,5
62,110
201,187,200
175,60
63,15
84,108
272,98,275
62,16,170
166,55
71,178,306
20,180
144,28
86,21
279,183,68
272,297
84,202
243,75
189,89,90
232,25
104,276
93,47
166,247
26,310
75,264,224
212,49,38
240,174
224,309
130,272,3
306,31
31,231
191,63,233
110,246
273,226
18,310
72,192
11,155
188,173
2,12
185,90
47,167
244,96,105
22,266,99
226,7,102
19,169,222
186,230
38,149,137
226,144
152,275,201,312
118,315
107,81
163,65
264,277
196,98
287,318
40,132
219,84
85,267
148,272
253,206,68
7,185
203,77
244,53
260,50
197,109,127
252,223
10,272
131,272
99,255
9,274
147,269
90,120
281,160,119
14,252
105,179
144,23
49,98,128
255,144
159,276
76,15
10,275
125,105
243,76,78
197,83,112
64,254
244,121
77,298
278,225
295,168
80,175,153
191,254
32,188
322,236,235
12,233
29,21,55
171,136
264,5
47,86,54
100,55,133
149,11
65,147
208,248
21,301,47
15,74
301,122
260,281
119,152
119,201
45,128
135,211
208,269,271
23,253
222,10
106,144
166,179
277,95,239
316,288
65,78
25,321
119,129
309,72
78,252
96,184,183
106,101,221
21,320,193
131,272
135,38
138,56
103,317
68,177
140,219,113
77,208
118,70
239,64
51,189
145,41,161
126,190
12,66
326,220,175
155,67
165,224
283,136
188,164
69,144,90
20,154
102,28
201,119,236
178,252
90,106
220,83
152,156
202,87,92,310
249,74
324,20
95,248,13
107,39,143
107,143
47,101,193
193,69,47,55
22,253
109,107
193,96
5,14,204
175,214,112
244,166
58,207,167
144,9,267
2,58,106
10,19
260,196,297
319,95,264
177,206
100,51
21,306
59,226,279
122,2,55
21,68
44,107
216,64,36
158,97
208,239
59,22
16,310
89,86
238,15
156,312,67
216,164
62,318,40
208,254
88,41,127
90,221
92,25
54,55
102,123
94,89,253
46,131,186
106,90
269,216
44,245,263,16
4,103
48,102
25,214
212,302
217,208
90,273,255
243,78
23,120
303,176,10
95,314
104,137
228,277,12
18,42
11,262,38
72,225
166,193
11,187,222
109,39
224,147
25,202
25,41
55,21
165,223
114,84,140
146,95,248
146,248,15
132,310
220,81
11,154
140,79,126
115,97,20
10,152,38
57,149
86,90,47
310,153
83,108
182,292
153,171,141
324,38,4
84,175
126,214
162,222
209,17
35,38
177,181
48,94
25,209
30,244
5,319
310,81
219,141
34,46
286,139
89,22
136,44
174,241
240,178
41,213
41,92,25
7,133
22,121
293,75
190,220,87
95,224
191,173,208
121,106
172,250
145,175
186,19
6,164
300,46
67,103
180,11
32,208
29,69
25,220
144,55
44,82
244,133
112,84,113
10,300
192,5,309,248
156,230,49
92,88
29,22
144,94
4,196,235,97
92,323,111
163,250,173
19,49
271,238
303,186
137,194
250,269,37
236,135,57
38,155
151,300,176
80,198
75,216,217
225,224,254,217
107,205
74,254
283,220
182,105
326,134,140
235,159
253,102
29,244
172,77
110,140
216,250,13
304,93
102,86,267,89
19,38
264,217,139
12,78
244,21
117,123
90,195,183
84,83,82
36,173,254
248,172
107,92,111
276,272,176
245,80,197
66,72
250,252,75
31,188
144,68,29
239,76
247,47
61,136
23,185
122,86
70,154
180,276,186
219,82
19,230
144,133
198,62,40
197,61
127,140
247,122
9,99,295
52,46
220,197
313,120
149,222
51,226
206,120
266,68,226
169,4,34
55,193,51,144
215,188
266,102
193,120
33,41,310
126,132
51,144
137,98
190,219,110
169,118,19,45
213,143
69,8,7,167
18,198
270,76
65,270,165
150,29,47
236,180
74,269
161,60
275,35,156
144,29,90
171,92
112,170
35,20,49
40,170
173,231
235,260
12,15,163
216,319
226,2,85
320,96
55,90,116
2,0
71,76,14
10,148
121,279
178,64
211,303
216,13,192
67,259,212,135
313,189
57,299,237
255,206
263,214
175,127
222,138,137
136,153
251,309
118,67
105,99
227,95,242
5,146
172,14,264
69,177
32,233
130,237,10
222,138
18,197,134
134,294
58,123
156,275
47,189
17,213
90,30
198,84
250,252,139,249
300,104
62,263,127
139,36,75
12,5
142,80
159,312,10
95,178,172
1,122,0
152,180
145,41
57,38,158
126,41
242,74
120,279
62,294
214,127
208,252,203
279,99
182,280,51
49,154
302,104,235,237
271,319
100,189
121,255,68,253
240,178,217
99,22,102
92,190
187,70
16,81,220
57,129
304,58,29
171,205
140,18,112
80,310
21,105,226
222,10
147,249
254,95
235,86
10,155
83,170
126,25,16
253,116
180,272,138
225,72
82,214
106,1
251,224,77
188,252,319
119,67,149
47,94,23
31,15
276,52
208,165
312,186
202,42
49,10,155,212
11,118
141,232,112
15,12
199,296,83
160,212
109,310
51,22,47
47,177
15,264
189,30
58,55,221
86,253
97,38,20
149,261
20,211
18,153
87,40,112
236,237
80,220,16
236,129
277,257,15
172,77
183,9
305,269
86,94
64,31
225,223
99,21
231,178
156,162
57,230
189,86
71,224
86,102,22
195,68
159,187
219,202
149,312,236
197,132
67,149
216,65
259,282,312
240,74
197,16
152,137
164,216
123,189
92,190
197,134
310,83
243,228
245,18,232
121,185
78,277
265,138
127,245,246
11,46
159,45
298,72,319
76,289
142,175
285,279,55
156,57
53,105,47
170,62
103,56
81,134,198
112,126
136,272
76,32
13,251,5
122,166,304,52
313,274
11,149,159
35,11
180,128
149,118
301,122
238,231
156,268
100,133
100,58,122
16,220,256,18
13,63,224
62,153
275,154,212
10,38
55,182
94,123
245,142,197
262,20
173,71
106,167
88,108
170,108
319,238
12,277,239
139,178
20,3
40,213
63,208
153,111
9,150
270,269,278
87,294
162,50
259,104
268,230
192,15
18,288
136,202
12,75
120,177,116
156,158
278,243
50,154
14,298
153,143
270,36,252
27,209
208,14
177,86
302,156
192,5
261,67
192,224
144,206,266,53
154,67
237,119
34,302,230
129,317,152
71,257
121,167,96
244,68
250,224,241,223
196,45,317
202,92,213
23,120
220,60,209
193,100,1
316,197
29,59,117
106,94
214,210,82
109,27,321
112,205
235,45
245,132
180,237
115,10,281
107,232
230,154,135
176,222
182,8,93
89,99
158,118,50
309,250
232,310
97,154
163,71
167,105,123,94
180,317,152
264,277
165,251
148,317
55,7,253
149,138
214,245,213
155,138
131,211
113,220,132
34,272
235,10
281,148
149,290,160
119,104
10,152
120,68
250,270
273,120,122
303,67
12,254,147
264,163
110,70,5
204,252
178,78
78,208,172
21,99,179
118,222,155
310,17
317,50
165,13
178,74
10,98
171,175
195,102
179,53
277,242
27,87
94,86,177
161,111
114,124
89,106
91,214
47,23
66,78
199,16
162,272
208,77
190,127
250,311,173
55,89
88,316,16
14,146,165
87,246
68,120
53,89,105
277,146,31
225,71
94,55
214,81
169,103,297
38,119
92,273,21
8,48
249,31
84,209
52,185
42,140,205,214
169,186,138
314,271
98,212,154
105,144
92,143
194,34
46,317
235,98,10,119
209,263,199
156,187
123,101
186,154,19
101,221
191,173,250,270
26,321
122,47
120,0
131,180
50,128,38
55,255
51,86,207
295,117
211,49
131,317,57
149,20
257,192,172
239,243
78,37,223
193,85
110,199
166,90
41,92,88
122,123
90,47
107,40
316,17,112
16,245,40,161
211,159
69,29
32,5
262,235,50
21,168
2,86,292
38,281
57,11
284,173
205,246,61
10,187
111,256
176,187
13,243,264
232,41
230,3
31,203
89,100
136,107,109
251,269
135,38
180,159
128,38,159
246,190,82
269,63
96,2
319,172,178
249,74
271,173,289
310,92
193,117
107,153
19,265
125,183
167,51,7,59
50,149
203,277,15,173
78,172
175,92,27,61
55,102
49,187
47,106,69
84,109
114,84
292,195
212,135
105,144,54
38,162
227,203
117,121,101
174,164
129,57,4
53,89
243,239,95
120,29
75,271
131,303
20,155
21,55
313,29,90
75,250
214,153
65,254,174
198,175
33,213,44
244,258
95,77
205,26
281,236
278,249,286
252,71,36
158,4
89,90
22,206
96,193
11,160,38
99,53
31,32
156,237
34,281
45,272
128,154,176
44,18
47,221,189
19,180
98,49
15,277
84,33,82
204,5
128,97
183,258
316,62
7,193
27,109
107,210,110
223,5
317,152,312
38,262
31,36,231
245,84
120,47,167
30,21
190,214
259,230
244,253,207
223,314
259,160
253,12
136,126,27
60,39,190,220
149,97
245,205,87
98,317
172,278,225
181,21
180,131
84,142
54,105
186,149
275,49
154,260
202,218
192,224
260,149
161,124
24,216
100,184,123
122,53
80,310
97,259
89,247,55
262,196,149
312,19
162,276
274,106
195,122
263,17
223,314,12
281,162,70
32,289,12
86,57
109,175,246
26,114
130,212,194
305,239
167,23,273
192,14
236,104
17,114
68,96
293,240,216
135,45
239,204
100,93,105
121,116
202,321,84
197,263
169,180
118,235,180
242,270
26,112
211,70
86,7
60,175,127
248,95
196,46,98
17,124
59,195,68
230,322
169,211,156
217,251,172
236,276,155
53,144,55
315,155
242,204,36
158,45
18,92
86,273
113,220
197,142,18
90,244
294,44
12,139
172,305,164
167,55
290,281
140,80,62
92,220,175
170,218
287,288,112
301,120
134,283,16
219,109
244,258,28
84,33,92
192,223
86,96
232,220
268,149
297,152,67
34,186
148,236
5,15,173
263,127
26,39,18
10,303
213,145
140,81,18
64,286
222,236
166,279
77,63,251,173
218,214,17
251,217
177,168
7,122,120
95,293
238,264
105,123
29,90
237,19,11
154,212,10,152
114,132
92,171
276,131
171,83
78,63
107,39
123,55
193,30,221
222,20
323,82
129,4
78,243
134,18
180,20
227,271,6,228
137,237
211,312
220,92,140
186,303
246,25
114,83
163,75,64
275,67,152
58,179
247,2
27,316,124
93,295,0
208,178,277
71,208
233,239
95,165
123,195
138,70,19
276,169
10,236
179,279
120,122,1
133,48,52
76,15,165
126,141,197
313,193,55
233,78
186,34
154,276
269,74
129,4
111,153,246
143,175
31,165
208,289
34,3
216,64,12
41,111
136,202,126
317,154
126,33
216,65
104,187
166,120
32,243
179,28
216,6
252,270
257,277
224,252,31
95,242
205,220
89,68,53
136,256
318,214,27
272,50,154
250,13
29,144
31,32
226,120,101
238,76,208
22,47
22,195,29
317,276
109,140
64,65
17,18,197
241,309
175,79,126
229,21
235,176,162
90,185
95,146,13
82,40
130,169
224,77,216
258,295
259,46
243,14
49,128
100,53,182
36,63
86,186
26,153
216,32,223
189,166
2,123,167
149,261,236
71,309,216
132,294
260,115,149
154,222
219,220,232
189,53
98,222
221,30
98,128
223,15,12
49,312,20,45
4,272
264,191,277
275,103
42,17,190
247,177
171,92,39
208,192
250,12
161,136
41,43,111
27,310
62,202
45,128
284,32,264
41,232
90,189,89
278,203
310,110,44
16,245,142
9,0
167,94,123
9,122
228,163,71
53,102
62,170
55,23
95,74
122,177
87,84
212,180
86,281
49,261,259
235,67
42,126,91
68,189
138,300
321,218,202
12,95
145,92,126
193,48
263,88
217,147
108,140
27,61
236,129,10
50,260
34,67
253,185
212,128
142,141,134
136,246
319,78
153,41
216,6,178
138,67
249,173
276,50
75,163
181,279,86
41,18,17
326,112
324,97
112,198
25,82,318
19,20
108,171
150,122,179
180,119
230,151,299
18,80
214,134
46,35
31,5,78
74,314
102,133
216,78,146
41,140
137,98
228,32
86,189
1,53
86,179
7,22,53
15,163,264
101,179
154,34
94,53
48,29,86
50,35,67
75,36,32
255,29
176,259
174,208
86,258
221,7,89
64,223,72
169,46
35,131
82,114
20,135,98
288,310
57,98
257,14,208,32
204,13,191
138,194
164,223
186,128,297
202,175
219,310,140
110,199,294
42,43,25
158,20,135,159
205,42
124,62
75,293,216
102,22
182,189
102,255
34,131,104
120,93,247
167,193,273,53
78,243
28,21
12,264
6,270
98,50
25,62
272,235,214
213,132,62
179,7
54,47,168
10,272,275,300
47,55,48
106,68,89
44,108
141,132
205,39
88,81
84,110
111,92
41,210
110,111
218,127
107,44
14,5,208
231,147
94,182
83,316
128,222,10
137,135,35
154,98
0,320
188,216
137,276
158,176
101,266
312,222
110,216,224
79,27
244,167
54,206
276,236
220,80,256
50,19,155
78,293
110,197
152,103,315,128
235,230
122,121
258,133
104,186,67
19,118,4
283,80
215,164,192
29,94
273,48
55,273
189,86
205,136
95,172
17,111
13,188,277
79,61
249,216
83,44
83,111
239,14,306
99,195
250,252
312,236,104
139,174,223
297,276,237
219,214
13,64
65,75
60,109
28,253
167,279
149,154
244,121
99,185
125,29
52,89
141,83
227,208,309
84,80,245
226,185
19,4
239,6
265,38
182,47
228,319
207,86
22,21
89,47,189
117,226
232,220
187,169
98,118
102,90
279,244,121
279,30
25,108
18,294
34,137,10
34,281,67
272,149,137
31,239
96,21
175,83,132
122,47
89,122
222,212,10
112,110,199
295,255
143,82,175
89,117
98,176,154,212
290,212
75,77,278
208,95
181,96
281,19
294,16
161,111,25
192,238,78,32
319,208
38,152
279,244
143,88
5,172
306,277
135,151
68,90
160,259
122,279,47
29,101,255
232,80
240,66
147,15
213,245
255,123
79,39,60
63,208
64,270
83,310
64,208
317,129,154
164,251
148,275
29,96
12,217
162,149
275,131,322
263,287
158,259
142,256
317,300
260,98
86,21
164,251
139,286
13,78,204
128,97,50
96,117,7
147,31,14
21,258
279,244,255
14,215,76,188
15,191
91,220
186,67,119
176,222
19,194
8,144
190,134
30,9
257,12
101,21
157,174
62,245
222,10
136,79
222,115
277,241
39,113
49,115
163,78
21,101
35,149
15,172
68,193,21
149,97
161,83
237,38
260,156,259
109,92
281,317,312
216,225,71
11,20
110,124,84
84,83
223,72,203
204,216
205,108
226,120
216,319
10,56
87,153
16,84,109
240,252
197,62
67,272
206,122
255,229
89,123
105,47
281,46,261
196,70
232,316,80
180,272
94,301,122
26,321
68,55,116
174,178
185,255
78,14
123,47
221,226
202,110
263,33,80
75,231,174
226,185
7,189,105
174,5
174,163
158,155
257,78
241,173
217,147,77
276,235
181,102,273
111,81
244,133
78,6
105,253
86,29
286,64
281,19
172,75
101,68
226,48
115,324
96,21
175,245
216,271,174
63,14
247,94
192,24
19,212,156
193,244,21
84,132,62
220,219
310,79,246
13,223,239
193,280,29
263,110
224,71,72
283,80
109,111,136
182,96
19,160,222
268,67
9,30,100
116,69
190,245
170,294
180,236
320,179,255
6,264
243,239
64,251
149,104
166,23
12,13,78
86,4
47,85
26,10,179
147,191
18,199
55,106,150
76,223,78
222,154
271,95
266,29,207,229
79,84
202,40
100,185
90,166
181,144
17,190,92,170
307,49,131
195,179
46,176
179,266,48
46,10
152,10
171,321
269,250,63
207,105
238,14,239
208,78,289
162,276,186
180,312
62,202,294
11,236
81,41
162,20
209,310
223,204
162,56,180,67
13,271
119,155
259,20
252,139
107,62
99,96
272,67
270,271,173
138,149
236,265
124,62
306,6,277
108,220
287,18,232
52,94,53
169,155
264,6
90,247
10,56
63,32
21,184
121,96,55
148,275
35,235
12,286
219,84
47,54,89
50,115
236,235,272
256,18
219,220
89,93
126,79,110,170
136,84
227,63
103,149,138
53,206
263,197
44,161
277,14
213,199
116,51
6,12
174,71
216,231
245,202
270,15,78
233,6
128,104
177,100,51
40,112,170
86,100,90,177
127,126
283,109
201,10
231,243
133,285,221
43,27
118,19
29,48,96
91,82
34,276
277,37,173
215,188
48,279,255,51
231,14
312,180
126,143,88
239,250
272,155
21,93,313
13,239,289
109,232
103,119,156
76,78
57,222
14,250
247,179
29,285
139,250,77
80,42
20,212
245,110,175
226,51
107,109
71,139
104,312
192,75
100,193
25,92
152,131,312
41,60
140,83
85,7,51
270,147
161,170
60,27,112,214
5,173
106,7
179,99
135,67
149,19
206,85
15,71
108,107,219
222,130,131
10,118
131,180
44,109
67,131,129
237,275
179,121,189
239,257,243
33,124
21,144,94
173,75
47,52
7,100
249,225,64
247,47
212,211,158
238,215
164,269,31
78,24
126,220,308
202,126,140
151,149,201
29,189,23
235,86
284,252,173,139
245,88
95,76,228
90,105,221
214,141
92,79
11,187
264,269
44,205
94,90
102,21
232,245,107
159,302,129,149
92,145,220
71,95
135,49
19,194
92,175
321,18
293,110
154,180
110,27
281,10
238,224
62,213
126,112
178,165,139
14,174,204
267,123,94
60,202
286,77
77,188,36
311,251
61,25
51,90
82,60,40
276,149
180,10,196,186
270,208,192
30,244
227,95
17,175
281,156
245,16
60,112
208,71
216,172
107,124,62
320,51,86
254,250,64
259,169,135
135,98
278,65
69,105,122
144,7,53
122,69
306,76
67,281
287,41,245
236,38
72,269,64
161,26
143,79
220,214,41,87
62,114,84
76,264
17,283
214,109,62
47,0
115,236
245,81,44
3,186
316,197
135,312,281
90,226
12,32,24
95,13,271
77,78
134,62
143,108
76,208
82,80
129,322
32,146
97,222
314,243,277,78
83,202
84,124,16
197,110,220
242,208,173
110,145,210
154,265,222,272
172,76
177,51,120
125,279
165,251,37
16,124
254,248,241
13,37
61,111
152,35
25,199
73,251
117,54
194,119
214,109
259,156
112,210
152,98
191,72
250,216,165
262,211
320,121
187,138
64,78
189,22,29
109,197,18
288,114
0,30
14,208
281,98
10,303,235,275
230,70
298,72
281,158
18,126,41
21,90,177,116
290,152
312,67
9,2,221
164,77
169,186
294,197
28,229,117
208,165
203,12
48,320
94,181
163,64
32,95
54,100
147,227
47,116
11,156
205,82
86,52,167
25,84,310
78,178,188
222,290
40,170
12,14,165
290,259
90,96,167
152,276
11,70
32,191
29,258
259,212
225,298
15,77
309,271
52,23
124,17,140
188,284
47,102
35,103
84,40
310,17
31,248
22,55,279
16,316
125,244
1,7
95,73
222,97,212
22,21,12
97,235
165,252
43,110,42
216,77,248
151,138,50
264,178
51,85,53
286,319,314
220,92,197,232
206,306
49,261
34,104,260
309,36
104,276
114,44,113
55,105
275,317,19
167,122
77,178
71,231
206,122
57,131
313,23
93,52
149,137
92,126
68,207
48,30,116
264,5
1,21,123
100,195,7
191,36,240,172
103,35
52,46
180,119
77,188
98,159
65,250,225
224,174,36
62,107
60,33
3,159,212
173,15
276,49
7,94,55
194,152
112,17
255,121
86,94
83,126,17
96,21
122,166
12,5
139,191,216
110,124
50,276
152,119,56
152,104
174,298
116,7
211,11,20
193,226
216,223
155,158
297,275
256,219
239,76,192
106,120,105
204,95
166,106
185,94
53,93
153,246,132
41,232
38,187
175,142,62
164,239
90,167
58,2
251,249,216
326,214
111,88
107,161
285,280
278,12,264
132,214
24,239
152,260
226,21
247,55
78,95
232,109,92
181,53
11,303
10,38
38,148
92,245
151,222
157,243
229,295
6,192
154,129,38
42,109,110
57,312
55,255
297,50
321,18
28,279
247,7,182
232,111,126
189,295
202,124,220,136
46,156
95,32
206,195
17,323,16
68,106,122
98,46
45,176,38,135
80,287
134,82,110,41
123,116
177,7,51
273,30
102,250
132,141
114,44
204,76
263,161,110,283
260,307,97
15,64,264
269,64,250,252,75
83,283
21,123
173,254,250
92,219
124,134,308
181,100
244,30
149,222
107,87,111
6,77
310,318
67,56,237
214,40
126,210
277,6
321,190
121,244,30
49,290,160
57,149
14,13
213,109
273,93
36,64
53,90
142,263
176,299,300
7,144
225,269,139
257,264
181,116
248,215,36
244,179
92,80
118,19,187
136,161
138,118
41,245,82
135,235
292,94
292,105
47,23,116,51,89
177,89,247
66,173
35,222
313,193,7
10,151
230,212,118
100,7
28,125,117
9,96
231,239
15,215
67,194
270,238
222,46,135
154,160
146,5
323,80,316
312,46
56,138
250,224
129,10
92,143
190,126,112
47,167,21
128,10
80,310
52,0
101,96
215,64
77,173
18,132
222,261
68,55
310,62,318
236,307
153,79,26
91,127
159,194,98,137
306,251,63
79,310
12,78,240
185,117
192,78
232,220
97,149
271,254
79,310
270,191
96,58
317,98
312,103,56
243,14
253,68,179
222,45,236
220,214
177,244,28,23
49,159
186,104
71,36
112,232
192,74,95,319
183,255
35,260
16,109
230,312
285,2
116,21
203,277
87,190,232
186,290,35
315,19,138
144,166,55
163,224
159,118
64,6
135,159,98
206,93
119,222,135
165,95,14
137,154
193,55
53,22
141,88
60,111,84
130,86,281
88,87,209
48,226
214,39
145,62
42,114,110
78,240
40,213
128,11,281
180,49
49,196
232,107
228,238
119,160,154
21,2
87,41
151,10
190,88
19,50
84,92
175,16
130,148
252,225
223,238
136,83,214
211,169,135
324,19
126,124
211,118
185,193
303,212
62,26,79
257,231,165
264,78
154,162
75,78,13
79,283,43
25,127
232,87
302,98,152
50,115
279,258,68
245,198,87
126,111,190
21,48
75,110
86,183
104,135,186
192,277,257
180,186,131
165,15,277
80,140
40,126
243,271
25,205
140,232,25
304,193
91,127
247,96
94,69
242,239
121,179
5,14
107,308,175
165,204,12,243
189,193
303,19
71,75
111,218
238,239
163,269
123,267,181,122
152,118
15,251
15,14
35,57,281
226,86
137,10
205,39
186,137
104,46
47,68
195,101,96,21
313,167
106,9
228,78
220,161
92,87
71,250
300,186
8,101
34,303
27,132
26,110
303,152
223,314
236,149,154
32,6,165
166,273
44,79
214,283,245
235,315
14,31,164
216,270
80,323
193,117
213,197
13,76
100,120
215,78
214,27,79
18,110
262,118
175,83
156,322
16,43
260,212
11,151
106,54,144,89
230,4
305,66
11,222
102,255
318,40
147,14
135,290
86,255
149,156
48,185
310,210
57,129,300
50,45
241,298
285,94
163,216,75
252,314,204,271
239,13
34,38,156
16,41
149,45,169
67,180
19,307
271,5
168,167
86,181,102
23,167
205,245
313,69
90,133,7
99,247
49,158
89,125
63,64
191,278
103,50
39,232,209
207,102
267,313
167,273
131,86,34
14,31
122,273
97,276,149
249,63
101,47
6,243
105,7
71,239
250,64
120,133
147,95
128,186,315
106,258
23,1
78,271
180,187
164,239,224
69,86
79,126
31,223
21,253
7,102,55,105
22,229
10,155
106,8,53,93
69,120
246,18
282,194
22,55
269,208
170,60,62
113,141
28,101
244,229
155,180
31,216
128,187
14,64,191
252,208
118,196,149
288,111,82
40,114,110
49,115
104,131,302,260
129,234
214,141
273,94
299,34
87,107
237,67,104
57,104
67,237
105,96
238,165
122,54
202,308,323
257,172
264,178,165
55,47,144
314,165
90,89
17,110
126,171
154,10
230,302,322
144,29
246,145
236,46
102,179
181,0
59,226,102
211,186
140,112
20,156
210,126,111
211,155
126,214
124,114
139,224
63,309
205,111
127,175
111,256
27,127,25
16,316
5,239
52,144
112,109,62
112,170,220
241,139
236,186
243,309
7,69
84,33
67,236,281
110,114
116,0,229
260,303,212
197,170
10,56
81,110,84
157,71,139
78,289
211,152,115
243,224
10,49
170,126
105,0
316,17
169,45
84,124
65,284
225,146
106,89,53
158,151,10
222,235
118,152
105,96,120
34,297,46
113,214
260,135
18,79
45,317
283,132
154,149
50,303,149
167,116
236,297
54,55
326,109
71,224
92,18
264,95
92,62
2,12,22
3,131
295,121
74,224,165
90,120
151,307
306,203,241
20,315
86,133,22
232,219
167,28
133,69
185,52
17,87,199
21,120
267,86,120
94,102,48
190,107,92
118,281
66,13,257
236,67
186,237
134,214,140
273,120,182
117,100,93
251,77
129,196
173,224
132,214
84,111
111,43,202
176,57
231,264,277
92,126
195,90,94
154,149
50,234
175,25
92,202
180,194
43,136
284,278,216
140,198,245
158,49
29,122,184,247
120,133,94
283,39
120,29,100
39,294
86,122,121
206,123
149,268
249,78
180,138
17,205,87,107
269,305,249
209,141
90,94
198,83,82,27
214,245,113
139,278,216
84,232
182,273
40,124
97,11
179,166,0
27,61,143
90,120
41,62
132,197
72,164
46,237
272,129
23,122
47,7
71,231,223
156,57,46
38,317,135
41,83,232
90,116,292
65,269
18,218,110,170
198,113
180,281
318,316
190,109,92
96,106
172,270
35,159
236,156
314,14
96,99
194,186
49,152
155,303
11,162
276,35,162,300
38,194,118
35,118
224,254
250,270,71
216,65
86,120
141,31,179
120,121
162,57,312
32,165
100,53
269,319
152,104
16,25
211,97
53,54,122
314,192
214,27,197,109
134,213
216,174,240
286,77,241
23,106,69
136,202
140,310
237,297
28,93
30,193
187,129
197,124
303,259
215,223
222,137
160,128,149
237,297,156,148
272,302
124,17,218
271,64,238
166,221
109,126,283,232
35,155
125,54
281,152
307,312
64,289
7,93
186,46
222,10
87,263,62
62,219
315,20,97
261,38
312,272
71,240,249
222,259
201,35
320,183,68
12,102,21
21,7
84,199,40
11,222
62,17
137,67,98
197,40
51,69
59,29,255,30
226,89,86
43,141
123,195
19,38
227,12,228
130,262
65,240
294,136
48,30,193,29
40,17,175
1,166,106
158,176
47,292,116
46,281
102,226
20,104
225,224
124,112
173,309
180,152
77,269
38,272,49
6,95
280,12
119,149,152
214,40
22,206
241,5
202,205
283,232
78,173,240,139
116,123
199,33
25,232
47,86
178,208
137,275
135,49
22,255
13,95,139
195,68
223,240,5
221,101
237,268,156
119,155
211,303,118
204,248
250,191
292,185
256,110
252,249,75
254,264
139,250
267,94
158,115,20
300,155,156
77,173
4,131,34,236
144,53,29
220,91,79
286,239
221,29
32,14
128,97
27,220,145
302,129,317
1,30
296,81
178,78
7,86,99,244
77,36
114,80
245,220
44,134,92
93,123,52
137,155
67,261
90,8
253,122,86
253,59
239,146
164,74,252
182,123
247,122,94
0,23,244
148,180
18,198
60,41,141
240,238,173
5,14
151,212
214,80,62
179,193
243,264
78,254
124,197,140
81,141
80,202
15,319
29,122
304,100,99
113,213
33,141
12,289
167,94
25,87
253,229
317,235
12,15
152,234,34,259
244,85
216,254
185,93
22,30
78,13
93,105
10,315
7,247
245,161,210
222,118,11
172,240,63
102,168,255
20,38,212
147,146
168,51
302,186
167,96
35,212
175,33,40
203,6
265,119
106,184
131,138
254,173,241
312,98,19
80,16,140
21,102
38,11,176
46,148
167,1,68
118,131
236,46
205,109
105,185
183,99,120
25,108
57,130
123,51
266,177
126,108
42,110
92,143
44,214,16
143,26
13,31
105,106
18,44
163,192
264,15
323,114
195,125,122
68,121
48,183
225,172,243
107,175,82
263,114
154,212
64,13
224,240,64,75
249,65
12,192
245,142
119,180
12,6
207,313
204,147,71
302,34
6,225
160,151,50,169
122,85
223,277
247,86
309,264
27,87
253,193
126,145
28,184,177
250,289
148,50
319,31,240
123,29
245,143
49,159
132,18
247,120,90
128,212
7,189
49,34,187
34,154
116,51,144,86
0,85
176,212
126,232
62,17
22,106
106,193,89
101,195
276,50,148
211,322,235
135,10
269,216
180,317,322
269,252
40,288
46,186
121,51
227,95,6
42,108,246
240,65
76,147,32
181,189,68
275,56
83,170,44
114,219
90,123
140,43
161,16,220
244,229
14,5
128,46
86,133
17,198
281,135,19
245,308
271,257
22,306
127,114
86,21
106,221
135,34
140,318,190
45,222,159
18,190
260,137,196
206,48
79,27
47,28
174,269
203,225,250
159,118,67
276,35,4
45,237
192,75,13
26,126
34,135
227,231
95,72
154,155
202,142
77,277,264
82,214,44
206,22
218,126,220
147,192
15,208
35,104,34
214,17
20,67
159,97,128
31,233
306,31
79,209
175,205
145,88
90,125,120
21,7,266
143,113,107
172,191,309
219,92
235,230
159,49
66,64
63,319
163,306
216,71
226,244
259,169,50
28,21,229
141,84,199,210
21,58
289,6,250
186,275
59,226
42,40,171
34,186,276
131,38
169,97
107,294
112,140
232,219,220
260,324
21,193
189,7
318,108
14,188
205,109
212,46
197,310,126
276,302
86,122
270,66
7,207
214,245
192,225
220,107
254,224,241
82,214
11,222,115
272,302
220,17
134,112
125,258
120,177,9
155,97
83,214
135,97,259
273,229,9
78,231,277
172,311
216,264
148,236
165,309
148,152
218,219,109
57,186,156
145,197
55,133,89
237,212,302
253,0
213,112
82,220
21,7
253,167
5,14
13,78
76,24,239
264,240
36,278
38,272,180
204,223
135,38
178,249
169,137,49
6,64
246,202
187,159
118,45
132,83
54,85
15,77
236,159
93,55
116,292
109,143
61,263,41
47,177
64,163
13,264
112,27,209
220,82
21,285
78,165
208,188
118,137,307
11,135,303
222,98,38
163,250,293
11,34
79,112
109,88
236,154,176
134,110
147,270
89,182
169,104,260
118,10,19
303,118
198,124
314,227
47,117
109,205
99,12
50,159,152
10,222
213,113
105,182,120
162,275
182,94
193,274
149,303,10
302,281,187
181,179
54,28
7,117
187,169,290
47,182
147,64,32
155,46,98
13,78,243
148,67
311,249,269
173,216
42,190
263,81
29,133,123
216,37
25,219,205
12,286
13,12
48,279,244
164,147
156,10
199,16,109
291,227
135,49
193,195
33,62
143,288
286,249,223
55,106
95,165,14
53,120
259,38
2,229,68
122,121
129,152
210,80
6,78
11,259
128,307,38
83,190
207,179,12,195
22,21
131,186
236,234,275
92,294
298,239,225
192,228
192,264,241
152,154
100,8
149,180,119
155,50
271,146
21,226,247,100
236,194
207,179
229,2,58
164,233,78
22,28
174,74,65
19,38
21,150,120
219,82
240,64
129,130
176,103
64,172
234,212
294,114
34,49
50,236
21,289
221,28
324,300
199,210,62
97,317,152
32,203
130,10
50,11
80,107,44
10,186
290,115
309,278
222,149
196,38
324,38
173,224
64,243
17,80
58,68,29
264,250
62,114
156,180
137,159,211
20,104
166,292
35,156
178,309
64,271
52,106
96,29,122
47,94,273
34,130
260,290,137
29,51
14,12
300,235,268
28,253,120
42,199
49,119
220,143
63,146
60,126
101,100
67,272
319,240
82,190,175
68,86
313,68,21
121,90
214,27,16
159,290
100,193
281,119
112,136
165,71,12
113,87
189,9
40,44
167,122
148,10
208,77
63,75,216
31,5
251,264
115,49
16,113
170,310
240,77,239
17,92
156,261
64,192,13
204,165,215
92,132,283
20,138
227,163
169,154
45,176
139,216
136,18
196,131,20
222,212,137
7,54,89
2,58
21,55
192,15
7,22
14,228
57,46
150,51
234,211,176
45,10
145,209
119,276,186
48,167
92,33,60
128,45
174,71
18,17,140
93,185
243,215
161,109,26,92
311,216
218,175
78,32
92,321
79,199
46,131,186
226,229,258
173,305
22,179
26,220,82
244,133,89
46,152
139,191
279,285
83,84,80
210,124,153
62,84
38,212
10,261
21,280
147,188
240,75
161,108,202
158,155
12,192
106,23
66,240
272,260
187,154
245,310,124
20,11
254,286
68,105
194,276
310,170,263
31,15
152,104,149
232,127
166,121
26,132,214
116,23,89
86,53
213,113
312,261
294,27
131,186
67,119
26,197
172,14
28,47
47,7,55
187,128
207,22,144
214,210
148,297
239,208
141,109,283
113,83,110
120,99,89
306,264
98,312,19
209,108,82
199,84
260,149
42,153
195,193
243,239
32,286
36,174
67,11,135
154,176
236,57,10
271,32
142,140
209,153,62
131,201,128
102,48
126,219,109
38,212
27,256,92,171
152,180
51,207,120
258,313
255,93
76,173
16,136
75,271,71
216,32,12
279,229,21
131,303
64,76
212,307
208,32,298
9,21
302,160
16,60
122,93
30,99
125,255
269,241,178
193,68,206
242,271
156,236
137,265
205,107
159,180
19,35
57,10,149
228,74
187,302
53,90
144,177
188,192
113,209
162,119,180
109,110,283
144,0
176,160
259,45
269,77,164
310,62
216,270
83,82
303,176
90,47
121,117
145,246,41
224,15,249
104,307
191,225
61,283
290,10,234
302,158
34,56,235
81,245,263
126,205
119,261
205,112
90,29,2
69,106
202,84
156,137,212
259,57
95,223,147
273,94,68,7
149,98
72,15,240,252
230,156
224,216,71
143,111
95,76
136,42
32,191,164
21,2,12
6,13
220,107
202,142
38,98
78,231
176,156
246,26
87,218,92
87,220
129,281
269,278,74
25,83
139,36
41,27
264,13
147,78
77,75,74
121,123
12,264
126,80
219,220
133,123
19,261
183,120
106,123
236,281,34
129,159
120,86,96
28,244,122
51,106,189
94,229
146,75
47,94
20,158,259
0,189
64,270
21,179
219,79,134
206,167
86,244
9,181
181,267
123,99
121,94
150,244
294,18
152,235
297,67
219,246
78,71
1,94,166
240,298,75
161,87
55,166
119,155
153,175
55,167
158,235
4,275,152
50,20
152,149
146,223
29,121
256,190
31,76,216
78,203
64,269,63,228
155,324
62,41
26,42,41
137,290
83,209
178,163
191,243
214,310,205
74,78
136,175
276,272
284,66
90,94
239,224
264,271,242
162,67
118,307
22,53,47
72,251
40,113,41
298,72
26,143
255,183
319,6,257
208,77,31
114,263
33,310
228,95,238
49,97,186
203,5
137,120
250,224
155,97
28,125
233,32
204,223,32
188,254
283,321,92
105,253,226
39,287
180,276,46
56,237
241,32,173
11,10
195,185,279
142,26
75,269
12,146
239,65
123,229
222,236
110,80
10,212
129,97
32,36
95,231,204
280,106
274,144,116
106,55,52
29,121
242,5
170,145,114
216,252
85,0
70,104
180,152
241,231,164
68,193
55,53
77,242
10,38,20
317,211
188,228
79,109,214
18,126,112,87
42,198
39,26,92
71,228
289,269
120,94
252,173
35,152
112,39,87
310,79
149,97,45
240,76,12
103,10
193,304
245,18
77,188
74,228,188
226,28
170,140
80,41,210
126,27,18
1,51
94,189,122
110,205
133,29
92,190
19,103
144,47
78,204,243
205,33
203,24,173
111,16
132,141
118,10,34,56
269,208
34,186
67,212
82,113,114,18
226,99
101,206
17,16
91,109
322,290,129,119
90,177
69,177
7,21,68
11,162
210,18
232,124
167,99,86
84,26
93,96
191,228
149,155
238,147,188
149,176
239,37
54,181
196,169,20,322
229,22
137,261
275,152,129
30,102
204,76,24
13,6
22,122
180,3
14,223
12,204
192,15,239
152,67,230
78,74,306
177,100,301
281,236
107,114,141
2,279,123
231,63
28,226,100,96
20,154,49
16,39,124
5,277,264
176,275
40,140,153
133,86
259,222
245,25
208,15
47,96
175,132
254,139
43,126
106,207,229,21
46,35
222,34,312
79,108,41,43
251,64
40,27
94,8
62,143
69,89
102,100,55
186,46,130
90,144
220,107
19,303,187
119,149
28,2
79,202
180,162,152
297,186
120,182
84,18
225,270
33,25
175,219
26,114
105,144
192,240
147,32
89,102,301
302,201
131,38
289,278
30,253,86
126,256
21,29
241,305,240,178
195,21
243,78,223
133,86
223,146,5
55,144
111,140,83
192,240
117,304
100,105
254,269
202,110
214,16,202
17,107,197,87
18,84
264,239,13
51,226
162,45
34,11,156
183,193,96
222,151,137
226,8
298,239
68,48
289,225
55,258
169,159,259
111,126
186,129,180
71,242
155,49
228,191
7,179,55
48,89
122,94
222,155,265
29,181,86
294,171
15,188
78,298
86,123
71,254,173
47,93
60,82
6,75
6,225,12
23,7,304
258,304
265,212
119,322
256,80
126,107
63,77
23,89
7,47
49,194,35
303,34,98
134,107,27
140,170
41,219
105,48,122
78,305
222,149
107,205
159,322
21,121,226
6,188,15
205,126
78,243
21,179
281,129
149,135
122,144,7,21
147,277
224,31
310,111
27,153
28,167
188,6
96,29
173,277,225
82,33
30,102
37,223,243
75,252
196,46
224,147
173,309
243,75
49,119,186
34,155
137,235,128
124,114
105,90,7
50,152
132,316
238,15
38,138
152,135
70,169
110,216
40,18
62,42
7,123,90
243,174
47,2,54
23,181,53
172,269,240
243,77
35,180
13,306,225
111,142
122,106
5,191,238
21,226
13,203,164
245,296
151,97
78,223
312,35
71,191,293
226,55
208,63
10,260
78,306
179,89
236,131
70,186
308,26
21,30,23
70,10
97,158
277,31
305,139
225,66
111,27
170,219,110
17,263
156,119
307,45
251,240
264,173,208
170,87,111
120,69,221
250,95
42,145
135,104
226,182,1
269,224,305
229,226
279,123
49,194
199,26
66,147
21,221,2
286,64
70,159
88,245
78,231,305
244,86
6,271
164,64
114,41
208,306
299,154
171,310
312,276
107,80
90,184
31,32
210,126
255,0,69
49,159
259,137
281,118,19
231,165
134,220
310,245
279,7
9,86
165,191,139
100,121
33,209
254,216
162,312
262,45
240,66
302,131,276
175,43,111
153,143
106,167
215,36
48,279,9
95,249
57,20,38
90,122,167
12,208
278,71
208,242
120,55,93
249,242,204
245,142
83,16,109
93,273,69
132,213
226,21
225,74
178,298
137,138
238,6
130,260,50
7,69,247
83,82
120,100
293,231,192
53,69
47,221,90
107,26,84
302,38
87,92,175
257,208,231
304,102
79,321
197,80
241,216
205,60,232
137,300
312,46
110,16,140
121,117,295
2,96
213,62
291,252
25,136,143
162,67
238,233
105,1
102,93
206,2,96
95,243
260,155
310,214
275,119
79,40,82
5,231
197,62
150,244
207,226
63,311,71
52,201,186
128,50
58,99
101,184
186,260,297
144,90,106
78,238
0,7
260,38
237,222
25,126
246,42
46,34
177,68
110,16,80
131,86
309,284
96,258
256,82
237,180
7,22
132,26
154,11
90,167
108,127,136
250,252
188,14
250,249
121,167
46,131
57,129
156,138
117,116
67,186,97,135
192,240,77
132,323
178,165,228
101,168
319,238
314,238
238,76
172,286
86,177
50,19
27,219
123,102
152,67
253,86
176,34
71,225,13
244,267,168
196,57
50,19
13,223,216
208,147
185,47,55
244,90
205,126
237,230
273,258,244
80,84
48,1
269,270
119,297
196,38
142,245
222,11
294,84
18,124
259,149
98,10
208,31
261,119
99,120
51,144
56,149
174,66,240
23,167,51
178,264
222,46
300,260,3
177,53
307,11,49
228,14,165
176,236
175,127,220,136
303,187
41,218,143
286,173
120,183
41,136,246
136,232,321
321,41
2,179
166,58
60,205
159,34,297
167,120
233,271
41,310
185,313,133
117,193,21
47,193
222,131
137,97
66,71
143,171
74,250
173,37,139
98,324
192,178
19,137
69,181
172,254,139
326,219
212,115
217,36
242,224
118,222
30,166
50,135
10,169
111,61
175,232
14,208
187,10
75,178
322,129
81,126
247,133
300,20,137
179,7
61,171
76,223
201,261
250,252,311
255,96,68
23,120,253
17,245,111
68,255
29,244
155,154
175,111
15,314
63,298
13,172
84,153
76,15,286
272,176
264,78
270,224
197,214
278,63
4,35
259,11
299,154
260,230
62,82,263,41
141,136
11,186,35
199,17
35,135
311,139,252
77,173
21,30,93
273,47
267,21
300,45
122,96,102
220,83
16,214
164,78
56,169,275
213,62
300,180,261
26,44
69,167,100
102,28,22
246,83
118,158
178,14,243
90,89
286,31
167,7
116,55,105
84,40
173,257
10,70,259
272,97
21,244
154,235
159,49
22,244
17,134
121,7
17,108,197
27,92
275,138
310,40
273,144
147,208
236,272
203,77
252,77
110,232,316
208,147
307,176
86,21
39,126
16,40
62,26
9,102,181
115,303,159,128
174,37
213,141,124
230,169,10
210,153,296
234,194
149,154
303,138
12,164,66
175,145,41
11,324
286,12
167,21
202,126
78,314
69,23
129,187
87,126
178,270
309,64
180,156
177,94
246,111,43,202
278,264
17,112
196,56,262
20,135
239,15
277,270
267,99,2
278,146
203,78,178
153,205
208,264
62,60
208,191
184,96
15,31,208
286,254
11,159
156,104
69,29,255
276,128,11
228,14
51,167,120
109,232
218,310
96,21,177
55,7
217,248
176,262
229,29
208,172
118,222,98
154,159
125,102,21
167,90
47,189,93
222,281,186
175,41
216,76
16,18,198
164,15
223,64
13,264
271,223
139,164,75
174,71,208
40,109,153
185,144,99
10,129
275,312
247,100,133
84,88
191,216,178
249,277
82,26
251,191
58,29,90
58,23
107,109
95,12,31
158,315
219,26
178,63
116,9
6,24
14,6
5,32,243
181,8,7
229,121
159,187
11,261
145,62
222,138
224,238
123,221
281,186,131
180,158,281
1,2
235,272,281
136,88
276,57
56,317
311,78
261,46
244,86,122,89
130,156
262,119
245,256
214,16,82
202,190
180,119
96,29
254,139,77
106,193
17,43
266,29
11,307
251,192
262,10
32,278,75
97,236
111,126,92
60,220
198,112
86,29,193
164,147,14,238
176,276
245,60,197
18,197
83,112
64,217
2,102,0
13,95,164
277,264,216,240
73,208,251
100,105
121,207
197,83,17
162,19
112,132
128,317
182,304
74,225
31,314,215
202,209,296
16,190
153,81
14,72,188
52,2,102
197,218,141
238,204
235,46,34
220,316
313,125,99
78,251,74
44,84
185,121
31,66,77
163,250
121,244
144,181
247,116,89
28,29,181
255,226
116,150
130,97,70
235,194
149,118
159,45
216,72
73,227
120,273
129,317
29,244,22
220,190,143
188,241
10,169
278,254
83,210,141
170,16
298,76
216,228
82,18
224,5
122,100
79,18
245,124,197
172,37
75,216
231,147
149,38
61,126
86,267
93,7
277,254
84,198
50,119
279,29,244
144,55
180,237
108,143
46,97
13,15
134,294
161,39
309,14
226,121
103,46
113,126,175
182,47,117
30,106
87,25
151,70,97
44,83
39,111
239,12
50,118
77,64
310,199
171,87,107,220,326
32,31
53,207,221,21
137,70
303,282
40,84,107
133,47
4,3,212,38
23,292,94
49,176
67,20
198,136
154,137
116,285
149,98
71,251
87,110
170,40
242,74,71
134,190
126,87
210,214
151,260
222,50
206,2
238,228,95
105,144,122
149,118
126,107
317,19
281,115
34,56,235
222,34
247,69,122,167
311,203
252,72
145,44,142
289,147
248,14
190,84
37,5
147,76
105,23
79,113
121,69,55
307,38
153,92,220
224,77,251
64,203
97,149
140,83
119,38
47,182
224,249
154,149
319,252
173,63
227,223,238
130,137,160
300,98,159
0,181
55,167,122
41,111
201,186
270,146
106,102,267
149,276
240,204,31
67,104
163,173,250
189,55,247
212,137
173,252,284
256,84
160,11
186,152
181,166,7
255,279
193,295,185
77,174
251,178
269,64,249
183,122
224,191
285,28
162,34
189,55,168
202,205
230,38
209,141
110,232,214
70,260
214,87
175,91
169,49,97
97,128
32,208
100,69
309,139
174,270
86,100,106
66,192
55,7
126,92,143
184,21
307,45
83,16
76,249
166,247
76,208
222,159
119,35
90,0
243,225,12
222,212,281
126,190
119,149
250,249,75
152,11
281,135,38
236,86
322,307
326,220,18
2,255,99
66,252
168,295
119,97
11,97
254,174
162,235,180
21,102
36,74
220,246
92,170
128,158
30,96
26,145
79,87
218,214,43
29,22,125
117,258
250,238
112,140,214
58,55
16,126,232
317,162
127,171
243,72
177,189
10,259,98
63,224
35,152
41,107
42,25
10,38,98
236,19,34,187
21,68
120,255
208,248
18,16,17
188,63
277,314
176,260
86,116
149,137
223,13
60,16,190
89,121
29,195,2
53,21,273
216,227
5,14
5,164
146,178,71
177,94,123
23,122
76,191
202,62
263,134
137,131
223,188
144,150
79,42
172,71,240
110,256,153
208,215
59,121
135,276,281
107,214
83,197
207,102
222,211,135
54,122
99,90
63,147
271,227
193,179
152,317,272
37,77
135,155,154
41,202
273,29
45,149
180,148
256,18
50,67,149
171,27
116,106
175,132
214,83
182,292
242,208
18,220
170,18
91,202,171
322,276,230
3,194
263,27
195,122
120,144
42,161,81
58,30
245,83
138,118
72,63
261,119,67
321,326
41,112,145
231,298
273,229
44,110
279,123,21
126,294
191,31
217,63
50,19
206,29
156,56
198,310
9,193
199,197,126
85,48
187,19
318,263,124
69,55
243,15,264
49,155
295,1,133
187,149
314,252,32
265,154
33,108,80
254,228
271,239
14,309
99,89
161,83
212,222
186,20
120,279,2
79,246
259,160,154
116,177,28
10,317
45,259
75,178
122,48
153,126
12,78
54,21
239,224,216
229,68
114,245
115,129
35,261
143,80
147,139
135,98
32,248
256,198
66,147
205,145
183,86,301,2
166,55
49,324
77,75,223
123,47,120
242,227
149,98
302,180,149
308,79
191,233
143,220,92
71,191,72
47,221
167,122
25,60
86,69,125
205,111
190,161,111
228,248,139
121,117
179,253,68,206
125,177,266
16,40
64,251
289,164
126,134
279,320
156,129,211
71,319,239
39,214
28,285,48
249,216
204,76,12
48,279
211,276
14,278,269
173,252
122,100
44,294
309,216,178
215,264,14
14,305
197,127,126
254,269
171,40
27,108
150,255
66,319
174,254
159,262
174,243,12,239
187,159
159,156
112,126
267,193
322,34
290,118
86,46
31,249
90,106,105,0
166,54
64,248
260,38
283,220,109
278,204
277,271
51,292
111,219
259,169
91,41,107
214,33
170,83
214,112
90,89
239,217
260,34
317,38,20
42,220,127
279,52
293,32
220,202
83,109
235,128
203,139,309
117,229,185,121
55,7
281,138,34
106,255
40,112,218
15,173,277
0,122
264,76
49,158
12,36
212,49
167,93
244,29
172,231
167,273
36,74,241
83,190
138,275
112,17
304,247
14,32,31
39,92
153,25
32,223
92,245
283,219
185,247
62,170,141
151,159
289,204,13
193,96
15,78
74,238,66
46,281,236
42,134
90,96
107,84
80,205
303,222
96,167
81,175
28,255
294,62
29,102
3,307
129,186
64,319
166,22,93
178,298
120,47
258,101,221
261,119
86,123,144
213,111,17
116,93
116,195
84,112,80
311,74
300,317,38,45
48,183
90,116
94,120
302,275
6,264
179,58
140,27,112
224,14
89,68
68,55
45,128
62,213
140,40,214
245,126
133,123,51
167,182
48,30
276,67
144,21,93
16,18
279,304
94,116
68,21
173,252,178
17,132
261,152
179,86,30
81,124
57,119,312
201,20
144,133,94
89,2
122,244
294,134
199,82
63,173
249,76
129,137
180,276
127,41
147,243
204,66
304,28
105,120
52,69
72,174
120,179
227,78
307,196
174,32,319
267,133,85
187,138
269,251,63
89,177,47
319,75
216,13
186,272
189,105,7
21,93
90,177
93,229
187,45
273,8,29
94,189,183
144,0
140,213,209
197,246,109,111
97,299
247,189,121
79,140
268,222,50
53,121
47,120
225,74,223
31,77,32
221,295,99
89,59,94
5,139
180,34
140,62
83,246
68,7
272,155
173,13,5
152,156
289,77
46,34
96,133,267
271,242
273,48
217,78
149,119,56
106,89
34,97
270,203,254
208,238
222,186
178,139
59,253
232,82,113
139,71
155,169
127,60
38,281,104
116,120,89
229,29,121
14,223,147
216,77
153,175,134
151,155,10
170,253
105,274
57,34
258,85
164,32,311
122,166,86
187,119
119,281
111,26,88
142,81
222,115
74,5
168,244
179,106,48,117
11,115,38
279,28
122,21
214,308
88,43
252,278
178,238
218,107
222,10,260
279,285,85
13,286
89,55
172,178
22,1
106,166
21,58
7,182,133
