221,55
204,44
272,217
243,111
272,26
112,70
218,207
215,86
123,124
303,275
256,274
90,315,111
312,206
208,148
282,187
154,112
308,84
225,52
191,119
87,280
154,232
312,260
49,114
217,292
143,78
46,36
263,201
148,308
75,264
122,277
194,302
302,213
284,66
302,300
143,248
64,236
98,143
84,108
136,303
58,132
75,101
145,215
84,291
291,19
50,275
255,265,131
191,183
239,194
204,197
311,23
213,58
64,257
291,168,52
201,55
87,241
68,124
143,143
253,54
124,279
36,295
111,151
280,77
154,315,129
84,87
183,36
208,79
101,260,231
225,36,202
215,111
189,111
217,231
142,202
135,143
256,19
215,111
231,143
99,226
111,217
323,291
284,99
68,52,299
113,215
223,52
313,149
236,135
140,298
146,193,131
79,114
50,300
271,98,233
124,257
187,278
75,135,185
300,300
75,108
110,285
295,154
217,325
173,292
226,55
148,179
298,70
8,69
84,130
121,70
23,299,70
154,70,315
0,122,224
302,102
84,313
224,299
87,183
183,86
27,223
263,231
132,86,40
247,217
55,226
289,93
49,112
133,315,232
31,10
172,114
36,10
302,279
84,321
20,111
219,143,143
98,184
254,55
19,70
50,217
160,279
12,232
302,201
20,68
19,306
24,124
168,248
224,143
125,44
312,124
201,137
260,212
42,10
143,52
123,55
156,278
87,84
221,75
270,68
27,136
316,291,154
191,36
60,213
256,206
197,191
20,154
77,260
101,187
155,321
75,312
179,265
184,52
248,108
4,40
269,312
87,206
193,231
112,226
105,308,75
260,299,111
31,58
212,232,79
313,143,110
226,40
99,291
48,148
70,178
40,201
104,299,289
40,311
236,151
20,28
101,217
159,302
98,173,112,194
180,278
187,111
64,141,58
136,291
274,36,36
93,178
179,31
89,298
185,298
89,231
81,84
35,124
127,216
219,197
78,36
121,267
64,23,41
231,123,111
84,256,217
260,7,168
317,84
275,261
110,217
168,275,146
193,252
84,55
75,201
108,114
124,227
20,79
108,236,121
300,187
295,36
40,219
114,320
127,109
166,36
65,20
313,186
302,108
302,260
275,101,68
79,312
54,132
204,190
284,199
239,300
311,102
70,196
123,154
315,326
201,135,86
108,44
288,143
52,184
123,149
215,45
37,126
55,160
152,226
124,44
72,248
89,274,300
33,40,208
201,302
36,289
124,154
154,68
63,295
315,55
44,111
64,216
161,141
236,108
70,55,308
302,287,291
63,213,101
197,321
202,224
149,201
161,46
86,39,22
51,50
62,124
49,193
52,152
300,152,277
110,226
20,178
223,161
20,20
108,20
70,285
75,253,233
55,191
46,196
303,123
263,159
196,224
217,78
299,148
55,114
124,165
68,20
68,275
51,65
96,69
235,300
310,280
173,284
213,108
325,206
179,206
20,143,302
78,184
111,52
85,74
51,54
226,129
256,111
154,51
40,240
291,148
199,213
20,121
98,217
170,162
157,98
70,75
126,215
292,252
24,84
303,302
86,52
256,52
58,201
86,208
64,191
84,161
275,178
216,87,108
199,176
143,124
152,73
64,152
72,40
45,275,223
202,86,87
287,270,84
17,201
145,312
114,206
280,306
108,180,108
191,50
308,218
236,20
243,230,278
124,89
300,20
180,99
143,191
183,31
204,15
310,36
280,219
298,44
84,219
108,285
321,19
15,90
292,261
40,183
202,196
219,99
84,289
264,101
217,20
325,75
187,217
223,201
259,23
302,232
201,20
71,20
89,284
281,211
224,40
302,215
29,230
165,315
196,131
84,56
4,99
201,111
260,46
4,243,255
299,282
111,70
78,291
291,201
193,231
99,204
183,58
112,190
322,312
148,224
111,64
215,27
24,108
312,321
124,68
276,146,302
101,262
36,208
126,218
152,44
20,231
196,208
40,220
284,225
231,224
143,64,226
226,84
36,272
25,170
70,240
78,213
284,143
291,185
86,81
280,181
7,55
265,269
124,89
185,313,302
87,272
161,119
124,68,260
143,194
86,299
325,128
112,140
183,49,215
159,256
58,126
257,302
13,260
191,260
208,225
20,60
202,217
225,49
224,70
298,124,202
196,136
279,149,240
57,295
295,180
108,231
154,114
224,89
111,313,295
274,162
224,224
76,86
202,183
180,264
43,226
14,62
134,318
101,190
145,291
298,20
136,275
300,184
295,10,52
193,46
52,146
20,39,212
75,204
257,154
52,287
143,169,302
232,44,312
148,325
111,245
184,23
289,161
27,84
289,313
161,325
152,235
101,300
143,96
298,233
213,312
243,149
109,302
68,291
143,299
79,166
191,161
20,226
110,31
143,185
110,63
75,75
46,254,291
204,213
140,221
55,109
31,44
248,152
108,173
108,108
84,168
239,191
313,111
40,78
75,134
20,154
112,124
196,101
193,315
100,132
154,56
77,225,295
221,119,193
123,136,102
148,289
312,50
54,87
121,183,5
99,292
89,204
108,154
82,263,240
119,84
86,168
213,271
19,37
64,84
184,95
168,291
289,302
62,243,114
124,30
101,306
161,124
217,84
148,78
31,126
200,302
260,52
292,31
178,96
225,218
95,276
158,213
64,201,49
311,40
20,224
84,211
129,217
316,208
300,284
89,107
148,155
4,124
224,70
213,273
263,64
316,152,20
193,217
274,40
154,132
311,200
42,312
281,180
36,55
238,193
114,69
223,284
253,0
70,317
20,70
262,64,291
112,64
87,213
201,124
78,101
252,99,201
196,302
219,312,302
75,159
124,199,242
101,201,82
31,275
168,200
124,277
201,52
42,168
168,134
213,196
201,188
240,44
226,70
135,302
63,51
101,43
262,55
10,193
295,241
40,285
171,79
298,70,236
155,236
232,325
201,58,225
314,55
197,232
143,84
78,124
168,275,295
304,291
231,157
183,316
124,84
152,108,39
191,245,200
302,146
40,225
298,54
148,196
272,140
77,158
52,291
18,134
140,112
308,124
114,289
70,122
261,99
213,212
193,217
275,289
298,253
223,43
68,101
19,206
184,295
269,311,111
193,280,240
280,185
114,268
62,20
108,40,272
261,101
79,55,312
298,20
263,102
52,40
64,108
226,289
143,213
78,302
75,111
91,69,204
75,224
19,285,203
290,17,125
108,115
317,44
217,19
136,75
140,215
40,184
225,64
64,143
152,257
201,267
298,235
231,89
114,87
109,154
178,213
114,120
89,191,277
164,215
40,110
291,143
22,70
161,284
24,267
124,101
178,114
255,179
111,64
173,20,217
291,32,111
139,186
62,64
110,31
37,268,242
99,299,224
240,315
148,141
20,17
282,284
112,189
44,63
213,296
152,212,40
101,235
208,95
146,166
261,111
20,186
245,154
208,242
70,20
125,110
300,232
52,280
43,95
217,10
325,256
168,31
223,54
149,143
148,124
237,84
143,185
224,42,204
291,302
81,225
64,223
143,75
87,110
260,111
287,189
264,159
10,124,110
218,302
201,76
161,217
251,19
35,52,136
215,292
246,312,134
265,90
84,283
224,75
217,218
99,253,131
291,124
101,243
108,240
26,23
201,136
261,289,317
224,184,300
189,261
226,86
315,295
126,125
253,25
217,20
102,89
217,55
168,111
36,126,84,320
217,135,40,20
295,3
108,201
124,298,135
55,36
260,202
84,302
227,284
100,279
110,168,152
20,70
217,19,313
101,217
231,115
272,78
55,225,123
299,185,224
183,105
77,291,130
204,84,70
62,204
68,213
62,223
200,75
190,152
229,236
143,152,204
35,84
149,247
67,14
238,235
312,132,149
112,78,151
20,125,211
275,33,288
215,55,145
208,315,140
253,23
111,136,127
298,232
103,84
151,168
285,196
52,194,127
113,308
108,161
88,279
217,253
288,126
308,291
303,174,55
219,302,204
28,84
148,179
261,291
233,173
108,193
206,208
89,325
300,202
211,56
278,27
78,231
236,92,131
224,154
49,312,231
215,213
224,162
46,269
185,20,314
320,168
55,19
148,253,79
180,201
62,274
231,55,84
89,272,300
123,246
213,226,255
315,105
245,84
148,108
151,70,303
15,152
14,298
213,290,84
49,36
40,275
312,94
111,121
186,216
191,124,70
275,60,298
154,131
143,126,272
280,43
124,275,23
165,131
58,161,10,168
298,110
219,135,84,89
291,316,311
31,216,121
141,312
132,231
155,253
311,148
136,75,108
154,20,152
317,143,306
269,29,148
164,24
20,205
231,191,143,86
248,308,82,272
291,23
275,204
135,302,281
108,146,148
261,312,232,111
252,313
141,260
31,168
23,148,17
30,131
140,285
302,302
89,64
75,225,161
184,55,66
269,173,6
57,231
201,315,111
33,54
24,63,198
215,248
281,298
231,313
154,83
295,19
216,189
63,134
211,86
217,274,275
275,312
224,154,312
131,114,89
99,202
57,161
135,207
265,99
261,184
152,226
108,271
302,79
225,225
98,108
135,31
111,52
20,6,243
216,189
152,253
315,152
31,224
64,108,19
232,224
300,20
231,121
84,229
108,302
86,55
84,101
75,70
16,253
43,17
48,291
120,292
233,302
66,291
143,208,185
284,260
295,295
23,75,240
282,295
280,279
111,53,236
19,302,285
70,20
120,202
231,124,249
310,49
231,134
84,217
308,302
108,21
213,75
281,140
154,197
232,203
131,89
180,95
129,82
275,95
84,37
28,121
295,229
31,108
291,183,225,265
241,87
31,108
32,279
17,108
143,143
112,269
285,232
289,199
281,299
225,287
299,49
224,196
124,291
131,162,78
253,229
232,68
295,122
225,231
206,111
291,52
52,235
259,232
316,99
186,226
52,313
50,84
193,174
135,70
129,84
241,129
232,15
42,232
36,213
212,302
108,64
31,55
226,215,20
20,52
26,295
316,148,19
150,217
217,168
201,54,77
1,200
60,63,111
231,44,178
285,152,20
240,201
201,300
302,49
215,291
286,20
253,108
124,228,43
295,215
15,49
196,208,36
180,75,36
302,278
196,312,99
82,202
126,215
31,51,265
292,102
254,62
19,191
161,111
55,84
292,204
148,150
54,300
217,7
10,252
79,48
285,111
263,254
212,19,20
55,148
313,326
78,35
302,114
232,112
312,298
300,60,75
298,217
20,302
302,291
185,99
124,240
23,55
199,291
299,43
128,62,20
52,84
14,225
185,292
295,287
285,213
289,303,219
37,298
217,325
231,224
193,154,225
78,143
141,173
126,292
230,299
50,196
54,219
185,234,152
204,193
136,260,131
21,215,217
31,152
224,36
140,119
124,108
165,68
58,44
123,213
226,298
31,186,291
108,75,114
64,215
84,298
44,191,257
236,214
18,108
298,230
68,152
63,108
143,168
285,299
295,64
64,267
36,111,75
184,131
280,224
206,213
213,251,225
257,16,19
179,196
225,292,149,24
40,42
233,216,275
225,185
312,121
280,78
89,20
78,110,296
204,309
193,111
193,42,46
101,226
277,146
84,168
291,124
238,40
292,68
35,217
64,201
201,20,164
36,19
140,37
149,245
155,232
300,216
159,86
11,143
257,28,90
183,298,253
86,246
124,312,183
213,114
84,75
31,262
90,302
28,224
215,275
104,170
294,31
52,124,39
177,215,124
154,302,64
44,50
64,315
76,161
89,317
154,248
289,112
98,218,299
84,197,87
161,55,84
275,189
36,260
201,36
124,291
64,172
325,110
52,267
96,159
52,267
226,143
261,280,204
300,291
63,98,64
213,86
40,82,184
312,149
17,173
193,280
62,291
114,99
269,306,66
299,71
20,124
232,55
291,116
89,168
78,298
193,219
297,102
20,299
70,75
300,170
254,64
64,126
96,312
275,42,82
161,268,189,275
225,279
102,99
302,213
295,201
46,80
172,275
19,272
232,202
110,300
260,304
78,40
241,204
208,285
321,122
224,129
200,29
245,290
124,279
108,196,81
63,108,168
308,68,19
50,102
62,296
325,307
254,204
20,40,232
193,302
313,108
148,64,167
89,46,111,291
50,20
204,20
19,223
295,196
24,215
202,275
168,302
49,213
186,138
219,75
217,275
126,232
114,49
161,277,132
101,265
81,164,216
52,285,236
275,138,265
36,315
302,162
44,31
282,264,12
100,299,193
96,223
23,167
102,89
285,124,299
132,201
215,240
154,213,196
263,84,124
291,298
138,219,285
226,295
54,217
184,232
315,236
217,285
161,35
263,70
20,154
111,54
296,298,75,111
131,149
82,201,300
51,150
112,226
125,213
152,320
86,160
201,253
212,52
311,215
231,225
141,50
86,219
84,68,295
124,99,243
161,215
78,114,31,312
201,226
79,20,302
101,75
194,101
296,325
269,75
284,183,196
298,178
282,63
295,193
108,40,134
296,159
196,267,232
39,180,213
40,131
308,185
218,315,326
89,253
214,262
63,187
233,189
262,208,29
290,122
70,308
50,302
124,77,201
112,70
248,208
84,64
21,302
84,108,298
20,36
92,251
84,63
191,84
50,114,275
161,4
51,36
213,231
137,216
285,101,219
19,246
178,143
226,68
298,78
54,63
193,124
269,110
232,124
69,231
154,202
77,50,70,90
64,134
124,165,260
252,20,312
231,51,275
44,90,298
119,154
321,230,138
173,201
98,295
312,232
77,23
101,224
80,298
89,64
40,127
296,224
124,40,291
75,108
135,124
206,81
224,10,193
27,40,149
248,112
46,84
154,84,78
189,217,289
178,201,114
302,232,300
317,129,183
154,292,114
218,89
315,238
312,185
189,159
222,55,168
153,300,36
143,95
71,101,124
224,285
111,272
129,70,295
230,199,203
108,284
111,313,311,217
143,312,253
236,20
206,311,64
141,148
291,300
277,78
295,36
77,270
191,191
20,193
168,108,75,108
247,28,225,213
196,64
108,55,302,143
260,275
243,165,134
140,173
194,312,58
19,31,184
274,265
180,312,260
124,108,295
226,225
168,111
87,215
275,282
257,31
161,219,78
20,124,191,17
222,272
215,213
137,79,325
298,134
161,284,84,19,55
64,89,201
295,54,82
134,152
148,225,242,193
36,56
108,302,322,5
138,302
132,22
53,322
20,312
13,148
54,186,183,108
70,233,108
36,31
311,285,68
120,243
298,154
19,110,49
325,211
129,224
155,95
124,99
201,146
284,20
68,202
141,291
132,282
194,19
275,114,280
232,193
58,96
123,79
264,57
296,185
253,146
228,261
302,79
232,28
295,275
111,311
64,288
101,290
183,284,294,279
152,143,230
84,32
148,78
291,84
35,124
185,18
216,162
62,253
275,302,108
114,36
280,84
191,131
302,27,274
201,224
127,140
231,230
317,193
132,54
236,96
264,40
240,108,225
81,38
285,143,299
261,295
168,325
99,114,217
108,231
70,183
225,185
124,289
26,145
152,131
224,194,276
84,253
241,183
55,242
68,183,269,232
236,193
168,123,143
223,215
260,278,101
268,235
281,8,226
87,50
275,165
302,284,89
152,302
184,27
86,180,20
101,206
79,154
10,111
124,141
232,303
123,98
126,224,279
19,292
111,282
154,112
111,216
70,142,191
149,262
218,124
248,215
315,70
84,213
114,15,216
75,298
201,23
315,62,289
219,135
123,215
187,179
65,213
55,19,272
124,275
275,215
302,46
40,188
78,86
254,196,216
84,191
219,31
248,143
311,84
225,112
216,110,143
40,92,189,64
321,208
114,161
36,275
121,291
191,217
143,288
7,275,196
193,161
27,183
260,267
143,118,154
215,298,110
49,224,124
92,143,300
111,313
89,286
108,188
108,231,84
264,111
71,20
25,298
40,44,285
296,302
55,100
114,225
302,265
216,193
180,125
289,101
51,267
75,108
204,291
170,213
84,213
110,325
291,89
78,111
44,28
232,64
75,84
152,124
84,224
131,173
167,282
225,242
137,111
191,20
19,75
37,273
202,82
292,55
291,33
62,315
101,149
36,277
20,229
315,63
223,124
27,108
75,213
108,185
60,264
25,260
89,224
168,84
185,75,31
143,291,68
272,143,229
55,274,253
70,221,135
183,175,129
216,262
90,215
98,154,19
297,44,300
111,253
33,36,123
31,321
111,20
232,298
55,52
297,183
278,148
108,315
52,40
295,299,112
225,221
23,219
40,134
315,70
193,126
108,265
58,89
270,245
301,260,64
213,78,40
108,224
36,308
260,152
125,257
313,213,158
52,70,15
54,308
296,52
236,20,248
108,124,302
124,298,292
200,165
260,114
202,213
224,70
170,154
253,225,201
172,68,111
193,232
55,231
108,291
298,112,154
35,31
302,224
324,232,124
124,215
78,40
40,101,298
44,312
308,72,70
285,100,215
162,71,245
43,36
302,148,148
1,311
23,250
170,285
64,54
313,298
43,252
20,291
84,152
225,154
226,70,42
166,70,50
143,158,154
20,193,23
42,96
313,217,315
89,89
108,297,191
54,276
52,2
225,257,44
36,31
311,49
111,325
240,143
110,216
183,54,231
86,39,302
243,312
75,160
149,55
124,190
84,300,258
235,213
240,78
89,108,256
114,280
295,75,302
87,325
154,312
269,201
308,232,75
111,52,217
291,204
72,137
99,200
317,272
272,291
263,40
55,204
68,36
216,20
302,186
194,291
132,230,140,291
217,111
185,86,108
271,226,154
95,292
269,236
299,296
69,223
12,75
152,289
26,143
15,282
64,289,99
25,325
114,286
70,213
264,63
232,289
325,181
269,282
148,263
143,180,191
291,173
110,123
50,213
69,225
100,168
288,315
226,193
45,230
81,201
291,289
308,193
152,64
271,27
14,219
291,309
70,295
196,296,277
55,70
275,111,82
232,17
225,170
176,253
213,185
28,87
132,315
64,31
40,50,89
50,212
19,263
217,46
161,226
216,40
55,275
302,243
284,201
149,219
194,300
217,259
291,84
312,133
127,231
219,110
49,175,316
110,64
44,161
269,161
149,290,323
269,168
302,79
149,50
264,308
279,20
191,201
217,229
263,42
124,231,223
259,254
112,312,79
180,133
50,280,312
162,185,215
299,145
325,111
245,269
252,232
225,191
143,124
277,101
193,84
114,194,24
284,111,99
20,219
19,315,40
219,321
75,216,148
193,215
302,193
168,236
257,43
312,101
87,108,310
31,225,231
189,201
78,161
58,140
225,191,302
68,197
111,185
185,111
282,23
260,36
57,296
225,23
140,70,140
300,119
297,226,64,5
84,136
215,23
124,84,212,240
204,70
295,275
253,20
75,269,57
225,20,108
78,101
202,260
212,123
275,17
67,143
148,78,154
78,149
152,253
302,84
236,20
191,193
108,122
300,123
320,75,295
39,285
275,29
110,256
20,52
20,20
183,260
291,111
289,277
111,44
312,101
221,184
75,240,31
232,75
110,55
170,300,325
65,213
54,89
4,75
149,168
213,2
224,185
316,189
32,300
84,315
185,213
151,325
23,33
111,68
245,78
236,260
212,150
277,89
292,84
279,224,152
251,225
70,253
215,78
267,161
183,300
114,302
75,36,224
152,302
124,224,202,89
98,303
143,208
275,231
36,146
135,302
49,112,111
121,262
40,303
208,162,148
223,215
52,101
124,201
180,253
316,143
103,55
26,253
242,252,70
226,298
190,75
64,219,75
275,184
275,102
110,185
219,46
215,131
7,101,300
168,84
298,79
70,4
221,263,302
124,317
133,201
20,193,236
119,121
86,292
79,292
31,191,180,312
84,276
141,149
267,292
209,23,52
201,70,303
315,124
261,82,285,313
40,201
87,43,108
35,31
10,44
201,202,15
302,40,275,313
231,20,99
123,75,229,193
161,267,62
112,312
325,219,55
254,51
298,217,20
231,206,269
218,87
16,78,225
238,79
304,264
304,97,299
20,20
187,178
308,196
298,139,184
213,278,225
113,219
89,84
124,265
235,35
60,101
108,289,15
31,86,84,111
229,232
299,202
45,317,83
280,14
20,40
131,217
191,245
204,111,63
325,161
230,213,308
148,148
155,154,240,284
20,221
190,36
224,78
221,224
288,189
59,101,161
197,302
112,44
124,217,89
124,87,303
40,226
55,215
120,219
36,202
19,86
112,124,19,321
308,166
219,154
298,295
312,75
21,112
235,285
111,231
108,43,148
240,224
269,75,296
261,202
64,302
55,81,161
40,226
180,302
126,75,204
108,154
191,173,68
223,193,194
20,75
112,134
27,55
114,226,225
134,201
154,269
182,279
211,57
206,124
232,308,129
253,180
274,63,122
78,108
36,124
291,234
84,111,288
19,260
312,86
95,78
20,84,121
300,251
19,201
306,89
282,228
300,229
180,292
200,143
20,217
225,143,298
111,229,302
145,217
4,110
77,135
124,89,295
185,143,225
218,213,86
153,154
264,46
129,302,135
316,63
191,196
187,178,197
17,313
84,302
226,159
63,23
324,132
181,219
75,149
55,148
152,183
231,152,36
36,168
75,291
124,302,136
52,135
64,55
310,189
186,44
164,312
267,302
217,20
48,110,149,119
152,323
215,154,148,49
298,160,36,187
253,315,230
232,302
260,110,302
121,232
152,2
300,75
232,78
108,87
86,70,170
111,111
45,300
54,102
219,135,32
126,101
253,105
143,200,161
226,312
32,101
46,295
85,20
50,49
143,278
291,224,121
183,84
219,114
183,270
191,274
295,204
84,101,6,20
291,219
77,64
109,69
154,226
236,84
325,84
154,219
64,300
111,184
67,148
291,275
96,216,70,152
84,313
32,69
44,154
232,187,289
20,185
78,143
295,168
279,204
86,134
215,78
45,186
257,314,70
101,55,40
22,154
19,20,84
187,291
40,312,201
20,20,63
111,272
31,122
233,121
196,253
280,8
69,325
124,134
138,111,279
280,154
148,310
79,196
64,58
190,15,15
302,232
253,122
225,149
129,57
200,193
269,289,63
87,17
143,218
23,206
70,23
124,162,40
136,154
298,122
84,51
78,204
40,302,312
274,54,70
132,78
148,219
240,130
75,243,156
320,204
163,150
161,291
242,299
19,302,292
230,64
201,325
89,226
162,302
298,136
87,216
70,233,291
124,75
196,230,46
62,111,108
264,325
151,82
108,196,263
31,267,108
312,143,315
154,36,62
50,48
312,280
135,216
143,269
75,78
108,19
108,140
96,288
69,308,108
55,62,213
20,60,124
78,193,146
52,20
288,145
279,86
213,168
110,300
111,19,300
95,285
75,213
180,219,52
148,253
217,302,295
140,52
240,274,321
130,39,168
131,297
154,274
84,134
42,302
50,232
293,192,279
64,212
24,108
79,36
218,51
313,54
186,251,284
185,119
184,36,292,157
102,17
315,124
228,199,201
27,28
20,161
87,146
179,112
31,161
225,291
101,20
277,108
175,40
43,291
216,261,291
44,70,54
302,110
292,39
143,75
232,27
89,321
108,224
284,89,99
51,108
86,101,0
78,258,143
293,212
319,114
54,49
185,71,294
20,140,64
114,215
64,152
232,223
139,70
312,325,204
208,51
300,46
224,84
84,288
123,277,302
302,210,315
187,143,23
99,219
265,96
225,223,315,219
58,184,67,233
154,201,52
201,81
108,20
20,302
148,213
131,219
112,189,75
240,86,125,219,204
114,13
216,23
124,5
40,86,148,78
183,295,31,285
318,226,202
102,108
231,36
23,226
55,19
149,260
32,170
274,269
124,217,292
25,263
79,224
291,148
124,39
75,64
215,143,62
295,55
152,279
60,37
232,295,111
143,108,79
291,187
302,89
77,10
108,300,154
108,29
102,84
225,249
224,134,289
224,19
89,78
225,184,235,49
293,218,225
110,108
70,302
308,124
8,84
101,325,231
135,190,50
124,312,110,325,275
253,204,154
23,36
124,281
68,148
150,221
253,253
183,119
223,232
33,77,46
75,302
269,201,64
206,225
86,308
62,185
55,32,191
291,169
161,183,55
70,89,86
79,111
295,275
40,194
15,93,188
58,255,186,79
84,111,245
75,316
213,163
201,20
291,247
165,303
47,302
84,112
70,55,40
19,111,81
99,36,316,154
231,110
292,101
212,278
111,220
147,20
101,110
126,248,75,225
36,174,70
84,221,101
294,193,19
55,40
295,240
236,289
232,52
256,171
40,108
278,51
182,201
150,87
112,215
89,137,110
275,88
89,62,189
69,84
217,124,213
112,191
190,170
52,135,64
22,112
79,67,111,213
49,241
2,44
75,36
236,148
218,84
89,18
40,302
90,204
260,108
101,108,46,113
253,296
19,55,124
95,277,124
275,208,186
124,159,135
179,70,86
125,170
112,43,58
86,19
148,201
78,248
58,78
165,257,201
101,124
291,154
285,298
104,201
84,124,231
98,20,84
149,148,302
55,263,193
102,197
312,225,300
46,143
51,158,20,30,134
17,261
44,245
50,44,108
108,263
143,218
33,219
148,72
269,123
213,271,232
111,199,159
20,35
143,298
36,285,185
300,135
242,250,124
175,215
185,275,32
49,148
253,215,20,89
40,148,140
36,124,63
280,4
295,269
173,14
235,140,325
200,55,108,148
122,308
68,279,108
108,148,295
131,124,89
260,114
138,84
52,260,36
20,111,36
24,224,20
124,205
150,296
187,20
122,70,148
185,124
81,299
204,62
180,298
86,149,299
19,124
162,325,184
42,155
70,212,86
70,64
267,40
208,217
285,312
302,111
302,202,225
183,31
124,25,196
140,149
229,128
298,300
217,75
187,233,99
55,230
129,231
64,279
52,54,77
240,300,124,204
111,196
55,161
15,191
125,213,263
70,15,70
90,224,33
170,20,221
298,154
232,285
186,23,70
198,225
70,236
201,79
84,99
299,291,89
111,141
110,84,213
263,20
79,279
248,152,241
241,269
206,55
170,108,7
108,250,189
50,108
20,196
50,36
186,84
70,256
37,295,204
298,154
187,323
272,184,291
108,79
302,302
112,50
187,84,64
298,111,108
140,108,161
194,302,87
84,178,111
317,50
263,143
52,64
140,298
225,98
298,291,272
84,145,36
19,70
217,108
186,317,202,111
226,225
230,260
284,302
298,126
55,298
171,300
98,70,295
193,206
267,318
108,196
119,135
317,55
295,208
21,274,89
300,63
52,223
62,54
318,53
84,134
168,52
49,70,49
70,84
108,101,275
75,148,44
275,170,298
285,204
308,263
75,75
168,265,267
260,58
16,321
149,17
89,264,20
263,84,81
89,70
143,240,315
213,183,225
154,124
50,124,20
231,25
165,189,64
101,87
295,201
55,200
315,137
143,161
202,41
111,274,217
190,101
36,108
64,143,325
213,108,17
251,309
20,146
20,320
195,224
95,40
225,108
318,75,291
19,36
297,191,36
295,154,226
298,129
281,101
284,275
202,202,284
257,70
298,48,114
143,161
108,154
287,298
140,204
231,223,143
44,64
143,215
19,215
277,193
226,217
218,143
312,124,144
231,20
300,275
216,124
48,215,132
245,187
154,143
229,298
31,260
300,68
128,291
140,154
236,84
75,20
213,137
216,212
226,20
223,124
224,79
20,36
217,289
69,213
145,49
135,70
189,231
196,260
261,134
84,231
236,10
298,248,241
285,277
52,51
299,20
114,36
312,213
302,263
20,101,78
299,253
57,215
248,295,292
60,256
40,135,143
24,68
291,184
315,232
217,287,63
98,17
33,299
237,213
298,223
223,36
160,191
124,289
40,299
135,204
112,293
116,311
143,99,313
202,35
111,300
293,123
190,223
112,298
314,79
145,216
193,213
108,217
154,284
111,263
269,217
295,289
40,180,216
289,148
64,152
193,205
225,55
20,68
240,19
215,110
140,108
252,295
54,121
154,124
110,84
97,194
185,42
64,112
231,199
20,193
3,281
145,284
121,235,291
312,135
289,42
225,161
70,110,285
160,108
202,253
217,302
155,226
219,40
269,178
162,44
201,112,44
154,86
108,108
296,200
175,36
232,108
215,17
304,280
295,171
311,40
36,208
243,226
201,143
7,110
62,121
269,154
248,52
4,211
296,298
40,63
217,285
111,284
152,291
68,302
89,212
3,84
231,212
163,19
223,154
54,108,134
148,124
8,5
202,154
31,256
141,312
294,17,208
161,200
229,299
108,70
217,124
143,279
108,20
143,125
208,165
296,44
110,84
124,215
70,143
111,108
90,78
20,236,223
243,232,62
159,230
285,89,42
108,213
199,33
20,215
20,285
24,291
253,294
221,231
159,183,217
108,201,75
66,302
213,275
315,308
215,134
235,101
178,186
35,215
201,153
89,229,148
191,146
216,143
21,269
214,178
185,168
284,302,231
315,232
254,186
216,247
302,14
269,226
84,50
39,236
191,312
292,35,161
298,317
140,185
196,291
89,285
292,31
108,20
253,114
312,114
302,28
180,151
35,295
201,248
143,75
143,36,291
201,153
110,291
24,52,126
183,231
30,282
260,108
16,217
161,235
300,20
232,23
200,225
108,131
112,291
225,125
170,20,302
68,241
99,231,163
186,279
209,170
311,154
36,126
28,300
217,62
291,253
81,291
225,302
291,231
19,68
40,101
40,296
49,20,176
111,54
206,272
70,77
121,28
201,124,232
217,54
291,324
202,193
154,302
135,75
55,70
292,84
148,242
35,180
114,302
101,232
217,108
31,290,78
31,217,84
232,138
312,185
217,154,54
79,294
299,84
253,291
131,300
298,113
135,49
20,132
161,261,291
49,20,154,217
108,49
324,79
86,224,313
302,253
260,148
177,213
52,43,166
84,20
131,299
298,84
244,204
302,191
134,315
57,3
236,282
159,86,55,55
19,171
86,217
149,68
76,288
213,101
231,312
231,63
122,44
89,70,225
84,202
232,111,152
86,165
325,70
217,196
124,50,0
154,131
148,263,225
4,68
213,36,217
50,236
155,110
111,159
291,154
84,154
154,46
4,111
113,221
112,108
226,193
200,231,269
179,196,114
86,215,215
14,5
108,89
98,232
299,226
298,119
46,232
62,70
135,264
44,111
231,89
260,49
317,152,143
148,200
232,267,114
40,225
201,52,49
202,78
315,154,289
300,50,99
194,191
217,183,101
274,295,263
208,108
312,218
291,138
284,64
86,202
82,157,189
265,267,46
168,50,70
123,4,52
196,218,300,302
224,180
215,201
201,81
90,70
38,291,125
279,253,231
254,111
259,17
254,203
134,36,9,77
191,300,123
170,291
219,108,89
321,312
36,25
15,111
152,132,243
84,154
20,55,112
213,52
299,187
274,213
81,219
274,111
217,263,78
152,217
111,44
286,7,298,280
111,110,24
50,84,298
291,143,224
292,111,49
296,71
236,68
106,124
154,89,86
251,218
201,275,213
213,89
64,54
108,64
193,201
52,40,284
87,75
33,224,315
152,219
86,121
55,201
124,20,230
291,96,254
20,204
196,161
302,308
119,201,111
52,277
111,201
10,252,82
302,114,51
226,303,213
82,231,197,197
152,312
55,78
232,154,79
149,213,242
122,49
231,112
20,311
298,20
283,242
196,311
36,157,298
186,75,148
50,231
111,263,171
281,312,27
241,161
221,126
291,148
289,84
288,108
50,298
134,85
292,52
292,272,89
79,19,217
274,52,201
302,236
147,75,292
208,217,291
70,217
138,90,64
291,253
92,84
302,186
291,112,112
201,164,121
19,269
152,0
304,52,108
152,302,154
193,108
180,253
141,98
124,89,302
265,289,170
308,313,152,213
268,231
186,260
52,111
55,216
129,31
217,137,298
145,75,112
114,213
50,207
186,231,146,212
296,82
43,193
302,108,140
152,129,315
199,236
302,292
292,31,81
145,40,47,148
226,298
201,300,261
19,150
289,10
218,197,287,256
154,112
79,219
111,124,321
308,154,224
124,269
232,62
312,53,78
79,232
55,315,114
152,36
299,197
124,218
309,111,216
285,161
201,213
20,64,108
260,224
202,70
299,80,124
20,20,52
178,149
272,124
302,315,143
148,252,23
193,224
208,213
236,54
139,51
302,111
36,46
45,213
36,50
235,134,159
96,154
52,300
193,267,31
206,213
325,206
20,46
152,263
148,275
165,242
204,125,29
95,202
201,91,154
213,54
102,168
29,217
219,40
161,84
111,178
279,111,240
300,124,27
183,45
292,138
319,79,279,295
240,90
170,29
84,24
201,124
20,20
44,9
52,50
295,70
124,185
103,213
36,245
308,84
206,24
36,16
152,231
129,278
302,185
308,78
275,284
261,99,191,23
75,89
79,224
295,70,295
101,10,201
300,219
193,312
46,54
260,124
36,132
52,222
291,300,213
173,300
228,108
40,253,69
185,213
78,300
112,75
232,124,311
161,55
23,52
20,75
36,49
177,73
111,108
300,122,114
253,143
36,217,190
208,78
125,78
291,154
124,23
279,231
208,20
168,237
269,253
124,55,102
302,200
265,264
211,213
224,190
70,284
265,278
215,77
161,85
70,178,78
68,180
204,242,211
253,263
311,48
149,43
226,20
84,98
291,291
299,274
274,132
112,213
161,294
23,111
52,89
31,180
134,218
161,213,275
216,223,208
78,216
183,46
68,77,20
325,15,50
151,32
46,84
215,86
134,20,202
51,4,280
114,204,225
225,313
245,289,191
272,143,53
68,217
112,325,108
213,39,300
191,46
313,77
231,110
224,79,55
55,108,232
52,57
114,302
194,64
121,312
219,124
70,52
20,321
84,185
226,75
31,149,109
234,154,322
185,23
213,217
291,54,224
124,295
87,46
84,291,208
124,52
251,194
149,108,231
312,226
20,36
40,201
45,282
187,204,312
173,272
80,312,213
291,206
70,150
267,76
31,193,120
154,213
300,196
290,121,203
154,148
322,225,64
269,40
289,231,110
204,36
201,224
52,75
89,108,20
44,187,213
148,0,260
46,299
23,228,236,204
108,180,226
121,263
257,148,231
225,295,124
86,202
129,224
201,42
191,252
215,20
260,310
31,291
37,193
291,36
226,124
111,296
217,10
70,275
36,303
20,26,237
135,260
217,201
217,36
44,285,64
145,52
279,183
23,226
288,152
36,185
253,289,215
275,302
46,20
98,243
73,251
108,225
288,124
54,226
148,15,232
202,124,184
75,154
115,243
29,279
264,300
63,299
196,161,49
292,226
86,70
124,225
292,125
19,90
64,75
159,216
277,183
149,291,7
275,263,183,54
274,233,14
76,111,196
285,208,185
275,277
215,111,251
31,260
219,111
303,180
226,82
231,143,316
84,20
120,108
232,138,111
48,191
260,278,316
260,70,217
108,256
108,110
300,11
122,225
215,62
146,60
302,319
250,202
84,302
146,284
17,286,296
183,211
52,264,87
111,219,276,124
251,45,197,213
261,273,154,260
108,295
40,81,233
111,272
302,102,122
223,187,246
281,282
55,279
119,64
84,124
108,84
114,291
206,20
77,108
87,87
275,122,99
131,19,235
70,215,271
292,63,124
50,152
45,129
99,149,265
148,298
295,188,260
70,114,84
81,300
233,196,193
219,99
111,84
312,75
253,146
248,125,96
20,101,64
215,218,79
185,168,55
54,313
325,232
90,300
302,20
42,84
135,285
54,302,302
298,263
89,278
253,226,111
200,296,161
121,108
54,31,295
32,183
240,312
114,32,186
224,15,213
52,101
277,84,248
260,191
175,136,78
32,231
129,264
236,183
271,87
292,185
302,193
124,42
146,164
40,201,89
110,298
183,108,63
101,96
49,84
124,124
94,102
300,231
270,49
20,110,131
240,50
154,89
46,64,78
308,110
280,143
112,84
283,291
247,84
315,180
216,143
224,274
152,143
302,269
183,314
325,70
99,302
267,191
261,266,45
180,202,108
161,55
137,147
124,123
201,62
183,282
41,289
263,154
180,161
263,216
40,40
87,75
64,202
231,75
152,202,36
24,148
161,260
212,101
81,20
86,77,302
111,201
312,232
44,20
224,44,135
52,85
129,303
263,272,216
151,29
311,253
146,124,44
78,253
124,257,55
36,84
135,325
274,260
112,208,179
295,124,315
269,52
278,155
149,134
303,43
36,129,74
44,112
99,280
75,75
232,178
143,194
44,143
213,1,24,63
237,152
78,55
40,71
299,86,239
79,141
295,217
231,72
231,215
86,52
84,70
215,300
154,264
217,224
315,158
278,262
84,268
124,55
62,289
111,20,114
141,213
27,84,89
173,193
99,260
292,101
269,302,161
110,40
260,257,272
124,197,191
226,242
124,143
325,50
140,135
108,213
189,216
208,242
39,138
101,197
161,308,219
292,89
111,185
269,154
193,120
108,232,132
36,108
295,50,37
27,54
108,77
153,294,64
70,165
23,235
140,319
111,242
169,143
19,124
222,231
46,79
111,257
152,281
46,84
77,291
279,4
54,20,27
51,193
231,311
302,291
262,89
196,162
215,215
184,84
168,112,111
225,291
213,186
149,20
225,283
121,106
108,229
64,84
253,224
300,66
79,253
134,312
217,146
70,55
217,1
180,251,64
216,84
184,102
313,60
111,18
311,51
312,29,298
19,308
257,302
98,219,108,111
44,173
269,148,64
187,50
291,289
253,36
292,45
20,226
265,81,298
218,240
99,87
70,111
134,193
223,52
86,32
78,70,20
69,225
321,89
212,127
272,124
275,232
225,111,187
112,235,20
260,200
44,191,112
68,84,108
298,89
219,191,111
275,183,40
143,284,101
89,50
84,159,221,108
272,135
319,185
95,55
316,111,162,52
274,137
23,201,325
302,42
50,84,40
40,99
209,302,162
20,226,260
213,298
300,284
19,186
23,269
256,40
107,84,257
54,131
178,143
110,321,151
298,289
124,152
32,143,112
303,162
101,325,102
75,308,291
134,215
203,143
108,236
223,32
131,124,36,99
229,114,223
179,193
317,32,215
278,98,109
280,208,75
213,178,302,143
257,225
299,295
312,32
180,149
167,20,19,291
108,300,196,52
277,296
27,210,111,242,215
23,289
36,79
246,280
135,19
298,292,102
212,311,201
302,204
272,127
95,16
213,185
222,235,148
19,282,217
260,193,258
144,285
23,159,20
78,312
193,36
281,65,183
55,213,204
118,135
217,111
168,82,108,78
82,302
62,295,288
178,110,42
140,125
300,302,302
274,265,111,78
123,111
96,75
108,148,253,302
193,42,145
311,212
126,302
49,295
269,102,108
126,313
84,52,114
285,235,253
221,184
317,154
84,208
44,154
232,75
130,168
217,62
213,75
31,319
282,193
196,217
28,295
20,69,316
231,114
149,52,201
17,129
119,20,145,201
108,185
161,98
63,17,111
225,148
312,55
260,101
260,108
295,52,314
82,190
280,300
183,197,296,78
125,185
214,245
86,40
219,1,312
101,155
264,108
215,148
119,125
78,20
40,168,135
291,110,36
58,279
232,293
219,169
217,103
64,148
111,101
101,162
273,108
315,122
267,272
59,223
230,291
114,5
193,86
19,114
294,302
183,148
96,233
295,291
77,223,31,55
236,315,17,20
52,278
52,194
108,64
298,44
173,125,298
101,231,225
206,70,64
82,263,312
81,298
79,263
152,111
315,204
269,194
20,166
22,124,320
299,45
295,63
232,299,44,232
101,185,52,108
141,124
108,19
23,269,225
271,111,29
231,62
208,90
322,291,84
82,42,161
292,78
44,263
64,295
64,201
219,36
278,19
89,148
279,52
124,152
224,89
123,91
111,236,114
126,108,232
110,54,185
63,214,36,216
143,298
324,165
49,300
52,201,126
291,198,215
185,125
68,281,137
228,225
55,79,154
215,289
58,40
138,285
180,315,200
129,101,89
141,151,287
110,207,20
49,120
224,70,260,149
70,200
19,20
249,257,302,135
245,242
102,316
161,303
232,79
165,82
48,124
124,136
300,183
114,44
70,302,291
217,122
265,171
255,27
40,87
291,138
213,289
292,226
201,236
235,224
298,124
272,42
185,31
291,157,249
111,153
126,114
253,15
85,219
193,16
122,291
20,112
111,89
275,20
291,19
260,122
201,121
176,213
183,99
99,20
154,186
204,236
52,108,204
134,270
300,81
55,110
204,24
114,289
152,302
108,213
152,168
67,14,52,300
282,215,50
150,190,43
202,79,149
173,111,302
148,19
119,213
98,272
311,124
194,31,279
292,79
52,204
233,108
154,125
257,152
215,89
40,111
19,180
75,225,143
197,28
63,191
292,310
114,140
134,295
201,291
302,108
310,94
216,131
280,225
300,114
75,280
232,102,284
124,45
91,170
143,250
161,232
84,78
302,216,81
45,183
213,42,218
64,298,263
183,294
161,267
114,89,154
215,125,55
42,75
112,202
325,75
55,89
99,24
152,31
242,43,36
325,197
302,70,114
206,284
98,178
296,279
112,31,184
10,67
224,134
90,302
70,55
167,143,23
232,101
124,135
225,241
160,10,215
110,192
87,67
243,225
131,264
223,312,111
226,84
123,275
86,262
302,75
78,140,149
225,89
78,265
56,313
321,291
315,208
10,182
42,20
268,124
40,138
243,120
64,161
108,82,176
108,112
143,36,152,54
295,84,213
84,168,154
124,64
111,291,69
302,157
124,265
64,124
124,24
75,299,236
19,65
84,85,101
201,114
143,313
280,30
82,269
108,55
84,108
143,184
24,46
156,111
226,70,310,231
180,148,279
124,284
303,70
136,298,224
143,315,112
280,45
217,312
132,272
64,143
231,24
23,313,191
275,20,104
231,280,224
36,188
114,107
111,125,19
68,201,212
129,44,299
218,102,70
69,23
277,108
111,12
71,317,165
20,108
108,213
136,124
184,183
230,75
154,299
129,302
299,315,315
101,101,99
149,300
95,124
29,161,267
303,233,296
86,84
226,249,68
110,168
110,44
131,215
193,44,82
37,168,97,143
112,315
323,268,225
217,316,219
54,273
280,31
300,82,124,154
243,126
123,279,55
40,291
217,68,223
185,65
212,265
189,272
111,55
78,143
37,136
325,278
260,303
186,186,134,269
232,168,166,154
111,111
20,149,168
169,111
75,293,28
231,86,236
38,225
78,235
18,183
212,89
260,38,290,226
65,231,251
143,153,264
82,316,20
201,36,180
161,88
289,36
148,279,29
225,298
251,124
215,152
183,216
43,291
280,24
89,217
114,286,79
269,300
170,291
239,40,46
143,55
225,191
152,89
299,213
201,204
108,84,281
124,148,312
258,244
213,46
141,84
108,124
20,152
52,183,20,36
64,111
81,35
49,302
274,64
184,256
185,213
112,23,316
260,196,101
213,69
191,13
201,108
111,286,235
84,261
19,162
191,185,44
86,24,193
134,154,312
291,84
206,101
269,70,20
185,235
77,232
69,183
55,84
289,260
224,78
112,84
152,145,232
325,312
325,111
312,173,36
46,19,78
291,124,84
81,133,265
217,20,260
325,78
295,302
201,251
149,166,202
295,69,215
248,280
46,146,302
101,136,149
10,312,291,36
244,145,84
113,152,143
55,148
253,124
124,137,270
108,236
220,253
253,303
40,301
208,36,202,84
38,201
86,114,54
135,225
312,161
84,224,201
213,218,224,114
78,101
223,146
293,82
313,184,126
232,300
284,189,201
53,143,189
292,79
182,242
136,280
227,75,46
161,224
208,260
185,285,143
37,75,70
44,260,20
302,308
134,31
87,231
112,318,89,309
312,302
111,101
215,218,20
52,264
64,288
46,143
154,89
103,75,8
89,275
55,284,146
114,78
54,272
141,110,20
166,299
215,86,312
120,284
114,84,208
183,54
146,22
38,291
316,215
302,284
275,312
154,64
110,298,19
302,52
289,300,75
297,154,279
265,52
108,114,299
245,291
224,263
298,148
63,31
235,112
135,152
197,39
263,260
196,224
213,111,148,124
315,101
152,186
223,32
231,114
242,168
82,291
199,213
174,298
290,146
101,317
312,131,54
55,215,202
312,124
302,101
134,143
284,285
152,182
149,232
208,201
224,232
79,112
84,134,261
124,302
131,55,148
52,161
315,300
237,183
143,291
193,275
280,110,303
216,300
87,75
280,31
155,219
220,32
63,216
52,118,204
42,200
219,291
170,284
232,124
186,101
84,260
124,172
66,108
19,194
20,132
75,54
300,312
101,15
64,224,183
299,79
141,217
247,240
302,224
275,52
120,110,217
213,287,69
64,75
272,275
161,232
312,243,322
146,136
20,98,269
96,123
84,148
230,315
152,110
55,70
108,17
86,254
135,186,101
101,272
113,143
44,36
50,116
56,82
114,223,183
69,111
96,78,110
1,201
225,79
224,144,315
138,78,63
253,221,55,317
90,274,11,36
111,113
224,69,114
167,124
173,148,99
289,35,106
306,183
89,168
291,295
296,95,236
20,231
208,161
134,294
279,161
55,20,298
302,179
44,179
260,10
225,81
24,62
201,215,52
200,185
279,162
289,20,279
46,56
298,84
55,101
128,108
55,40,3
101,311
136,298,311
48,134
219,157
275,20
84,64
86,50
121,121
232,260
124,138,324
144,49
288,325,137
232,291,255
84,81
294,312
138,224
50,44
84,224,235
5,184
58,269
26,42
232,112
124,291
325,20
249,23,84
132,217
236,303,215
114,260,265
257,15
143,86
254,19,312
325,323,25
253,302
51,101
325,269,143
64,303,154
170,217
217,279
241,87,78
260,124,156
45,108,37
177,226
216,298
152,298
23,263,121
243,77
232,298
189,253
194,69,4
49,55,31
64,291
52,42
263,215,263
112,83
223,20,134
52,232
84,298
226,217,111
235,196
4,198
35,298
70,232,218
186,111,225
193,216
296,302
300,272
27,20
251,291
40,70
193,84
187,196
186,134
151,143
201,312
312,123,215
312,90,86
148,22
260,167,83
248,196,193
108,225
108,253
225,292,46
161,45,20
84,28
108,224
46,111
298,155
63,70
264,299
110,137
231,138
238,229
292,299,225
245,135
148,313
93,69,143
75,263
84,52
302,124
204,154
311,46,257
79,279
207,49
52,201
198,75,54
110,114,101
110,23
124,70
52,315
302,168
182,55,274
70,19
235,208
134,148
43,291
70,253
63,288
226,223,225,213
218,233,306
81,20,202
131,161,69
20,142
219,75
143,70
161,74
82,248,224
124,280
124,214
251,284
20,165
99,276
31,298,243
78,315
154,253
124,33
64,119
86,190
201,70,32
187,36
123,284
42,235
75,20
289,277
278,101,185
300,165
44,20
200,221
252,213
213,187
49,78
108,159
225,221
321,79
137,185
253,169
99,81
161,101,208
245,288
292,312
213,267
307,111
233,248
122,69,159
184,204,99
186,240
213,201
70,184
256,89,223
124,253
46,136
170,280
204,70,206
31,110
44,36
198,55
219,190
135,19,190
52,298
112,64
84,87
291,60
217,23
224,302,272
50,124,200
158,54,168
70,44
191,279
152,111,43
291,260,321
296,230
109,215,231
162,145,302
302,289
84,111
75,184
227,236
95,185,213
204,50,20
313,84
256,194,70
233,108,292
291,78
70,146,98
54,69,68
274,260,296
272,108,322
154,40
318,235
280,20
122,101
218,215
226,123
202,123,27
285,308
241,308
191,124,315
308,20,224
201,236
124,202
119,225
232,119
52,168,36
204,213
235,140,55
68,154,302
134,90
89,154
31,44
295,217
64,201
289,196,217
23,17
121,206
238,138
50,219,323
81,101
108,101
145,213
209,75
295,111
235,60
49,201
54,31
196,108,178
243,134
64,20
213,101
124,20,78
49,224
37,154,23
54,300
64,69
229,275
110,75
89,100
178,295
124,215
95,110
204,111
184,15
291,198
148,39
215,148
216,4,97
232,131,184
89,260,114
290,291
89,242,20
114,16
193,89
233,165
151,213
279,296
39,154
262,40,84,43
98,101,148
121,20
43,225
274,9
39,206
264,232
197,169
159,61
197,148
224,139
193,40
240,302
55,217
55,233
32,108
191,52,146
196,148,143
152,131
308,219
275,108
257,283
197,274
261,302
20,111
20,148
231,291
139,189,289
15,20
37,122
298,219
154,89,63
39,180
123,29
251,32
180,201
292,202,124
180,295,86
55,204
16,75,302
206,108
227,134
124,87
75,123
282,124
40,275
20,65
124,148
64,46
54,40
183,37
173,185
165,108
131,191
291,101
272,84
312,170
151,217,101
146,185,19
204,231
199,217,36,63
165,241
128,296,36
256,189,86
40,75,233
291,87
185,315,24
302,213
186,180,311
277,112,136
275,310,193,36
132,135,124,108
300,184,315
285,124
108,240
201,289,225
50,55,82
48,183
223,20
161,114,143
187,298,64
275,196,75
231,263,221,114
159,185,143,70
81,239
78,302,110,168,218
236,245
291,64
124,78,10
291,302
90,108,154,275
31,20,167
159,197
154,87,279
143,10
25,19,253
111,20
124,301,39
162,243
280,108
98,308
288,108
213,233
190,292,193
206,89,217
55,50
103,70
42,191,225,110
219,152
86,302
40,143
215,289,20
218,75
169,111
269,243
187,188
276,225
219,70
77,120
71,44
299,86,87
193,231
70,213
52,123,69
124,108
112,86
292,10,285
209,135,17
149,302,215
36,248
116,300,183
135,121,275
151,165,306
196,308
75,148
54,29
52,37
98,260
122,58
36,325
312,201
179,178
312,89,134
34,224
161,274
55,27
75,170
84,111
279,213
204,152
318,298
241,111
161,292
123,99
193,101
201,280,223
111,111
312,64
64,64,103
39,193
299,152
291,185
40,302
89,224,136
108,82,215
19,183
122,108
36,191
213,89
33,291
23,295,256
213,111
108,33
244,162
89,295
224,279
119,22
16,51
124,40
279,52,231
84,63
64,296
201,184
299,19
225,19
52,178
18,280
40,300
291,302
84,20
219,154
308,289
278,289,248
213,260
129,315
254,119,312
40,44
224,31,296
111,242
98,159
44,270
133,225,280
189,17
215,23
84,193
152,99
134,201
141,90,199,208
191,69
102,238
170,224
260,208
137,124,50
283,124
224,110,141
318,298
152,291
265,102
149,108
70,108
213,217
36,138
125,201,69
185,56,284
114,277,275
28,111
262,269
108,219
224,213
267,291
31,224
275,300
70,308,226
178,196
243,245
20,33
84,77,75
154,17
302,208
86,300
135,285
231,191,213
55,149
291,9
191,202
124,218,62
114,40,111
114,81
129,10
186,20,166
89,108
64,225,323,184
219,225
295,168
122,161
185,124
254,146
229,285
266,20
148,152,36
217,122,51,182
36,20,298
55,280,70
16,124
224,299
213,173,325
275,196,132
89,225
70,184
136,291,93,291
212,147
70,44
226,264
225,269,285
63,252
215,78,148,235
185,84,150
124,77
134,29,189
78,215
70,213
154,299
86,89,82,29
125,208,278,312
224,108,173
215,84
203,123
113,268
256,240,154
124,193,86
314,143,23
108,206,84
236,148
312,84
213,186,285,31
302,124,218
272,101
143,296,173
315,252
143,78
189,89
186,215,43
191,54
233,312
275,240,263
38,269,306,36
128,98,232
215,189,114
111,126
294,318
124,119,215,82
84,259
143,241,108
161,151
212,114,51
49,219
226,108,101
20,315,193,13
98,121,108
52,183,31
77,185,124
295,315,215
138,89,55
316,291
139,131,216
302,42
302,170,25
110,193
257,215
65,69
269,231
154,184,55,64
230,40,201
152,230
87,70
20,257,79,195
75,292,101
20,225
55,193
20,215
43,52,216
295,308,261
44,89,110
51,219,159
187,33
101,161,224
245,215
261,130
232,312
192,221,232,300
111,28
85,100,134,84
219,111
78,295,257
302,108
204,25,126,320
269,50,215
149,108,217
136,223
253,67
19,75
32,70,124
284,143
114,17
143,108,215
111,89
20,141,296
108,262,248
25,217,264
134,241
180,217
213,183,154
215,111
114,196,221
124,114,146
225,31,51,114
20,79,196
302,55
124,148,52
124,131
232,154
236,284
311,161,52,108
101,184,101
295,225
126,111
179,55
125,302,68
193,89
123,261
302,64,285
44,87
23,162
89,169
64,183
208,310,208
269,218
148,231,299
108,101
84,160
29,20,156
213,159
110,219,215
114,284
202,202
111,20,50,75
204,4
272,280
27,79,292
154,108,300
108,84
63,248
120,89
204,24,218
321,201
213,42,42
193,112,30
212,84,232
108,298
225,212
182,260
126,136
236,260
124,225
257,98
300,284,108
49,267
79,278
216,185,108
241,269
183,159
114,154,166
70,89,245
295,261
14,79
290,124,315
219,152
98,246
312,215,240,302
70,145,232
62,151,246
274,84
184,201,269,201
40,161,19,194
275,121,204
19,132,249
146,82,311
68,231,64
290,50
325,152,143
62,252
147,111
242,173
240,20,55
58,289,292
279,183,20
245,185
260,84
288,68
203,75,285
152,240
311,125
84,277
217,292
295,49,152
55,10,124
149,75,87
161,78
161,15
298,89,101
20,174
82,52,217
281,148
165,45
181,101
216,84
46,219
291,55
40,213,17
133,36
90,239,198
141,110,44
31,194
32,86
185,108
114,143,213
19,298
257,84
219,95,230
295,296,149
75,64
40,308
199,181
96,54
179,295,125,86
217,124,79
44,64
232,196,150
302,84
185,55
134,24,151
289,275
68,196,114
263,296,114
185,257,143
225,305,124
186,242,149
154,223
55,31,224
205,224
226,296,80
141,194,131
154,201
231,285
108,302
139,177
159,99,23
275,52
232,46,158
216,213,9
148,89
302,143
295,126,194
308,240
111,85
213,256,303,45
201,168
267,35
79,280
116,300
148,115,317
19,206
219,260,36
196,217
215,19,108
63,20,148
43,25,311
90,108
273,88
152,242
232,55
112,216,226
232,77
111,75
279,79
325,185
152,296
54,225,216
232,20
132,184,50
86,20
216,124
95,208
225,280
296,180
44,278
241,289
82,108
39,19,64
312,89
216,217,291
300,217,70
36,298,44
111,20,213,217
219,27,279,291
64,50,284
52,253
29,36
108,232
219,219
54,70
321,224,54
202,108
31,4,101
143,114
291,54
19,224,77
63,299
148,68
78,300,312
188,201
70,224
22,70,279,300
173,241,120
231,42,232
257,108,260
63,296,206
253,257,266
145,289
316,280
79,185,136
185,32,99
204,254
101,230
89,226
312,78
196,204,213
35,282
285,101,168
36,183,206
111,226
146,295,225
87,224,64
291,185,284
293,12
62,269
300,213,219,300
298,291,52
303,183,108
219,55,226
55,217,185,132
154,148
36,260
111,284,215,108
291,262
129,28,39
84,132,260
285,111,33
193,224,217,189
216,37
260,28
311,255,20,291
231,84,86
320,257,123
84,120,272
101,75,19
149,81,40
183,9
86,272,148
217,144,19
148,143
201,19
124,5
215,70,55
0,155
152,275
288,148
108,151
86,192
262,56
173,64
87,215
154,51
151,178
68,33,225
211,124
295,291
87,105,302
111,124
308,217
108,253,15
313,122,177
186,84
75,313
217,232,114
70,260
84,183
63,50,217
196,49
23,193,217
312,224
20,300
70,55
146,168
136,233
289,55
40,243,82
70,132,312
154,75,215
72,212,82
84,160
285,108,114
40,300,39
235,254
141,119
36,312
161,79
205,143
178,193
84,302,122
52,78
219,244
224,68
124,36
152,143
285,216
217,275
111,225
78,232
240,184
206,225
25,124,55
111,149
64,298
226,123
90,152
84,70
99,108
20,217
20,84
10,212
108,190
42,256
36,101
35,44
69,79
213,95
275,139
44,169
111,20,151
20,261
13,79,200
44,187
52,211
233,135
237,123
78,31
124,295
201,27
225,143
121,168
194,212,156
296,44
217,299,111
76,143,230
86,201,36,180
275,312,303,224
295,81
19,149
99,111
129,231,218
213,124,311
4,196,300,50
89,125
168,224
305,110
75,181
114,243
49,260
36,123
279,110
289,18
193,302,289
82,50
204,23,111
248,145,295
64,202,19
292,224
125,126
205,95
161,226,161
42,46
122,154
124,217,141
260,308,217
223,122
208,269
46,143,193
302,124,78
298,279
27,275
279,260
126,55
124,64
236,240
224,126,84
55,62
241,19,191
20,208
222,185,226
135,188
275,191
252,15
155,31
165,295
136,104
152,49
96,235,295
167,68
225,89,36
186,305
180,143
300,44
240,40
122,280
289,201,31
123,78
302,37
302,196
134,128
87,36
168,55
75,300
38,202
111,256,299
265,157,154
31,161,17
101,226
107,300,296
275,58
212,226
206,36,295
157,99,44
70,261
161,75,295
68,89
35,111
185,218,289
272,70
101,112,143
218,308,312
148,85
19,111,101
232,183,208,140
308,216,36
180,235,213
149,208
101,158,130
20,242,263
209,308
55,184,284,45
284,262
312,231,264
217,201
148,124
19,148
134,285,75
50,111
218,274
20,289
269,224
291,196
219,75,145
204,243,231
108,291
316,201
240,263
78,187
275,124
39,143,302
17,110,193
41,142
124,148,124
225,124
246,111
179,272
143,204,316
325,231,32
12,125
111,170,184
208,101
77,232
226,64,20,20
49,223
70,111,18
17,298
166,31,262
68,49
154,217
23,252,58
134,159
235,36,63
63,291,224
110,302
224,226
55,239
208,232
275,10
231,89
52,75,143
289,55
86,149
75,217
241,284
29,31
325,260
23,89,36
185,299
212,110
302,291
111,143,108
4,215
230,311
108,89
284,27
201,152
46,52
300,299
183,95
230,242,35
87,62,23
189,52
70,128
233,161
184,215,143
218,20
40,64
217,224,137
217,240
31,68
217,44
81,202
152,73
248,198,311
36,63
27,254
101,294
206,204
257,213
111,285
202,242,148,139
316,299
111,124
281,291
295,125,70
226,70,75
108,309
312,111,285
108,183
156,173
311,264
298,78
46,154
243,64,9,38
63,99
275,180
300,31
298,185
138,52
201,65
302,311,215
95,55,235
84,312,111
20,84
50,55,31
299,70,285
272,84
298,226
240,84,291
19,193
302,213
111,50
217,75,284
123,204,29
112,217
111,284,275,284
236,145,132
221,248
325,184
84,267,219
42,25,253
275,42,124
217,98,84
141,302
52,232
21,135
96,205
226,64
138,33
101,108
279,215
44,108
183,325,168
263,269,101
197,217
78,122,20,10
46,20
203,295,321
19,43,20
197,111
246,300,49
36,295
99,2,84
168,89
225,217,196,217
123,245
217,162,240
302,141
312,54
58,191
290,311
143,226,152
36,84,102
321,224,191
173,111,40
240,29
124,299,285
125,75
196,236
52,292,275
302,55,24
77,63
189,146,99
180,210
198,55,217
28,31
87,19
108,31
264,185,64
84,180
226,303
79,242
111,70,248
215,292
132,70,143
229,86
298,302
217,154,154
224,154
132,302
176,135
204,146
303,15
24,54,89
108,324
225,313
179,143,292
174,239,213
111,269
124,180
19,313
291,70,185
86,132,242,201
280,226
112,313
232,44
298,98
223,110,64
33,274
234,226
275,240
161,27
185,285,126
193,55
236,64,311
20,285
225,230,232
20,124
42,213
298,225,168
224,298,108
248,31,184
292,146,84
138,52
84,125,295,25
24,218
305,325
79,126
89,78
263,87
291,308
251,306
181,299
131,267,87
203,226
201,75
49,310
291,26
302,257,23
225,321
323,36,224,225
201,277
89,108
213,311,143
225,31
219,23,46
187,295,260
291,186
0,312
84,303
217,54
269,298
78,161,321
232,135
189,253
191,108,204
231,101,84
225,325
143,289
212,40
82,86
226,302,48
224,253
124,185
0,302
212,78,161
280,152
225,108
276,112
311,215,201
173,110
225,217
257,208,321
213,64
2,275,17
224,201,316
201,138
84,284,70
51,52
213,143
213,108,108,269
274,215,85
146,70,235
64,298,300
89,298
49,269
26,61,252
295,200,232
36,112,212
143,208
46,124
284,110,20
201,95,308
77,221
134,325,213
295,146
206,136
19,19
70,124
258,50
20,183
87,70
300,20
213,245
101,62
318,260,232
19,89
282,302
168,134
224,112,257
73,143
62,204
89,275,126
150,168
300,54
118,191,86
251,261
159,2,291
1,101
70,125
226,119
302,38
269,218,225
20,124,318
111,54,132
215,70,325
70,318
285,262
77,232
291,50
260,55
19,274
253,17,31
55,111,225
152,200
99,63
59,235
75,226
226,262
212,302,124
40,310
135,70,221
296,55
262,299
300,215
84,225
22,219
298,20
114,312
213,135
84,124
284,140
282,124
55,180
261,292,196
40,212,37
125,110
107,84,86,28
44,213,78
282,260
221,245,154
231,87,295
321,291,84
321,295
101,225
173,33
168,141
70,269
84,84,275
19,219
58,217
230,194
58,269,31
287,224,143,295
87,241
221,299
180,36
182,299,185
291,291
51,111
320,286
110,325,280
86,75,84,101
212,161,295
202,57
136,7
31,167
260,236
99,121,292
70,82,267
276,212
154,208
40,20
224,201,75
52,148,143
20,264
299,196
291,161
75,110
84,49
84,40
54,231,68
98,20
97,114,148
110,39
261,224
23,57
221,291
114,187
114,84
236,291
99,143
67,246
252,299
33,19
129,20
2,226
325,186
135,143
232,275,148
112,55,275
55,174,121,44
111,20
111,65
52,180,84
183,75,217,179
224,124,213
64,202
216,240
124,10
130,277
261,253
281,199
108,302
24,231
89,217
108,298
23,264,31
315,89,318
96,312
154,9
321,108
295,84
277,46
52,44
179,20,134
298,111
20,20,111
224,112
154,219,304
289,279
200,213,146
99,78,114
226,135
284,51
315,292
185,78
79,121,20
261,204
84,101,187
148,170
96,298
70,103
78,33
235,232,50
275,75
296,20
45,225,136
292,148
233,19
20,295
148,62
183,257
115,225
143,185
36,42
264,124
216,257
185,232
108,55
299,252
142,230,204
265,108
302,46,312
54,204
84,178
284,140
231,312
240,111
19,312
272,295,84
235,84
64,143
225,86
17,315
121,36
70,148
44,219
52,143
86,75
291,298
50,124
241,46
226,35
274,54
149,77,148
84,32,148
154,70,101
124,217
108,64
154,190
108,193
193,186,191
200,9
152,134
2,101
213,101
86,21
215,114
84,101
19,139
284,55,20
143,231
197,144
19,294
280,275,28
226,101
160,129
241,201
15,148
325,20
44,180
170,295
231,20,201
32,37,108
145,176,291
244,217
114,143
264,291
263,37
58,42
130,223
202,275,200
302,89
288,260
124,20
131,179
20,186
108,64
174,36,124
291,43,224
232,149,45
186,189
64,213,312
235,186,291
118,138
219,216
75,202,134
215,272
82,40,184
285,180
219,227
312,145
150,108,123
19,114
213,313
226,89,140
129,101,89
78,110
108,111,204
112,137
312,225
44,163,154
108,44
240,275
291,19
263,223
269,279
148,191,148
290,71
111,289
84,217
189,275
108,20,124
302,217,148
54,302
84,108,250
15,185,298
257,249,164
84,257
102,124
168,232
232,54
302,237
79,63
149,31,193
40,143
37,84,213
150,179
124,102
135,13
141,183
160,108
69,281
232,260
39,210
284,199
134,260,301
225,215
316,86,217
216,15,295
111,204
101,49,56
231,82
213,161
102,83
271,35
40,87
253,315
55,225
31,221
111,275,275
38,201
219,54,171
124,102
166,299,152
143,230
269,193
272,82
86,89
89,224,224
19,20
17,230
193,35
237,110
28,55
21,111
31,49,180
270,224
201,183,37
108,292
302,124,201
312,219
102,191
68,36,216,152
180,98,312,108
178,121
108,85
41,212
200,32,89
55,282
196,217
161,219,235
123,44
150,213,64
131,148,135
196,224
121,305
184,60,154
184,156,19
308,300,154
143,87,267
3,191,108
180,111
108,200
298,55
75,217
216,101
110,302
202,124
243,78
108,204
152,29,84
108,219
54,78
36,161,300
32,110
287,161
151,218
32,308,253
312,134
87,214,285
52,213
19,15,62
224,143
315,290
89,146,274,308
241,96,31
13,226
154,87
249,168
84,89
154,54
285,84
22,243,54,225
77,319
49,124
199,213,254
129,124
99,311
143,49,42
291,245,124
64,248
111,296,255
111,184
154,15
89,302,203
296,55
233,84
122,291
52,69,114,269
298,300
231,154
265,196
77,272
96,22
294,108
253,148
204,149,187
79,230,165
189,49
112,108,20
315,135,83
140,46,151
55,213
3,231,51
82,208,143
88,201,278
303,126
19,319
302,101
114,316,60
313,279
193,291
111,224
240,141,124
201,73
231,75,75
175,40,171
95,49,125
124,135,154
36,258
295,201
193,134
208,280,11
54,108,312
138,302
288,155
107,300
217,40,122
111,185,39
116,141,316,296
49,272
69,264,154
248,108
39,224,46
131,213,51
63,260,135
253,57,232,28
114,40
36,232,103
143,274,302
313,112,236
218,213,80
196,296,231
161,48,282
152,101,300
240,154,183
183,269
152,281
256,143,75
143,173
248,64
291,312,102,124
108,285,196,272
135,193
70,226
116,20,44
253,105,31
79,141
213,295,215
151,299
23,201,32,55
275,110
288,62,110
2,36,226,11
212,58,302
275,108,55
64,54
7,189,148,232
299,193,219
231,202
24,196,252
96,269,84
152,4,143,219,19
193,89,219
27,202,63
75,20,164
93,276,110
148,77,89
36,204
215,313
219,285
135,36,257,69
225,261,233,86
20,63
260,101
45,122
63,78,152
77,275
58,316,101
254,212,70
170,64
114,78,112
240,232
204,183,196
213,316,101
215,253,219
213,154,311
312,27
108,36
39,225,215
101,191,89
275,46,193
263,101
185,101,300
231,180,288
161,75
153,224,243
52,211,78
239,86,62
275,62
143,45,125
191,25
121,230,302
217,311
20,281
298,84
36,300
10,299,300
44,295
257,124
46,312
101,49,242
226,69
211,13
101,317,83
84,310
291,97
224,196
29,150
20,269,217
143,201,32
87,50,99
86,159,291
269,310,265
231,232
136,143
126,35
101,272,189
237,191
79,271,55
217,40,86
275,226
55,282
269,295,87
108,68
87,44,126
225,111
226,217,185
111,28,149
231,215,292
231,108
134,185
111,213
148,124
284,325
75,282,201
191,303
159,256
300,98
4,42
291,154
200,62
108,191
151,52
28,263,89
89,231
20,98
152,296,265
101,111,232
108,302,134
41,200,35
197,225
111,124,124
36,36
44,36,69
111,217
52,46
282,286
44,241
135,64
45,171
221,290
291,9
208,102
40,68
186,265
114,75
275,201
108,197
10,37
218,137,309
161,149,270
201,248,213
118,186,76
263,254
36,299
19,23
278,215
54,215,206
55,36,124
37,64,232
36,310,131
208,248,315
84,123
231,258
170,311
25,123
134,256,148
215,108,218
285,143
191,52,193
170,121
124,78
54,79
253,107
99,107
225,201
208,201
208,313,238
112,170,143
208,152
287,154
225,108
193,217
68,20
135,81
196,37
253,275
55,55,19
295,35
154,294
201,55
36,325
97,186
89,98,89
75,270
272,51
32,137
37,143
233,232
226,75
217,269
313,108
52,50
21,134
272,308
221,111
208,70
145,124
242,215
275,36
72,23
191,110
183,225,7
170,44
110,311
294,62
143,87
294,50
84,226
86,225,282
131,232
201,201
302,201,70
302,84
213,291,178
300,55
103,146,219
224,84,101,257
273,325
108,262
20,313
300,124
299,84
40,292
311,99
84,180
320,221
110,108
136,24
45,241,232
322,193,70
231,111
300,10
86,170
202,31
275,219
151,201,75
288,134
101,110
135,161,193
285,312,144
265,311
110,280
86,101
143,104,241
260,261
196,302
161,46,217
243,213,82
52,325,273
187,44
191,215
46,55
18,111
206,78,64
161,140
196,122
291,111
312,143
20,269
251,49
262,312
44,181
75,219,70
213,149
224,75,162
191,226,310
108,152
96,106,215
310,201
40,111,281
49,101
213,312
270,177
111,221
280,112,121
103,75
64,42,44
28,70,108
275,183
151,142
110,19
57,262
253,143,145
180,148,190,288
70,65
225,275,79,225
298,178,129
213,31,302
159,260,201
110,86
202,84
321,136,52
36,275
280,70,260
202,87,46
79,260,129
64,62,186
19,33
55,111
248,251
202,219
50,159
111,20,316
143,99
40,134
124,75,110,319
108,93
20,170
102,213
168,36
124,272
154,55,221
112,1,112
134,114,154
124,137,232
183,277
162,108
282,221
148,108
114,31,154
183,240,190
84,111,224
124,275
208,4
208,201,19,269
32,183
302,143
213,87
19,123,226
79,20
10,240
265,152
296,189
193,194,44
280,291
260,275
291,84
70,168,242
111,231
36,155
44,275
108,40,36
189,79
135,289,36,291
291,124
141,217,179
152,101,111
320,189
274,236,23
272,300
241,23
84,217
55,110
201,143
19,303
84,111,183
224,120
141,111
204,299
243,211
20,272
316,201
154,298
154,96
144,321
49,173,71
84,182
257,143
81,189
33,240
89,50
112,295
230,17
303,70
250,112,129
86,69
207,79
43,240
291,80,306
108,52
148,108,298
122,208
300,111
302,31,302
223,292,229
19,312
70,312
302,148,224
213,127
275,186,291
275,101
44,111
78,123
266,291,253
186,47,191
143,68
168,218
52,114
131,290
110,325
235,193
148,28
257,111,162
213,225
55,20
213,108
291,86
298,317
235,3
227,15
82,213
129,99,189
193,272,44
161,50,114
99,299,123
311,143,108,290
143,31,253,291
315,33,225,108
33,19
40,231
89,232,36
64,168,189
19,185
26,101,188
225,215,146
82,180,217
208,78
111,302,63,54
154,111
159,241,89
30,121
124,298,208
278,193,225
132,84,201
215,33,162
220,143,149
35,41
236,52,119
108,134
295,69
253,231,81
219,132
263,303,276
89,28,137
280,280,134
146,209
86,68
289,143
148,20
154,316,143
302,143,124
265,52,139
208,154
260,223,226
254,143
292,124,232
99,291,170
170,233,232
300,295,213
103,68,240
40,317,114
132,324,34
64,193,39
289,282
108,272,64
120,31,219
296,168,23
20,232
152,217,206
308,101
303,226,113
167,62,124,284
291,302,194
64,235,84
202,95,225
191,64,248
159,215,108
296,55,152
289,141,152
20,299,43,302
19,62,44
233,36,223
86,244
110,315,123
171,20
299,50
20,198
108,108,298
23,78,55
1,161
99,99,273
261,31,54
295,302
124,148,90
184,312
232,289
19,69,36,231
123,31
129,208,225
75,46,101
241,49
189,226,154,84
129,189
264,186,43
223,185,190
194,62
191,112
229,84
233,232
125,154,49
90,225,291,44
295,124
213,54
234,55,70
221,108
256,253,200
208,142
36,215
133,84
108,31,40
215,65
124,178,173
148,19
25,132
190,251
196,54,213
52,87
75,52
111,291,89
183,110
75,266,23
261,204,55
308,151,46
290,193
99,319,275
78,64
87,235
75,33
231,256
136,177
154,168,228
210,225
303,89,101
49,298
86,89
75,135,232
131,204
245,78,215
248,36,243
232,217
150,291
191,149
135,154
202,261
217,75
70,112
211,201
55,143
39,168,70
154,29,232
152,243,284
260,108,53
152,191,298
302,101,225
170,290
217,275,162
201,70,180
163,70
197,143
300,231,108
17,5,10
143,302,216
37,168,124
325,197
70,8,20
98,295,298
20,112,168
79,111
110,21
218,131,99
300,50
224,51
170,62,309
180,231
219,225
95,124
184,108,75
217,280,52
68,226
186,20
298,152
265,108
162,313
140,44,87
122,49
185,143,279
201,84
226,148
292,232
124,291,271
284,219,105
79,75
84,84
272,149
114,224
179,318,183
179,120,189
193,124,152
232,201,312,148
124,235,231
285,23
112,261,191
108,112
261,46,302
70,84
221,139,291
111,240
63,64
161,123,313
63,110,225
36,68,232
51,112
185,114
298,296,64
262,232
124,311
112,213,215
143,183,253
201,231,213
299,213,49
291,87
40,55,36,240
131,50,34
242,272
161,231
219,32
245,124,226
201,173,124
233,219
122,111
152,135
152,218
201,52,21
36,84
78,208
134,42
111,55,241
149,101,191
134,216
82,223
312,300
291,224
231,301
274,51
260,241,201
125,198,293
193,19
280,295
20,188
217,55
319,43,213
275,108,44
275,274,275
108,20,108
275,227,219
108,44,215
53,155,325
302,280,4
184,124
9,302
300,78
298,114,310
101,46
232,187,70
36,280
300,70
202,291
302,269
193,213
140,70
299,148
86,49
310,140
170,226,282
154,52
36,196
23,302,284
213,240
268,311,216
63,132,224
19,161,298
123,143
131,262,284
193,187
260,308
64,288
170,223
215,230
224,213
232,134
68,318
31,44
40,32,52
110,285
63,54,20
66,183
90,46,295
233,305
108,193,111
232,52
299,2,312
263,84
101,315
64,213
124,52,225
302,215,122
212,183,288
186,86,276
300,191
276,316,187,111
285,89
233,78,49
111,152
46,259,124
108,143
236,289
299,219,154
143,213,124
122,232
20,154
110,177
108,84
98,291
25,185
114,129,282,302
183,232
191,135
110,111
78,18
282,294,215
280,68,232
111,108
141,84
20,124
94,20,183
204,70
64,112
149,55,75
220,148
154,125
170,70
137,54
280,134,20
290,58
43,38
302,284
226,108,64
124,295
86,300
232,303
91,216
129,154,311
201,68
81,112
131,33
171,225
111,69
204,269
52,19
84,124
202,193,63
184,203
233,36
68,254
20,297
110,134,225
269,284
131,19,52
295,223,215
109,98,232
51,46,253
185,225,87
36,161,224
55,12,277
257,261
219,257
99,284
280,111
236,131
302,46
251,233
231,261,231
291,86
20,217,155
173,58
253,274,44
232,64,44
217,44,50
219,138,19
311,20
54,205,215
300,315,136,84
20,177,84
217,213,52
125,46
208,298
7,226
39,245
308,254,84
282,231
193,114
49,99
213,31
204,217
232,91,193
231,17,232
219,82
40,284
143,44,235
64,36
215,241
242,208
213,101,124
217,311
20,52
202,313,191
89,108,111
325,275
191,84
170,295,161
154,119
302,224
219,51
101,180
148,108
31,124
143,25,118
240,155,135
285,75
280,52
136,232,293,145
217,178
202,110
193,206
73,217,161
124,36,260
20,101
204,308
11,215,237
280,301,86
108,240
55,231
152,313
54,186
221,219,275
261,295
311,202
112,40,20
161,84
84,260
64,265
31,260
291,68
226,75,291
226,78,301
164,57
211,50
4,251
17,54,226,235
19,254,274
52,68
46,19
78,225
253,262
270,173
78,64
120,63,124
111,143
150,188
231,36
260,86
89,193
55,295,235
20,36
150,84,52
224,313
126,161
32,170
321,302,119
148,119
236,202,75
52,300
108,215
121,124
19,284,124
253,226,224
157,111
20,202
264,265
84,89,272
248,143,167
277,245
226,275
290,145
34,90,302,291
79,235
75,225
148,84,22
68,135
269,143
233,84
232,218
77,164,123
263,81,81
143,58
225,70
51,170,261
141,36
226,312,111
148,55
216,25,4
183,236
154,102
124,124
15,50
70,108,70
201,300
40,70
302,210
143,110,62
119,87,75,93
138,201
232,226
33,44
274,185
108,295
49,302
37,124
272,152
204,124
62,101,81
108,75
272,275,52
154,226
98,245,300,183
185,302
231,16,189
86,302
89,124,275
151,312
290,64,149
223,148
64,152,96
183,124,318
298,70
223,275
190,236,232
197,75
20,148
78,213
152,55,84
298,287
99,122
42,191
155,260
275,124
36,190
292,275,226
101,199
81,225
24,77
35,219
75,260
315,312,317
275,225,183,213
143,44,58
204,291,78
19,183,196
114,279
154,308,125
313,215,168
36,264,194
36,302,29
322,75
75,281
135,168,312
253,300,37
91,62,197
291,224
199,224
302,55
154,235
84,294
253,68
55,136
135,90,213,134
310,82
292,4,202
217,196
279,154
37,46,232
124,101,124
84,168
216,224
46,243
291,124
27,27
305,185,36
20,262,300
193,84,78
36,168,224,101
303,94,84,231
46,289
236,148
262,232
303,3
139,40
90,213,36
79,52,180
101,291,143
201,217,124
291,292,49
161,317
98,120,108
233,70
154,20
36,280,291
254,223
20,102
284,149,161
143,208,125
230,68,112
316,151,279
252,187,266
64,93
299,215
232,261
298,2
294,49
191,15
253,86
124,99,122
289,31,70
84,75
20,269
70,213
219,19,104
206,243
241,299
206,134
292,193
300,141
111,300
49,183,161
191,24
204,293,70
191,213
200,112,198
251,143,101
311,170
201,146
99,289
300,84
4,44
20,84
226,291
217,300,84
284,190,212
75,196
218,39
64,154,232
84,36
292,69
148,44
224,148
193,154
75,108
231,201,39
183,70,296
112,151
215,300
224,232
162,145
84,213
269,231
300,31,129
191,313,160
148,183,20
22,168
213,141,20
281,84
124,68
219,68
55,263,291
193,230
224,300,75
148,82
217,108
226,314,183
225,223
19,306
289,219
108,219,265
289,173
101,215
302,36
318,112,146
75,238,44
282,152,70
63,253,78
156,280,36
253,70,193,231
114,162
163,308
148,282,264
313,248,295
274,295
233,70,260
61,64
218,145,259
256,215,260
173,152
108,232,36
114,229
69,66,213
79,45
114,226,36
201,260,300
175,84,64,242
215,84,296
62,70
265,124
96,193
43,232
319,112
245,289
226,30
139,303
291,20
250,291
225,292
149,289,111
178,111
143,52
89,162,269
292,25,137,114
124,232
204,131,161
325,223
232,253
114,50,121
134,164,152
291,57
184,274,302,292
213,121,285
302,232
75,215
89,16,64
225,108
292,178,49,96
311,312,287
225,291
309,243,219
275,233
280,168
302,193
111,111
221,201
84,27
132,108,63,232
108,136,180
159,46
180,108
101,108
49,211,111
312,114
302,315,180
75,208
165,187
185,295,20
230,295,193
217,316,31,302
17,54,262
226,204,29
303,213,55,187
125,291,89
289,298,165
321,55,136
108,193
143,12,184
279,280,70
143,52
127,19
184,213
70,111
33,223,300
62,23
173,29,75
4,219,70
217,27
15,298
54,20
295,70,51
126,296
217,275,264
143,229,154
87,184,178
291,16
199,263
31,108,44
275,40
78,148,104
279,252,302
225,168
178,312,219
231,139
20,185
140,275,219
119,136,232
39,161,191
178,22,124
217,68
221,299
125,44
275,70,249
315,87
99,316
108,108
20,183
137,275
284,229
150,62,296
79,291
84,111,201
55,101,312
219,19
201,84
229,101
168,296
309,212
285,151
260,161,20
213,124
44,215
44,292
250,36
37,55,302
54,20,219
136,302
66,257,263
322,303
213,148,245
164,39
138,180
312,208,219
201,300
291,235
275,279
303,226
282,149,55
303,302
233,197
230,308
45,183,108
101,55
267,86
114,152
295,222
311,217,155
75,185
90,186
295,34
154,291
149,201
213,89
36,274
108,226
108,213
93,48
303,19
20,152
55,11
189,291
292,236,180
184,291
121,267
265,100
42,84,241
312,260,212
303,52
44,111,217
124,20
23,55
217,320
70,284
193,108,116
149,302
217,124
235,312
198,148
84,215
55,302
303,84
298,152
23,124,262
185,137,232
123,248,123
110,321
44,122
46,272,36
321,10,260
275,229,133
191,191,156
111,20
217,224,108
298,48
45,185
291,143
59,87
89,224
291,201
36,302,150
78,300,300
231,292
44,275
231,146
213,300,96
55,110
37,112
201,232
212,154
19,7
291,58
114,263
51,20,230
193,302,231
70,63,124
278,112,10
20,101,4
202,193
270,55
186,178
152,306
222,36
275,322
193,252,302
308,302
20,312
260,284,285
79,19,30
143,101
254,191,52
269,56,143
120,211,20
37,95,124
300,89
40,123,217
131,135
122,111
43,20
36,257,264
215,63
280,55
295,108,291
129,313
322,20,196
124,137,219
235,75,126
204,236,300
301,75
36,89,99
64,243
152,111,215
215,194
108,222
124,159
143,173,291
203,197
84,44,79
295,231
208,84
112,63
32,216
64,224
29,221
264,200
226,84
145,312
89,108
124,40
295,108
54,252
145,242,209
70,32
307,178
108,302
19,322
36,51
55,31,198
265,318
20,313
298,226
75,39
89,285,44
280,213,122
84,278
121,289
201,119,302
178,247
312,165,143
49,79
159,50
280,189
77,316
84,63
313,146,37
44,124
124,312
118,232
202,168
79,148
87,233
226,138,280
84,299
280,89,70
308,215,294
216,302,296
20,298
150,96,133
28,75
217,225
20,280,263
4,49
216,40
213,38
270,196
217,41
215,267
99,270
275,191
121,281
252,70
55,168
201,213
143,20,285
188,39
213,201
302,92,124
68,224
232,75
148,206,191
108,31
135,53,290
291,232
149,253,274
253,162
138,84,274
184,225
96,291,145
143,143,298
184,143,285
25,253
89,10,180
200,20
298,101,225
193,23,78
218,111,183
196,140
44,215
291,232
36,291,108
263,113
300,149
82,19
111,244
29,272,238
70,184
240,224,240
116,236,236
40,302,68
53,243
146,96
46,211,154
19,98,282
213,172
111,84
10,31
64,108
232,89,243
108,193
298,215,320
224,64
101,101
141,215
84,302
79,40
285,321
202,52
112,183
51,312
31,299
197,108
52,40,185
180,201
226,49,292
291,302
101,186
64,25
110,223
55,10
136,108
131,58
186,135
112,63,232
29,303
154,121
215,224,54
108,101
120,187
72,40
191,89
213,108
219,285,108
130,291
126,306
277,31
58,217
256,19
49,306
226,154,58
291,225
291,143
69,300
62,143,112
20,46
204,55,302
284,75
215,223
139,125
110,70
161,215
23,326
161,148
106,225
99,196
161,185,78
70,89,291
197,91,183
185,217
233,39
241,139
84,75
251,155
111,20
267,170
143,145
253,275
215,75
302,216
179,194
86,58
284,87,81
