73,89
16,48
68,50,81,79
57,62,25,23,74,43,105,99,19,26,43,57
40,34
78,68,58
16,78
69,7
21,11
105,57
88,1
60,11,74,110,56
20,39
6,121
132,74,59,91,20,114
8,14
86,105
97,44
106,86
58,18
67,108
55,43
9,40
89,16
14,81,77
76,25,79
11,12
50,74
4,97,101
36,23,13
15,59
84,103
22,70,74
115,55,55,44,12,48
49,117,95
63,25
9,94,15,20
20,97
25,74,114,35,33,20,21,109,63
96,24
86,49,120
19,102,66,29
3,43
69,66,66,23,62,78,20,14,64,51,2,18,68
26,34,28
6,29,21,42
115,55,17
19,3
3,100
51,11,62
23,90
14,14
81,1
62,98
122,20,69
20,73
74,96,129
35,26
19,106
20,16
22,21
28,119
36,31,35,61,77,52,44,130,106,34
35,51
25,55,55
20,34
67,17,18
121,15
121,4
15,69
134,68
11,20,93
114,29,115,60,21
21,43
7,71
8,142,61,6,102
14,69,85,89,25
140,63
74,54,100,20,58,89
48,105
102,119
3,53
89,37,74,71,35,100
74,97
74,97
62,89
131,38,115
136,14
141,114
56,85
58,124
36,59
20,78
10,104
57,44
6,90,93,11,90,102,55
10,109
12,60,24
68,21,88
86,124
98,111
37,46,34
24,135
4,89
71,66
69,17
7,74
74,17
33,51,59
43,54,60,46,9
51,35,53
5,122,45
83,19,3
1,108
17,3,122
58,16,63
11,22
135,67
96,46
20,30
20,104
55,33
109,77
3,71
98,40
21,100,49
74,24
28,6,12,57,20,98
25,119
81,34,35
136,39
64,122
70,126,20
20,68,26
130,43,15
59,84,82,66
106,29,15
22,71
45,139
6,21,83,11
58,43
68,55
14,74,114,97
63,24
84,24,90
6,15
24,53
31,23,46
90,19,49
12,29
16,120,24,101,118,95
102,30,23
49,10
21,11
25,11
43,20,108,20
111,55,60
4,106
68,27
91,20,39
1,8
34,132,23
74,26
38,38
60,50,9,55
120,71
88,63,118,111
103,120
11,21
1,118
38,67
62,23
2,19
29,58,8
1,43
56,89
43,51
54,26
43,20,74
1,16
90,19
35,40
5,139
118,83,134,70
105,10
43,5
4,66,105,142
19,20
65,70,63
122,100
74,8
10,20,90,29,53
23,106,141
106,67,66,38
90,104
68,43
105,24,76
73,85,88,29
98,90
69,26
36,95,43,76,66,91
26,29
130,43
110,42
3,31
2,13
38,141
30,49
39,93
115,126,84
44,137
43,40
34,8
2,30
46,62
69,69
18,35
84,6
44,68
29,106
78,43
93,11
82,25
58,74
119,19,11,83
97,14
19,58,39
22,25,74,112,142
95,4
34,90,29,17,97,92,81,34
24,43,19
30,121,92,55
16,55
79,114,105,27
51,3
95,60
31,23
88,31,68
44,30,10,106,90,71,70,73
91,106,84
31,111
63,8
43,30
71,113,43
92,74,42
114,78,74,97
3,122
81,23,34
13,20,124
44,6
2,100
23,4
19,35
61,35
20,53
68,16
61,84
8,70,11,63,81,29,80
60,56
138,3
56,29
21,11
3,82
30,18,18,65
1,27,15,3,15,110,87,74,44,68,1
80,26,91,18
12,20,118,43
26,62,95
101,87,110
74,24,49
65,16,72
69,11,98,15,126,95
2,49
39,108,86
130,43,73
129,71
58,1
121,2
76,48
27,74,60,6
34,34,65
74,38
63,79
90,19
6,15
43,106,136
62,11,55
45,20
54,8,99
51,109,90,17,35
38,55,74,3,3,37,25
141,97
90,100,57,48
120,124,76
20,63
9,15
6,10,55
114,19
2,9,102
44,77
16,139,23,51,29,19
17,31
62,138,71
55,111
46,6,33
23,85
56,75
58,106,131
138,58
56,74,126,44,10
63,35
38,74
23,109
11,4,109,134,84,38
133,90
73,74
6,55
31,13,36,24,58,4,11,68,53
77,39
139,106,88,19,51,19,19,68,80,29
127,3,63
35,63,86,60,1
111,131
45,7,58
74,54
24,24
31,1,23,21
40,26
25,62
92,83,96,6
132,15
3,26,15,7,74,16,35,90
58,61
36,104,77
24,18,21,8,1
80,74,73
60,78,63,22
46,21
66,48,6
43,55,120,55,35,92,93,84,97,58
31,23
26,15
24,2,26
8,11
58,23,3
124,97
70,141,1,102,39
51,58
81,63,68
1,63
20,110
74,55
97,19
53,53,82,15
26,100
19,18,43,12,63,68
5,20,2,43
11,88,85
44,139
130,89
63,50,11
114,16,25
29,53,23,34,97,12,16,22,102,6,14,5
29,23,133,21,97,100,74,109
11,6
90,60
85,15
42,68,76,20,81
49,70,83
121,119,16,18
136,46,55,1
33,119
109,17
58,17
12,20,56
15,11
32,24
8,11,60
57,11
51,75
60,69,126,80,83
74,2
6,71
90,57,63,30
122,4
102,25
3,24,3
51,9,110,35
19,129,74,83
36,78,68
23,15
38,56,130
106,8,44,127
3,4
100,16,12
19,14
1,115
12,74,119,126,57,86
7,77,89,26
114,10
58,56
89,13
127,6,84,25,58,68
4,79
141,105,91
12,29
38,120,38,62
76,11,15,116,7
80,44
56,138
123,100,34
71,44
139,29,20
78,20
11,53
43,33
71,4,107,21,12
74,73,84,1,87,56,29
68,6
43,88
34,20
130,97
27,18,53,15
131,130
70,79
20,26
26,67
110,19
78,70,34,12
53,132
3,33,40
20,43
1,82,23
18,93,65
73,35
90,137
46,53,140
53,63
90,26,63
10,1
105,109
63,11
46,68
21,29,21
89,102
100,19
106,58
21,74
128,29,23,58,74,106,23
75,67
57,104
29,57,34
26,88,51
45,101,51,125,1,18,44,97,29,34
55,88
68,69,8,68,42
82,135
88,67
95,68
20,67,5
109,26,106,126,53,68,51
13,37
78,53,63
44,4
25,23
12,25,12
23,6
63,81
84,2,48,44,1
20,38
15,25,1,90
42,86
18,23,43,87,27,7
42,130,51
128,59,58,9
19,95,25,58,118,35,124
11,34,93
100,26,61
83,20,84
26,118
16,104
111,21
46,49,16,12,104,82,1,16,58,55
70,35
43,91
27,29
74,17,135
77,138,62,43,56,135,12,58,74,58,38,48
85,54,106
102,90,14,74
125,51
109,69
63,74
126,12
17,83
14,63,109
39,49,80
85,19
115,84
27,16,100
55,20,110,2
1,107
39,103,68,116,114,54,128,100,63,31
130,24,106
54,58
12,104,90
23,17,20,25
29,11,63,9,100
83,16,1,11
76,106,43
77,23
75,121,54
110,57,124,88,58,5,6
74,71,13,29,19,6
4,22,114
8,35,14,76
121,84,135
58,28
43,12,88
82,54
90,58,63,4,136
74,16,114,77
56,95,114,141
39,27,122,135
77,23,54,27,74
75,85,68,56
59,26
4,26
19,24
124,54,6
2,24,57,135
20,35,16,98
127,67,6,23
114,137,125
35,31,73,74,31,8,12,76,39,98,142,110,15,21,120,12
61,1
39,49
20,111,118,89,56,74,130,90
134,59,63,72
55,59
78,3
97,29
1,84
91,20
21,26
25,27,55,118
90,8
11,63
58,11
14,3
20,12
44,62
8,101
120,3
129,69
97,15
26,46
118,19,89,1,19
4,67
24,60,58
20,77,39,29
105,47,36,122
59,29,58
85,20
69,26
18,25
72,74
22,70
100,19
69,20
86,74,97
119,33,18
74,11
19,139
82,51,35
5,98
31,77,11,44
42,81,35
12,12,20,114,60
55,91
36,97
106,25,65
61,40,36
74,102
5,89,39,130
70,71,6,22,39,13,140
55,54,63
8,58
51,3,24
121,104,5,65,57
110,106
53,56
26,106,58
26,26
139,15
35,23
23,8,43
55,97,6
122,25
55,90,20,20
62,63
25,58,53
74,12
35,66,136,55,59,31
20,74
74,19
21,99
69,70,61
33,62
22,21,12
90,21
22,29,19,128,32,62,97,69,106,71,126,102,38,58,86,39
66,58
69,63
16,35,97
21,78
105,57,112
15,55,23
112,65
57,35
25,55
70,30
63,18
6,76
24,139
18,44,68,23,120
24,108,25
60,97,9,1
97,11,74,58,92
63,26
29,22
26,85,73,9,21,15
34,20,35
100,74
51,68,55,1
8,88,29,37,121
20,62,43,36,3,18,57,54,4
6,16
16,20,8,21,2,24,25,115,69,24
110,74,97,26,23
89,44
76,74,127
61,49
36,35
107,31,43,115,34,109
135,74
11,18
3,104
119,25,129,52,53,12,81,106
77,49,121
16,12,29,82,9,97,58
55,74,5
49,68,68,4,69
74,2
14,56,16,25,19,76,1,50
40,110,90
65,58
26,88
45,18
22,25,25
15,53,53
26,87,55
20,23,35,97
55,43,54
37,20,79,3,9,12
63,48
42,93
48,11,1,6,22,24,93,142
31,101,83
21,6,35,58,3,4
46,9,101
27,26
11,4
7,63
73,8,63,43,18
78,49
126,41,67
16,86
33,58
109,16,74,122,85,55
1,3,83,111,43
57,6,62,65,67
32,18,102,68
15,15
124,11,104,12,43,119,74
58,6,35,57,19,3,38
44,122
84,9,5,38,3
14,15,90,58,102,127
43,5
29,36
1,1
35,70,19,91,1,58,3
2,27
105,30,34
84,36
62,97,45,118
43,26,45
2,112,39
43,10,27,44,25,89
90,6
44,11,22
74,22,119,36
17,19,90
57,14
27,78
2,110
89,3,69
6,20
16,69
124,70,10,11,63,27,86,1,71
21,24
52,74,69,16
70,2,8,7,98,141,17,13,116,37,24,125,97
45,51,12
70,124
38,38
96,55
7,106,10,97,29
86,118,80,90,21,2,70,90
11,29
74,74
12,5,14,11,4
3,58,83
24,31,26,20
26,71
25,51,84,9
128,43,70
38,119,3
18,70,106,28,96,110,46,7,102,11,20,6
25,58,91
12,78
18,71
90,51,16
100,114
24,49,78
53,97,22,1,29
106,44,57,8
4,39
69,99
103,35
90,21,129
130,36
74,111
74,5
63,26,1,74,29,65
8,23
113,132,24,24
89,64,5
136,36,118
68,16
54,20
34,34
68,8,55,23
99,102,27,24,112,93,115,88,69,57,20,69
96,97,19
29,34
67,83
58,74,57,77
63,102,20
43,54,57
73,35
118,4,91,18
53,43,1,23
74,53
11,19,74
10,11
117,22
56,139,69
87,57
61,44
12,74
88,42
88,90,14,136
84,16,4,66
55,60
84,36
42,11
15,35
71,51,74,63
4,141
106,135
111,24
23,43
60,81
140,38
1,2
86,3
8,57,33,19,84,46,69,75,32,1
12,55,88,9
1,44,17
45,34
63,24,25,25
111,25,87
50,8
91,43
22,131,28
63,73
69,21,63,6
87,62
97,24,57,12,95,3,62,98,89,115
84,1
142,60
62,49,18
111,2
97,49,67
15,17,33
15,4
63,22,51,20,55
28,90
43,16
64,9,51
57,110
14,69,31,88
56,32
20,35,123
105,13
96,12,39
14,36,119,74,10,8,12
6,39,60,80
86,142,77
23,12
54,4
45,66,74,16,46,82
7,2,76
84,31,21,94
12,40
97,58,74,44
5,104
1,82
12,54,43
43,45
34,4,29
44,69,55
73,23,53
57,29
63,122,45,141
136,30,24,12,97,91,4
82,37,58,42,15,26,29
18,7,70
11,42
40,46
58,6,28
29,35
29,23,89,55,29,66,54,110
95,25,45
57,20
21,4
97,20,97,46,19,43,110
39,68
100,74
12,44,6,15,25,95,119
23,27,122,2
46,17
11,106,29,21,87,1,36,86,114,38,73,84
22,104
13,24
11,14
96,15,119
84,104
87,11,74
42,46
63,23,69,74,26,26,16,24,70,10,37,2,33,54,44,26,29,2
26,98
25,45
104,73
29,19,122
1,5
118,100
43,38,5,20,16,58,91,46
84,62,101
6,59
105,104
61,44
11,38
44,74
44,88
131,107
6,17
5,97,56
80,15
15,100
89,142
43,63
22,58
24,122
63,31
90,17
57,51,124
71,85,78
101,124,103,97,90
23,25
12,4
29,14,34,10
10,105
85,39,61
20,29,62,63
23,89
53,130
86,12,6,34
97,102
7,43
95,24
12,62
5,27,6,10
77,55
83,74
95,23,90,124
38,58
15,68,51
128,35
56,55
1,74,2,111,12,18
51,26,93
40,43
71,69
62,34,40
56,90,55
63,29
22,74,54,2,128,44
140,66,66
29,2,83,9,82,49,104
73,115,23,87
70,91
11,79,62
27,22
133,96,102,26,83,66,73,15,13,97,68
90,81,15,55,17,63
115,101
40,102
64,98,64,111,7,66,89,122,58,68,26
34,69
8,81
62,24
100,43
49,16,20
53,2
29,2,39
43,3
139,4
121,14,4,98,118,16,69
129,4,3,1,113,55,44
36,86,58
24,100
24,100
139,74
63,42,96
2,86
74,77,7
36,81
32,16,63
2,22,78
101,7
85,18
69,25
53,73,78
53,34
124,23
3,124
25,90
130,97
15,133
36,43
90,15,49
13,3,63
27,57,34,43,96,98
90,60,12,141,74
97,42,38
89,24,2
53,77,60,58,74,18,48,21
35,44
43,89
110,86
107,38
27,79,4,112,30
17,22,16,3
97,28
132,12
58,33,88,21
75,63
139,47
66,82,43
26,20
7,99
40,11,24
90,20,12
50,16
8,77,29
34,2,16
120,74
23,90
27,16
44,83
115,106
110,90
42,81,99,66,15,74
27,26,67
51,20
60,58,44
15,68,67
27,88
90,122
6,86
18,18
114,76
6,30,25,46,22,87,62
34,48
58,141
19,34
63,60
33,104
39,7
124,106
69,27
40,58
55,1
35,25,58,91
23,131
24,3
12,23
106,11
70,33,42
74,27,61
27,54
53,22
122,16
83,29
60,95
13,11,45
25,69
31,63
83,6
22,63
58,17
87,118
20,24
21,47
62,44,17,24,27,17,74,29
22,84,115,40,26
70,70,106
102,66
137,85
44,4
11,68,1,15
33,79
57,69
8,74,43,53
11,126,3,21,12
63,78,98
79,9
26,117,69,124,60,20
29,11
120,55,15
129,105
106,25,55,8,97,88,12,14
126,9
123,5
58,26,134,35
58,63
44,44
47,82,8,71,46,17,27,1
54,79
127,11
77,63,2,20,8,78,26
63,16
121,24
58,47,87,84,29
21,39
78,10,54,36
54,44,90,22,25,55,11,90,60,7,90,42,12,15,74
95,9,10,19,134,105,83,6
9,31
109,51
62,13
60,33,12,33,5,22
27,71,12
11,30,125,90,64,23,111,45,5,100,63
74,120
135,35,34,21
20,12,74,128,12,75,90,85,71,31,27
35,42
63,19
94,26
25,106
110,106,122,68,69,16
63,70,47,21
78,36,44
124,54,19,120,21
23,24
63,76
56,19,39
25,33,24
88,14,6,15,62,33
118,84,4,19,63,29,68,57,74,80,60,33,10,25,74,3,23,30,81,74,124,12,46,25,14,42,75,114,51,21,133,63,68,40,77,114,96
136,126,7
13,94
39,54,55,2,56,31,24,44,39,122,141,55,77
120,74
7,36,80,129,9,20,44,11
97,34
35,61
42,63
12,12
39,68,82
23,26
10,23
63,32,20
21,57,31
74,86
26,15,2,44
68,27,55
24,22
74,97,80
103,83,45
51,122,47,64,57,43
42,59
56,62,48,99,43,43,90
92,25
71,100,111
106,100
89,70
6,20
55,63
13,141,54,23
62,89
23,74,104
3,9
37,13,110,125
67,3,34
74,124,124,78,15,69
118,92,76
28,10,63
13,112,60
12,10
62,64,31
47,58
20,20
69,30
62,118,7,55,74,24,71,92,104,3,104
5,61
86,58
74,15
84,82,111
31,11
21,50
74,58
139,105,40
74,97,92,24
34,3
40,59
63,34
44,2,131
70,30
12,12,48,55,19
10,121,46
69,6,68,80,21,88,6
112,95
23,24,43
124,43
7,105,17,84,119
104,130
69,6
69,88
74,84,12,18,74,19,10
90,24,74
20,40
97,30
106,140,51,6,30
19,43
62,10,55,115,36,26,62,130,44,7
17,124
58,55,29,17,46,56,25,18,22,53,25,29,73,89,138,6,18,22,45,73,90,103,3,106,90,86,90,27,20,29,15,24,54,48,39,125
3,25,4
63,45
102,84
63,5,34
1,23
58,12,17,58,18,14,8,90,63
55,57
25,12
51,90,16,80,39
77,73,55,23,126,53
36,4
34,51,51,18,105
50,76,54
5,38
22,58,129
126,1,20,8,86,68,19,90,2,112,84,102,74,34,101,126,66,15
11,55
119,110
88,131
34,6
45,79,124
12,81,26,97,25
11,74,20
5,77,20,3
63,23
83,19
22,67,20
2,58,34
23,28
34,26
26,30,64,130
26,44
17,6,24,68,56,78
68,43,83,39
46,48,80,12
102,55,77
19,63
97,43
74,23
30,19
20,63,3,77
96,74
10,26,22,19,14
106,62
123,36,42
90,90
86,62,31
24,69
119,54
44,46
55,11,98,62
88,4,74
18,101
33,130
121,22,12,55
44,70
44,106,63
83,68,20,22,55,108,69,4,4
66,18
35,35,31
86,43,22
90,42,36
26,55
63,27,69,3
49,110
72,130
58,82,24,29,74
101,11,28,87,29
16,29
18,24
21,14
119,4
70,18,88
34,90,9
8,55,19
19,12
46,3
33,53
120,21,2,43
55,57,95
6,4
25,89
57,23
90,12,30
6,100,70
29,74
73,7
77,25,12
38,58,71,70,31,35
34,130,21,55,16,19,94,6,3,67,43,74
5,95,16
83,122
105,68,21
126,21,21,109
58,6
76,142
73,62
44,58,8
22,19,21
21,69
141,33
27,1,6,11
29,27
63,70,11
124,50,23
49,51
48,19,20
86,55
120,63,99
12,62
63,13
65,86
4,111
58,43
71,23,74
74,11
22,68
11,74,107,77
45,74
38,74
61,4,110,100
91,83,107,55
54,51
86,13
12,69
35,74,11,138
23,70
18,14,58,15,62
34,8
58,1
2,74,49,8,141,39,22,83
35,110,48,90,122,95,46,80
95,5
25,55,59,130,25
45,6
51,58
20,91,74,53,12,56
83,25
84,32,118
104,63
58,53
26,74,13,22
78,20
2,81,32
20,101
86,20,35
74,7,1,84
2,44,90,21,1
4,35,46,32
66,90
21,15
29,74,9,4
60,9
71,73
21,24
17,50,138
130,66,4
66,79,85,82,28
95,104,69
6,15,16,62
2,84
11,23,83,89
74,12
14,106
66,55
119,4
88,27
57,104
133,83
25,88
21,46
100,46,15,29
135,77
24,33,142,13,31,40,20,7,95,33
20,122
42,15
23,80
20,40
114,131,2
63,69
35,63,59,80
85,69
90,10
4,99,43
11,63
118,20,110
44,63,21,60
90,26
26,8
26,96
54,29
24,11
61,83
8,4,11
55,93
29,28
97,80,34
48,68,103
127,12,100,39,55,44
74,48
43,25
20,24,14
54,17
23,106,61,74,16
140,124,57,82,22,14,24,74
39,55,18,2,63,10,13,54
66,13
55,34,53
63,27,46
51,36
98,119
46,12,7,67,18
20,74,106,93
77,71
29,9
4,44
3,29,25,23,44,1
58,61
8,129
11,46,142,18
110,31
7,139
43,63,4
78,15,39
114,20
46,49,10,16
74,38
110,39,98,4,56
57,44,22
79,46,53
40,4,31
23,96,14,58
97,74,25
29,139
15,24
53,46
54,22,20
53,62
11,79
26,90
93,75
23,85
75,30,21,36,135,15,73
26,33
110,33,19
21,55
66,40
51,76
55,58,80,35
16,65
58,111,17,63,1,19,44,105
90,73,58
111,133,63,104
26,21
111,23,39,20
58,8
121,35,21,23
122,69
110,57
25,55
19,63,70
11,22
86,78
107,83
43,110
1,2,120
2,109
42,51,13,44,29
31,63,44,12,46
130,74,12
79,69,90,139
21,52
20,128,85
38,58,24
120,83
44,44,115,3,106
26,49
120,60
132,58
53,105
51,19,63,133,46,33
86,18
54,85,46
3,122,39
14,60
2,60
55,46
