0,1
2,3,4,5,6,7
8,9
10,2,11
12,13,14
15,16
17,18
19,20
21,22,23,24,25,26,27
10,28,29
30,31,10,32,33
34,21,26
35,4,36
37,38
39,40,41,42,20
40,17
24,43
44,45,46,41,47,39
13,48,49,50,51,52
53,26
17,54
45,55
56,39
56,57,58,18,39
50,51,8
15,59
60,61,62
18,63,64,17
23,43
9,65
48,14,66,51,13,67
68,50,69
70,49,9
13,14
28,71,6,32
70,62,52,49,61
35,29,72
39,45,64
73,74
50,8,48,49
70,62,9
9,69
36,6
3,4
75,23
62,76,70,50,77,66
78,79,80
78,68,9
48,14
81,65,50,12
53,26,23
76,67,51
82,30,31,35,10,2,83,5
29,84,28
37,85,43
50,14,51
47,86,56,46,87,17,64
64,56,20
88,4
43,75,23
42,18,45
89,87,90,74
91,88,36
58,92
4,36,2,29
93,84
21,27
25,94,21
27,37,43,95
33,31
82,93
96,97
14,13,48,98
89,74
85,34,25,37
24,38,43,22
21,99
87,54
99,43
7,91,72,84,100,71,29
66,65,12
101,23,43,102
30,7
5,4
93,103,3,10,32,104,36,88,35,28,6,29,4,72,33,84
3,29
45,19,39
103,7
18,17
22,53
50,96,49,61,9,70,67,13,78
74,105
23,0,16
25,26
5,3
57,64,47,58
20,19
37,27,75,26,53,0,43,16,85,99,106,24,107,21,23,25,101,108
46,39
78,62
93,35
42,17
72,32,29
109,85,43,15
63,18
81,66,77
39,46,110,55,18,44
66,14,51,61,76,67,9,70,13
8,49,52
13,60
29,6,32
84,111,7
59,15
99,64,2,75
44,39
40,17,19,87
66,14
12,66,50
2,35
44,57
70,62
112,77
13,78,68
42,44
65,13,97,48,76,49,9
50,49
113,81
52,9
113,70
15,16
70,60,76
114,67,98
67,85
57,64
6,71,100
36,10,30
27,43
17,90
38,16
33,2
67,77,79,13,76,70
23,34
17,74
43,16
25,27,16
59,94
38,53,26,37
46,115
66,50
37,116,94,108
71,93
100,29,33,32,117,2
47,118
70,76
94,24,26
20,90
1,85,16,34
10,5,119,31
84,29
105,56
6,93
51,77,65,69
57,120
19,64
90,20,87,74,58
35,36
33,30
98,96
31,7,121
7,5
75,43
108,37
52,122
85,99
98,52,70
7,2,3,28,5,117
87,58
78,49
31,11
61,13
15,53,27
82,36,3
66,78,81
20,115,44,19,46
70,78
85,16,27
34,22,26,116
36,35
67,13
10,30
87,64
21,15
12,66,96
54,45,87
69,13
21,94
44,123,63
43,23,53
2,11
31,29
45,42,19,90
72,93
61,70
66,50,67,96,124,51
113,65
17,125,74,55,45,46,73,63,90,44,54
14,67
13,126
16,94,108
40,18,63
51,69,67
56,40
18,46,41
46,127
5,10,121,100
89,42
18,57
120,74
74,128,57
41,45,47,56,44,90
13,62,50
114,9,8,50
105,87
103,28,129
70,113,114
16,85
51,21
31,119
24,23,43,130,26,75
1,75,85
17,63,74
32,72
64,110,20
40,20,45
17,128,87,42
5,2
4,103,82,32,6
98,66
37,131,15,95
23,34
65,70,9,48,78,12,14,49
115,90
109,106
123,42,87
105,86
3,11
132,53,21,95,94,85,25,59,99,26,43,16
44,120
48,69
67,35,44
65,114
5,84
37,16
133,24,23,22,101,25,21,75,34
21,85
78,50
128,20
110,18
87,54,128
19,110
44,45
49,60
87,39
134,33
10,29
85,37
70,49,13
25,43
25,26
67,96,48
135,85
91,36,71,7,32,11,28,117,10,29,4,103,6
52,50
15,16,27,23,43
56,17,87
106,132
28,84
42,57
19,87
134,31,82,30
128,63
128,45,89,90,54
9,52
124,67
78,52
94,85,37
133,25
30,103,84,91,36,4,121
15,25
36,2
78,124
66,114,76,48,52
51,48,96
49,98,13
15,94,1
111,28
103,11
9,67
59,27
30,36,129,103,3
96,70
0,1,99,23
19,17
7,93
40,87
25,26,23
74,90
90,84
50,51
11,30
27,34,75
18,46
44,90
0,24
40,92,115
16,59
25,43
56,20
63,42
6,29
47,45,39
12,67
62,76
64,55,56
62,12
63,87
45,58
75,21
8,96
31,35
43,25
98,70,62
25,94
87,18
103,7
75,99
75,136,25
7,88,119,31,103
17,63
44,87,46,63
87,74,40
114,113,8,60,9
16,23
26,23
49,96,48
17,125,20,74
31,3
9,49
32,103
137,70
122,52,138,48,12,66,70,13
9,52
18,110
33,36,35
25,16
76,13,66
49,66,52
23,25
23,43
91,3
9,68,8,70,49
116,25
49,70
93,32
111,2
62,113
78,62,80,60
103,4
35,10
3,2
96,138,67,60,70,9,122,52
45,128
109,85
29,84,139
108,37,16,1,15,0,109,85
94,16,27,133
48,62,70,76
64,90,41,20,128,17
136,0
4,10
67,66,98
70,65
95,37
98,13
61,96,9
38,16
17,54,87
94,15
29,28,103,84,93,32
6,11
96,51
50,13
7,10
30,88,3
66,96
32,7,29
67,65
9,8
131,16
35,30,10,33
15,59
70,76,9,50,60
96,124,50,13
70,76
68,60
90,41
104,10
61,76
50,139,9
101,25
63,17,64
49,97
67,70
128,105
87,41
81,50
14,52
33,103,32,121,5,10,7,6,28,30,31,134,29,104,84,83
53,26
46,56,118,55,105,18,90,39,110,45
0,75,85,26,27
14,66,50
28,134
140,39,44,90
50,13
26,23
70,9
9,76
60,49
35,104
71,119,11
55,74,87,20
57,127,18
70,77,49,81
44,57,46,45
17,110,63
2,29
33,10,119
103,28,71
29,4
65,67
99,16
54,46
15,94,109,50,60,77,67,68,52,108,95,14,70,113,23,65,75,96,0,106,53,85,61,13,22,124,78,112,66,9,16,37,25,51,26,43,98
126,96,48,50,51
49,70,78
10,6,28
67,48
61,96
90,64
87,40
56,19,63,64,18,41,42,55,20,127,90,87
90,58
75,25
70,124,61
46,87,41,63
78,49
64,39
134,36,2
10,2
54,73,42,20,87,63,17,64
27,25
109,26
74,42
43,75,37,1,34
29,7
76,48
16,101
0,37
39,87,90
35,84,29,10,7,11,28,91,32
44,45
31,4
88,103
9,114
50,13
76,81
30,10
43,26,27,34
41,19
26,43
51,98
6,104
23,43
28,36,129,33,10,134,119,104
45,55
78,68,62,50,52
0,130
64,89,45,90,18,44,19
41,39,18,44
57,140
61,113,70
67,126,62,51
9,52,61,70,76,49
45,57
41,18
39,118,45,56,120,110
58,17
46,41
115,40,64,17,56,19,39,86
104,28
125,101,48
122,76
134,2
36,29
74,90,120
32,103
18,56,44,55,45
31,10,30
74,86
112,113
74,63,115,17,86,54
76,70
106,1,116
70,62,78
55,42
57,40
0,25,101,27,16,109,43
62,9
90,41,44,55
30,4
56,87
57,87,41
51,66,81
42,20
29,11
23,34,26,25,27
23,25
13,80
118,57
103,91,30,4
88,91
46,39
125,86,64,110,74
128,54,74,87,42,40,63
73,19
32,2
18,89
91,134
67,14,96,68,113,9,13
55,44
67,70
51,67
124,9,69,78,70,50
18,6
16,101
85,43,21
19,64
78,49,80,122,70
60,70
59,43,136,34
11,29,3,103
49,62
32,31,33,7
52,9,49
32,7,111,28,6,93
85,16
132,38
22,0,16
51,96
76,78
49,70
33,104,10
5,3
28,6
26,38,85
74,57
111,7,32,84
129,104,103
70,66
99,85
124,51,48,13,81
86,58
120,64
7,32,104,103
63,74,44,46,110,86
67,137,68
94,85,99
93,11
45,74
32,29
138,70
103,6,31,3,30,7
104,6
91,104
33,3,4,91,103,31
128,42
56,90
86,40,20,57,39,42,41,90,17,54,74,63,89,64,44
19,63
0,85
95,85
81,138,49,13,96,50,67,9
132,43,27
65,13
91,35
125,57,56
98,51,96
99,16,0
3,33
39,115,89
125,42
17,42,41
125,74,20
9,114
39,46
55,47
56,39,57,41
26,101
85,37
87,115,140,17,64,19,42
128,20,87,41
133,99
94,106,16
134,4,129,29,3,7,32
108,15,37
104,103,4
74,73,19,87
9,70,13
114,78,65
45,140
117,6
10,28,11
7,32,4,6,84
61,78
49,9
122,66,96,76,48,50,49
29,141,6,103,32
27,25
50,96,69,114
69,50,126
69,70
99,25,38,22,59,85,107,16,116,26
67,48
67,50,61,70
59,95,116,15,16,85
90,45,46,20,73,92
92,63
42,54
87,56
42,86,19
29,28
15,85
82,5,103
63,54
36,134,91
17,128
29,103,117
3,10,4
84,32
36,3
130,132,102
96,9
134,2
59,1
71,88
51,77,70,76,50,9,14,124,13,96,49,80
7,28,6
45,87
33,10,2,11,3,35,91,134
124,78,52,9,137,81,50,49
14,76
13,126
46,127,90
49,78
67,51
84,129
112,70,49
74,125
124,51,14,65,12,50,69,48,77,13,96
109,23
84,28
49,81
127,45
1,85,0
20,90
133,43
55,42
10,6
9,62
11,28,7,10,82
26,38
67,50
45,57
59,25,34
45,110
43,38,37,27,94
132,27,25
2,35,134,3,30,4
25,24
63,86
38,116,16,106,15,99,1,85,37,0
117,7
67,14,48,126,50,66,13
7,111
64,20
37,101
38,16,59
11,103
31,30
100,10
69,76,96
17,42
36,29,33
65,96
13,51,77,50
34,53
46,17
124,70,51
18,105,46
15,0
94,1,27,37,15,23,135,85,21,43
85,16,102
71,2
101,85,0,16,26,107,15,99,53,21,25
25,85
61,62,80
39,118
93,134
45,56
95,85
49,52,114
45,18
7,139
122,96,50
2,28
1,94
101,27,23
56,87
134,10
41,44,45
62,14,61,70
96,67,50
43,34
17,45
0,85
102,43
9,81,50
87,64
35,82,30,10
9,76,14,114,70
18,89
6,103
71,103
38,132
17,64,140,73,42,19,115,63,128,87
23,75,109,43,130,106,15,25
39,56,120
36,129,11
94,27
77,70,52
21,43,24
73,64
115,54,128,17
49,52,76,60,9,61,70,78
21,23
46,18
32,141
71,7
65,50
79,98,81
73,115
101,43
2,6
35,134
57,17
64,40
131,27,21
87,63
74,86
25,23,34
28,71
123,39
90,45
27,25
29,51
19,17
17,42
85,16
11,104,29
71,134
17,110
72,7,5
10,4,2
15,43
85,25
18,128,115,58
85,108
110,41,127
13,67
123,56,39
55,19
108,85
75,26,27,133,25,43,21,53
67,96
30,36,33,31,4,35,10,134,2,82,119,11
9,112,78
31,88,11
32,93,121,103
12,50
43,53,16
89,87,41
4,10
21,16
50,70,114
25,133,1,23
6,28
14,12
24,133,75,23,22,130,43
43,99
60,8,78,113,70,9,61
136,94
85,43
16,34,43
35,88,29,7,3,10,5,28,30,2,31,36,84,33,103,104,141,6
65,62
67,76
99,34
44,20
125,92
70,78
94,116
99,25
25,13
97,61
6,104,30
24,23,21,34,133,25,26,27
49,76
38,85,37
134,4
103,30,36,28,35
87,19
5,72,31,11,28,6,4,32,29
68,66
87,128
100,103,6
26,95,94
113,124
40,39,55
140,128
49,51,60
49,52
54,90
5,31,119
94,16
62,61
51,65
55,87
30,35
87,64
66,70,76,9
39,46
57,42
32,35
16,27,34,25
16,37
14,13
117,29,104
49,68,9
17,42,46
55,110,44,18,90,39
59,16,85
75,133,21
84,103
10,82
27,26,25,101,43,21,133
49,78
62,78,49,8
110,120
115,18
32,30,28
25,0
7,139,29
31,4,82,10
39,74
29,4
15,16
78,9
21,26
35,36,2,7
67,9
71,104
39,59
26,34
43,116
42,17,45,110,46,57
25,23
76,78
31,4
26,43,53,27,16
9,80,70,78
96,81,12,51,68,61,48,124
70,49
18,56,110,45
4,142,30
35,119
25,16,43,85,94
84,32,10
37,99
25,26
84,129,117
18,64,39,42,90,17,87
43,23,26
84,129
121,84,6,7
133,26,25,27,22,43
64,90,128,44,47,20,74
42,64
58,90,57
125,63,86,19
64,56,44
67,13,124
45,39
30,6,134,104,36,4,119,7
43,26
133,26
11,29
14,114,49
21,132,43
15,16,108
23,136,43
77,13,78,50
19,20,125
76,13,98,80
17,42
77,13,50
62,49
55,125,17
27,25
39,47,90,46,123,56,45
5,3,35,142,11,10
115,128,92
19,87
21,25,26,27
33,3
57,44
28,7
29,111,28
40,47,18,55,56
75,23,34,132
100,32
108,16,85
55,86
67,81,124
25,23,43
6,71
108,85
68,14
129,7
29,11
50,9
85,99
99,37
2,29
36,2,31
30,33
84,7
59,27
63,42,115,74,89,87,64
14,96
81,67,60,70
106,85,23
50,112,76,13,70
56,44,45
58,57,55,90,39
70,51
28,103,129,93
47,45,56,110
37,26,43
104,7
106,15,94,108,95,0,16,99,37,107
49,9
116,21
129,84,6
85,38
92,63,20,42
28,117
42,56
26,21,25
124,48,14,50
2,129
28,36,3
40,42
26,22
134,30,11,142,84,28,121
17,115
18,44
60,52,66,49,48
80,9
70,76,51
39,57,18
128,41
44,39
2,33
85,104,70
16,59
58,86,42,17
118,46
34,133,27
31,7,10
9,60,12,66,61
19,42,39,115
118,105,47,41,44,110,39,123,56,45,18,46
26,25,75
57,17
68,62
90,39
9,76,14,66,98,126
64,17,90,110,39
96,13
4,7,30,31
117,29,6
98,124
63,54,64,89,19,115,125,128
43,0,132,25,26
49,98
87,92,86,54
44,58,39,57
27,25,43,23
35,82
1,38,37,85,132
45,63
10,84
49,50,65,9
26,43
137,13,67
18,44
45,86
99,37
70,76
1,37,23
68,52,66
135,16
89,19
72,84
1,85
60,97,76,50,65
71,29,32
128,64,42,63,115,20
42,125,17,54
10,28
69,60,98
119,5
103,33
9,62
128,42,19
7,29
35,10
49,78
113,67
84,6,121
28,10
39,18
78,14,49
59,85,26,21,43
84,7
39,56
43,132
15,132,130
43,25
7,31,4
129,103
42,128
85,16
6,84,31,2,29
37,15
50,8
16,27,37
119,36,6,2,7,32,117
25,136,43
29,84
37,25
85,108
26,23,43,133
28,32,36,129
58,41,46
10,91,104
20,127,87,18
96,78,48,50
16,130,109,108
13,96,78
66,96
90,41,44
30,3,35
86,73
50,52
8,65
30,84,33,4
40,125
13,50
11,142,36
36,2,82,10,3,4
44,46
77,65,12,69,67,98,96,13,48,50
43,133
117,28
57,39
20,115
59,21,109
77,98
49,60
40,74
33,30
3,30
31,6,35,4,103,88,5,84,36,10
2,5
129,71
87,105,40,74
16,38,136,102,0,23,132,43,108,26,85
23,38
119,72,84,28
14,67,50,9
6,84
129,7,29
76,70
118,17
6,103
25,43,108
59,15
98,48
17,105,140,46
66,67,52
66,52,124
7,103
111,3,28,100,71
13,14
106,15
45,18,41
28,4
31,35,10
93,11,7
20,87
117,29
77,67,62,137,113,9,70
70,76,8
5,121
50,62
26,21,22,15
77,69,52,14,70
74,17
117,91,5,10
7,103
53,43,24,94
113,112,49,62,52
30,31
128,41
29,35,28,129
94,109,85
37,85
84,134,30
70,78,51
7,71,6
33,32
80,51
88,4
33,11,2
122,76,51,50
46,110
21,34,26
84,31
108,38
66,14,98,137,69,81,50,13,51,96,65,124,67
27,25
68,62,13,50,122,69,114,14,61,60
85,99
2,134
39,18,45,118
39,110,18,44,57
63,128,40,64
56,57
29,7,32
96,70
16,95,85
70,13
76,49
26,25,43
82,10
25,26
48,51
107,24
99,59
96,78
130,25
85,16
85,27,38
16,15,99
114,76
105,56
127,45,105,41,120,123
84,2
69,78,14
128,115,19
67,98
20,39,46,87,42,41,45,90,128
99,15,16
4,5
118,18
58,45,44,19,18,63,87
16,116,95,108,15,99,106
21,23,15
119,7,103
85,108
84,7
46,39
118,73,140,39
14,76
70,9
26,34,25,43
64,39
60,49,14
13,98,66
111,4,117,28
48,50,126
140,39,17
76,50,66
64,18
55,44
31,2,3
32,2
1,34
70,68,80,52,76
65,14,9
104,7
44,55,46,18,90,56,47,45,110,39
50,14,67
21,43,26,24
99,59
89,128,90
40,18,105,45,90,63
66,77,50
134,10,104,29
5,10
17,64,87
67,51
40,17
37,109
72,29,139,11,30
19,17
0,16,109,95,37
96,77,82,10
0,133,38,59,94,27,34,85,23,99,15,26,21
75,24,101,34,26,25,21,23,53,43,133
50,49
78,81,13
91,10,36,30,4
80,51
58,46,18,123,55
16,85
68,96
13,81,51,50
1,16
80,60
130,21,108,109,38,25,37,136,24,99
36,4
90,18,46
66,49
43,85,1
70,78
16,85
37,16
86,20
108,99,15,85,109
50,4,142
25,43,37,75,85
62,13
78,67
78,67
5,35
94,87
30,5
56,44
13,67,51
126,66,65
44,19,56,63
37,99
21,26,25,43
36,32,11
108,99
5,2
109,108
0,37,99,15,108,16,95,59
90,57
7,103
45,18
52,67
94,85,37
110,128
85,37,16
32,29
115,63
10,4
4,28,84
100,3
87,57,19,45
2,30
1,109
32,7
44,55
88,33
87,40,127,20,19
63,89,87
42,57
17,115,128,89
79,80,77,137,65,81,97,124,122,14,69,60,8,48,114,138,68,126,12,66,49,62,76,112,98,96,70,78,50,51,67,9,61,113,52,13
50,52,48,66
30,2
5,93,104,29,84
98,51,50,65,67
18,41
52,66,51,124,70,48
5,2,3,103
101,25
41,39
57,17
50,49,70
70,78
41,46,56,127
17,19,87,20,42,40
6,134
68,61
108,16
50,13,76,96,78
9,80
117,32
56,87
91,103
17,64
5,134,3
65,49,50,78,70
23,34
32,104,84,4
109,101
59,85,130
32,6,29,35
43,34,25,95,15,108,16,23,53,94,26,27
17,42
25,16,85
62,61
70,52,49
7,29,103
29,32
59,34,108,15,21,16
63,20,87,56,17,41,45,127
84,11,72
128,44
120,39
39,20,42,56,128
35,2,117
49,69
30,91,10
39,105
42,140,17,64
26,15,23,101
64,54
27,26
50,67
96,65
90,87,18,54
4,129,93,103,32,104,36,10,29,35,28
64,115,41,57
22,16,59,43,85
76,112
39,17,41
62,13
42,40,46,17
36,88,121,3,5,104,10,11,111,6,29,4
50,67
67,51
32,134,129
90,64,44,41,18
33,134,32,6,103,29
115,73
86,128
64,74
57,56
43,25
81,76,67,48
70,122
52,98
84,93
117,6
111,35,2
11,10
34,26
28,111,7
85,15,37
28,29,10,72,84,93
101,15,0,53
43,75,34
51,50
23,133,0,37,16,85
29,84
3,32,36,71,6,35
41,127
127,56,90,118
39,18,17
17,20,87
89,56
132,133
9,67
26,23,21,43
140,64,87,20
141,100
20,17,54
11,2
42,17,128,20,87,89,40,64
43,25,26
41,86,18
103,72
70,9
0,99
70,78
114,52,76,62,78,9,68
97,70,13,78,68,9,49,96
111,31,6
99,24,34
20,64,63,86
16,37
58,123
61,50
63,44
73,120,40,89,44,17,18
67,66
68,14,97,62
13,96
20,125
94,37,15
74,115
90,120,46,105
71,103,35,104
20,19
114,97
17,19
94,95
53,26
49,50,70,98,76,51
97,76,49,13,51,48
50,122,13
96,52
95,25
14,50
16,43,37
10,30,117,82
3,33
92,128
75,27
19,41,87,92
3,11
33,30,35
18,120
54,64
36,10
46,19,64,20,120
34,25,23
85,15,16
49,80
50,13,126,96
69,65
18,110,56
