0,1
2,3,4,5,6,7
7,8
9,3,10
11,12,13
14,15
16,17
18,19
13,20,21,22,23,12,24
25,26,27
28,29,30,31,7
32,11,20
33,12,8
34,31
13,24,21,22,35
36,4
37,19
38,39,40,41,42,43
5,4,44,37,29,7
45,46
47,37
46,48
34,8
49,50,45,51,47
52,53,3
47,33
54,55,56
57,58,14,59
8,7
21,49
58,60,61,62,22,63
64,13,12
65,33,66
16,67
33,18,42,68
69,70,43,18,9
12,31,71
72,71,73
3,74
75,76,42,53
77,58,78
5,40
79,75
41,80
81,74
15,21,32,20,13,82
46,54,0
54,77,83
58,13
66,53,84,18
85,0,86
79,87,88
36,6,30,89,37,8,34,90
90,17,5
9,91,81
92,46,93
31,43,94,7,75,42,44
8,95,36
3,29
96,97,18
30,3,29
95,4,98,3
34,49,40
13,24
99,79,83,100
17,101
66,52
102,87,103
34,7,89,8
55,86
7,34
29,4
104,1,105,106
15,24
9,10,98,3
35,103,18,98
107,20
100,87
58,15
108,4,109,69,74,5,81
87,55,47
94,110,34,7
22,54
45,0
62,111,14,12,112,60,64,35,23,58,57,61,22,20,77,52
36,30
0,113,1
114,51
67,17
45,100
81,95,91,5,69,4,109,29,3
4,5
115,9,31
85,105
116,44
83,55,54,47
1,0
117,118,52,60,119,120,121,122,61,58,63,78,77,59,57,14,123,112
22,77
62,79
31,44
32,121
39,43,26
56,55,49,54
11,111
66,84,65
71,124,66,75,27,72
109,72,31,73,95,30,125,16,89
20,82,21
4,109
31,18,19
36,28,2
18,33
3,24,92,126
88,127
12,20,57,77
28,128
3,109,4
47,0
47,100
95,129
69,9
55,106,56
18,96
54,106,107,99,47,49,0
43,26
65,17
24,15
17,76
35,57
37,130,125
18,75,84
17,35
17,34
45,100,131
69,29,31
92,46
94,71
110,34
84,27
12,32,11,23,82,20
10,124
30,2
8,31
18,33,124
120,59
11,21,12,23
127,103
36,8
1,107,46,45
0,99
84,18,124,126,33,65
132,8
50,0
96,71,72
36,6
40,42,80,133
118,61,122,77
69,36
79,87
25,43
104,1,105,106
32,22
16,67
66,124,73,72,126
26,80
52,120
42,43
17,26,67
63,14
107,86
110,7
134,42
22,13
5,3,95
63,14,57,78,58,13
40,80
18,26
34,30
66,126
6,37,36
130,36,90
52,58,14
2,36,37,30,28
3,8
5,125,95
72,75,71,27
36,37
21,22
110,34
56,55
67,76
58,78,121
63,82,127
60,52
79,46
102,88,127
83,87,45
12,11
71,75
20,46,54,22
64,14
45,46
23,82,111,62,32,12
84,124
8,77,34,58,55,83,54,62,45,46,0
47,48
24,13
2,31,30
30,83,102
123,122,120
20,12
135,127,46
0,51
107,42,96,110
77,58
70,29
0,99
128,42,84
53,18,33,84,124,66
33,68,18
53,97,33,18
27,66
120,52,58
52,60,58
92,136
83,0
38,126
40,133,38,80,42,43
97,137,18
102,46,45
44,10
12,20,111
1,55,107
61,57,60,58
45,46
76,18,126,39,72
3,98
5,109,4,69
124,137
111,64,61,35,24,122,22,32
95,74
12,64
106,99,0
57,7
78,77
12,79,52,64,51,56,83,46,45,107,111,138
96,27
46,58
137,124,75
50,79
78,77
122,112
16,65,80,33,68,67,124,18,53
45,37
97,96
121,32
0,106
7,5,27
9,54
31,2
43,73
120,52
103,87
74,95
10,9
32,20,12
136,45
5,133
95,4,130
100,45
22,111,12,58,61,119,11,77,63,52,57,23,21
79,103
116,79,103,127,50
25,76,41
76,96
101,22
97,139
65,16
46,51,100,87
0,47
62,82,20,58,12
0,49
124,17
9,10
47,107,0
100,99
1,56,55,107,49,0,47
74,4
73,96
102,87
100,36,22,138,42
38,73,36
17,80,46
24,111,11
96,19
107,138
128,3
82,12
36,94,98,4,29
5,69
2,37,31,130
60,52
44,9
30,89
77,59,58
116,45
18,42
24,13
36,90
114,45,46
50,54
87,135
80,134
77,58,52
5,34
26,71
24,15
9,10
93,131
109,69,9
104,1
36,34
56,116,45
83,47
90,30
57,32
127,0
52,121
111,17
22,13
64,47,100
46,92
45,24
57,27
138,85
111,35,20
26,25,76,67,17
16,101
126,27,75,96
83,45,52
136,21,37,31,3
116,32
101,63
107,0,56
30,37,110,36
15,77
12,58
87,88
31,5
50,102,103,135,88,116,79,87
18,76
25,19
32,82,20
116,125
95,57,22
17,80,25
85,0
55,47
125,8
45,136,46,100,116
57,58
127,100
128,8
106,1
77,52
2,30,130,8
60,61
30,9
20,57
4,108,44,74,109,5,81,69
79,93
60,52
0,99,106
126,33,75,65,96,84,124,53
133,42,43,38
11,13,52,20
34,12,4,107,32,33
78,77
47,107
88,131,79
18,96
45,46
44,74
43,42,38
88,50
53,97,65
96,27
139,53,97,124,126,27
90,30
30,90
34,105
36,69
67,16,76
64,11
83,11,80
2,74
112,77
47,107
41,53,18,71
8,31
0,106,107,87,83
21,60,52,22
53,84
54,55
0,87
49,92
24,21
45,46,100
128,47
129,25,26
8,98
85,0
69,74
75,18
96,72
15,60
63,52,121,14,78,118,60,119,57,59,61,120,77,112,122,58
107,45
37,85,77,69,42,61,43,8,58,55
110,36,115,5,69
30,37,140
50,77
116,51,45,103
31,36
20,77
119,22
58,77
24,21
93,74
67,19,101
30,31,36,90
45,136,46
5,125,74,9
19,43,80,101
17,80,39
54,21
37,36,2
128,34,36
29,28
98,9
22,64
44,4
30,27,52,5,130,60,7,56,35,95,47,43,57,37,71,45,100,34,32,8,113,69,17,107,81,75,46,111,0,59,11,138,87,58,127,77,74
22,82,12,15,64
52,58,77
14,78,63
97,73
27,71
102,56
92,100
39,126,19,84,76,17,53,33,80,96,67,65
75,71
84,18
8,63,37
50,21,45,78
10,95
75,96
95,128,3
126,67
44,128,74,9,69,4,81,3
56,48
41,80
42,95
96,33,68,71,18
85,99
28,30
65,53
63,78
47,24,18
63,13,118,58,52,61,12,21,22
36,27
79,131
82,20
112,52
45,22
69,3
29,128
29,10,9,125
88,107
45,92
106,105
141,32
49,83
90,30,28,2,31,130,36,37
90,7
17,66,73,124,3
90,109
19,101,67,26,17,16,129
34,8,89,7
56,49
6,33,84
16,76,42,17
73,27,72,75,96,71
124,18
27,18
121,77,58,112,52,60
77,22
11,58
101,18,126,134,19,75,53,66
54,49
35,32,21
74,109
58,77
58,57
28,37,36
84,126
34,140,94,110,7
101,19,17
65,124
5,44
100,127,47,54,138,49
6,44
43,36,34
34,89,8
83,47
78,12
57,122,52,58,14,77,60
49,55
76,43,80,67
131,79
96,66
47,83,1
123,121,32
65,126
58,111
77,63,14,58,57
61,118
103,127
77,63
30,110,137,36
71,27
57,58
45,83,87,55,49
58,57,122,61,77,112,120
34,58
101,67
27,139
60,76
63,77,52,14,120,58,119
16,124
19,17
138,0
127,100,105,12,88,87
87,88
60,122
120,52,121
49,56
78,59,14,58,77
54,63
12,32,20,35
99,0,54,107
9,3
57,21,77,122
89,19,3
85,138,105,0,99,86
23,64
74,69
112,52,14
9,125
0,106
88,20
12,111,32
100,87
92,42
107,47,45
63,77
117,119,107,59
44,94,31
14,82
53,126
60,120,121,61,52
54,55
76,42
107,55,49,83
16,67,42,17,71,101
8,7,34
7,12,52
8,16
37,30
95,128
63,92
5,108,4,109,74,69
32,22
111,22
51,100,79,136,45,87
110,17
22,15
22,111,82,20,64,57,23,32,24,14,60,13,77,122,58
92,107
86,46
103,87
118,112,121,120,61,122,52,60
12,122,22
130,83
5,69
22,12,20
47,138,55
38,42,43
1,46
20,23,64
13,24
115,89,8
34,8,7
55,135
53,18
107,83
90,34,2,8
5,4
12,62
22,24,20,59,77,14,12
22,21,15,24
47,107
116,69,62
43,38,40,41,42,80,133
77,78,63
24,55,47
105,83,56,107
47,54,107
15,64,12
26,129
92,46
92,114,136
7,34,110,89,115
75,97
90,130
29,24,37,124,20,52,35
2,89,36,3,6
36,37
141,35,15,22
134,40,80
126,27
125,74,69,10,98,3,5,9,95,44
55,47
2,36,37,31
89,90,2,34,36,30
78,63,57,58,77,14
126,18
61,60
107,1
50,46,92
22,24
138,0
18,71,124
76,43
100,45,99
49,47
95,28,8
8,19,68
86,0
81,91
1,105,106
51,45
76,39
4,5
115,111
61,20,69,55,34,57,36,60,29,107,77,95
16,71,19
53,65
47,46,116,51,56,136,107,45
31,37,34,28,36,89,110,7
109,91
83,7
27,96,126
84,124
71,27
126,27
45,51,93
35,21
124,19,66,75,97,129,101,42,126,68,71
122,25
24,82
141,32
120,60
93,136,87
21,35
10,9
54,8
57,77
76,4
99,55,0,54,107
122,60
34,94
42,19
45,4,127
107,47
1,49,0,47,107
67,76,16
96,72,5,8,1,54
48,47
99,14
54,47,92,79,93,0,45,136,56,107
22,21
141,57,137,22,65,80,36
65,60
85,54
7,89
128,90,95
3,98
79,93
117,107
24,119,82
15,88
102,103,87
5,108
103,136,116,45
85,50
34,98
95,98,69
7,20,113
101,27
97,16,126,80,84,26,65,124,133,96
69,9,3
52,94
117,63,120,58,59,77,61,14,121,60,112
47,100
63,77,59
5,44
111,62
118,123
134,80
83,85,46
85,61
31,128
95,69,94
107,8
22,15
94,110,8
49,92
63,77
17,76,129
16,76,17,67
71,18,124
70,98
90,81
0,24
74,108
75,42,101
47,50
69,128,89,37
109,134,7,63,103
18,84
142,24
35,57
94,8
113,87,89,31,4,128,18,58,10,55
103,79,88,50,102,116,87,127
77,59,57
40,41,80
22,116
101,76,26
90,36,28
11,9
22,20,125,54
127,88,79,103,116,102,135,87
69,98
42,80
128,29
45,46
112,61
63,57,58
95,80
18,2
111,62
83,45
19,39
37,36
104,1,105
137,27
45,100
63,57,58
8,30
24,13
121,58
37,29
31,37
58,57
38,41
66,84
18,19,139
84,124
47,0
34,8,2
142,22,21
139,42
45,87
15,20,22,62
7,98
19,37,36
138,83
85,1,0
12,60
54,56
99,49,0,47,83,55,104,54
20,62
3,64,18,31,52,28,30,36,47,16,17,67
90,76,17
69,124,73
136,87,49,0
94,110
106,86,1
55,107,106
42,68
63,64
36,30,8
102,88,45,107
36,37
100,47
109,5,81,4,108,69,44
75,18
22,32,20,12,57,60,58
13,24
10,9
75,31,94
131,135,88,114,136,79,116,100,51,50,93,45,102,46,87,103,127,92
63,13
7,8
64,77
115,7
20,12
122,52
107,55
69,3
98,3
71,97
83,47,49
64,112,57,12,32,58,123,11
91,109
72,46,29
77,111
103,102,87,88,116
123,121
139,53,71,124,73,27,84,97,65
85,0
109,89
110,89,34
100,93,20
51,55
107,83,105
18,22
90,28,30
132,124
24,142
57,8,87
120,58
135,88
21,64
44,50
7,132
9,3
79,93,131,88
46,102
61,14
3,98
69,81,5,4
55,79
14,64
58,77,14
18,53,66
18,53,126
64,82,21,24,22,111
51,102,47
22,21,13
8,81
27,33
51,136,114,45,92,100,46
52,11
103,0,51,1
118,122
126,133
132,8,34
46,102
67,16,101
107,113,54,47
16,17
60,94
124,139
4,5
55,107
24,15,22,13
11,20
81,74
118,121
27,100
89,8
25,91,36,22,8,31
8,34
136,45
45,100
54,87,45,85,46
41,17,137,67
42,26,16,25,76,19,43,80
22,107
89,28,17,84
30,34,107
5,90
125,10,98,3,95
28,80,4
115,34
30,69
111,11,12
64,141,21,22,12,23,82
120,59,21
76,16
34,31,69,4
43,74,55,128,45,36
122,52,121,60,112,118,120
58,77
18,27,65
18,124,66,27
54,88,0
24,11,82
0,45
107,46,67,30,98,124,47,71
120,52
29,54
1,0
102,103,0
4,74,5
25,39,43
47,55,85
10,91,7,81
76,19,25
22,64,24,111
36,37
14,58,77
39,42
89,76,34
88,79
46,22,83,87,107,55,60
107,54,56,48,55,0
56,47,0
18,19
96,71,97,73
102,116
17,16
120,112
20,13,21
27,96,139,75,97
42,124,39,97
65,42
56,0,47
47,1
58,57,60
88,37,31
25,43
57,58
56,78
89,29
13,83
122,52
112,52
37,89
116,87
8,89,7
112,12
8,110
36,130
82,20,12,142,23,22,35
86,106
56,113,83,79
0,45,55
43,42,18,16,68
73,75,139
97,139,72,71,73
127,76
56,55,47,45
81,116,44,135
40,38,41
94,6
9,44,74,98,81,5,69,29,3,4
87,46
117,77
128,29,98
27,26
56,63,18,22
56,47
56,47
127,0,45
96,97,27,139
4,74
101,87,125
63,77
55,107
32,64,20,58,52,77,12
46,45
96,137
47,3,65,19,96
2,34
45,111,14
38,42,133
129,33
37,24
87,103
89,95,67
18,134
18,126,137,101
53,75
9,30,31
14,60,77
37,14,56,116,67
107,86,113,99
116,55,15,107,113,46,57,122,77,45,22,51
15,58,20
42,17
62,21
79,88
138,86,55,54,83,47
30,34,36,28,110
58,82
51,77,100,87
124,96,126
58,61
59,119,14,78,63,57,77,58
45,136,116,46,131
16,80
79,56,45,49
74,29,95,10
12,52,14,64
55,52
22,58,11,12,78
77,22
134,18
6,28,36,37
31,37
66,65,53
10,3
37,7
139,71
8,124
12,44,58
12,54,77
2,130
63,52
46,131
63,58
14,32,64,82,20
15,9,55
101,9,8,44,19,28
71,73,96,97
30,81
103,102,116
60,120
77,58
19,42
8,89,132
22,20
46,45
6,36
43,4
99,138,0
96,90
141,24
65,124,33
37,19,34,95,81
138,0
77,138
7,130
75,16,17
118,52
71,97,139
69,81
69,5
18,42
135,81,116,50,44
136,46
100,107
94,132,34
37,90,31,6,36,30,28
86,0,85
4,69
17,30
57,58
122,121,60,52
132,125,89,8
24,20,13
18,84,66
83,0,52,92
63,58,12,14
76,16,84,17
1,105,106
64,20
10,125,95
97,42,69
58,60
27,73
128,111
40,133,42,39
124,53
107,92
126,24,81
88,45,103,79,50,87
10,9
98,3,90,9,140,5,89,30,94,31
3,30
15,136
5,69
44,81
125,95,69
21,20
52,112
4,3
98,29
100,46
12,83,22,47,57,45,32,34,90,52
0,85
29,74
5,98,69,3
92,127,87,50,131,46,88,100,79,45,116
36,126
112,122,120,52
102,127,135,79
126,124
45,47,103
69,66
9,125
14,55
6,126,137
122,52
122,52
7,34,8,140
45,51,87
56,47,107
67,76
71,73,137,96,75
19,76
46,51
127,116,103
57,78
27,53,73
81,34,37
110,34
30,31
135,88,50,102,116,87,103
73,97,72
90,126
29,98
110,8,89,34
59,22,77,82,78
30,28
41,80,43,40
138,116
22,14,77,59
56,47,107,1,105
12,62
109,5
28,37,19,36
95,69,29
86,122
89,132,8
12,24,13
29,95,74
31,30
9,3
58,57
60,111,12
31,27,77,22
43,42
37,42,133
52,141
49,100
44,81,98,95,10,3,5,4,29,74,125,69,9
8,132
121,35,141,58,22,24,52,57,122,77
90,36
42,18
30,31,90,37
18,42,124,17,66
136,46,45,92
130,9
124,80,19
9,37
34,69,30
9,109
124,110
107,0,49
73,84
16,25
139,27
77,57
31,90
142,35
11,64
2,74
92,64,30
109,4,74
8,125
18,16
15,13,35,21,24,22
120,47
99,0,86
49,56,47
8,125
68,84,126,18,53,65,33,124,66
52,122,60
62,12
126,71
49,46,59,92,20,22,23
126,75,18,53,33,96,124
42,43,38
58,63,57
2,89
53,72
32,20
138,56,0,54
22,11
58,59
31,90,36,37
61,58
30,7,28
22,60,11
40,43,80,42
36,44,6
22,35,21
58,14,117
107,54
57,15
98,45,31
8,30
14,57
48,83,49,55,107
31,5,74
86,138
47,58,77,0,87,57,22,45,116,64
9,10,3
60,112,122,52
112,77
62,32,24
78,58,119,57,77,63
54,46,1
24,75,46,133
80,4
45,136,100
19,17
57,121
52,86
1,105,49,107,113
121,32
20,22,58,12,77
29,84,47,124
74,44,70,3,98,69,9,125,128,29,95,5,4
103,15,83,111,60,127,54,45,58,47,55
111,12
133,68,42
46,22,88,13,8
138,0
27,138,30,58,60
34,8
37,31
46,51,116,0
30,9
100,90
61,12,57,35,64,112,63,77,22,52
61,60
69,81,36
79,135
47,1,83
46,100
42,35
10,3
71,124
24,77,22,58,14
81,109,9
83,53,12,113,77
54,47
36,125
9,27
10,36
86,0
81,54
64,21
15,64,111
69,4,81
81,44,36,34
106,45
5,77,37,95
11,111,12
58,111
52,60
57,58
63,57,78,117,58,59,14,77
103,86
50,88
139,124
45,100
124,71,26
27,58
101,76,16
118,60
3,71
106,1
54,131,45
54,83
51,92,131,114
24,22
92,45
16,101
6,37
129,16
53,124,126,109,7
30,66,24
121,52
80,43,38,42
85,12,127,116,59,60,120,14,0,88,102,107,20,1,21,32,15,24,46,142,56,64,54,22,77,47,100,45,103,83,87,58,141,63,55,92
17,76,101,42
52,120
8,132,94,31,89
8,29,76,128,7
67,42
31,37,7,9,6,36
92,22,57,127
18,53
84,33
90,30
47,102,88
14,83
37,8,95,74
49,54,47,83,107,56
124,16
46,47
81,74
24,35,15,22,21
12,60
64,22
63,60
62,18
10,74
3,125,70
30,37,2,90,31
53,84
90,95,89,9
19,17
36,8,30
8,17,36,96
31,6,3,5,110,8,34,4,90,95,10,44
132,94
95,31,125
69,49
124,61,106
87,103,102
37,74
31,37,36,30,90,6
138,1,86,85,99,106,105,0
77,17,37
69,91
76,101
140,115,7,8,34
138,0,106
56,107
78,22,58
134,38
37,31,36,30
6,2,30,90
63,22
30,4
30,90
124,84
42,43,133,39
43,97,17,18,39,25,139,33,67,80,76
33,113,18,12
129,39,26,25,43
139,75
5,109,4
11,12
27,17,25,124
101,41,17,16,134,25,72,67,39,66,18,84
38,79
138,0
45,51,92
86,99,105,1,55
116,56,7,59,22,69
71,137
30,2
82,12
40,42
139,71
83,85,47,0
52,61
39,43
51,46
49,14
20,58,57
75,96
105,1
85,138,0
4,29,18
127,43,52,48,124,30
19,36,37,6
12,142,126
49,55
39,139,17,134,66,18
121,17
39,38,80,43,40,42
68,71
55,86,46,47
141,24,45
101,25,76
11,12
119,107
141,24
52,120,61,60
109,125,81,95
47,107
36,34,8
116,0
14,119,121,61,59,122,58,63
124,20,2
6,30,81
90,69
42,67
102,0
7,74
69,10,4,3,44,29,125
92,107,50,105,45,55,103,47
84,53,124
9,43,7
52,81,30,100
58,77
21,12
122,121
61,32
69,47,54,21,45,39,62
66,76
15,64,57,82
17,18
20,22
26,67,17
73,71
0,83,54,55
110,69,2,8
76,91
116,56
133,19
31,34
9,128
67,25,76,19,17,26
97,27,43,19,72,126
5,91,4
80,42
22,21
107,45
95,5,10
20,62,22,111
19,92
25,80
120,14
108,128,29,74
122,52
37,34,42
24,58
66,96
95,29
87,83,107,116,47
99,100,45
49,54,107
3,9
18,71,33,75
26,47
47,60,128
