19,3
14,98
66,58,8,76
109,39,90,80,25,25,17,40,104,44,38,14
6,55
10,73,108
19,83
102,29
22,25
55,40
19,91
67,44,30,68,40
3,98
83,86
10,77,55,29,131,34
29,16
22,40
8,77
120,39
44,19
86,3
84,55
3,8
19,44
19,92,54
72,78,101
6,19
73,83
136,8,6
44,120,90
33,42
8,17
43,22,120
95,19,22,22,88,14
39,50,19
29,141
58,54,33,44
6,3
34,39,86,17,119,14,8,83,104
6,29
33,131,46
39,78,123,29
99,136
91,14,137,78,3,128,131,29,14,44,104,29,10
9,54,6
110,34,107,17
129,55,87
8,23
19,83
59,95,83
6,83
124,22
120,120
8,88
4,137,22
46,137
77,34,19
83,108
34,29
5,43
73,14
46,82
55,57,120,83,10,6,31,3,6,19
80,141
50,43,8
138,6
112,86,76
74,58
135,25
32,19
34,90
8,2,89
80,76,54,117,22
67,66
60,14
87,77,77,109,74
19,141,77,110,22
40,31
141,44,50,6,89,106
141,34
17,55
29,53
58,44,123,86,72,19
17,60
77,34
14,58
134,28,25
14,29
3,87
19,34
60,58
87,31
6,86
8,44
29,22
77,46,84,39,48,60,120
29,10
17,29,19
78,83,55
44,111
25,33
14,44,83
8,137
19,88
138,34
39,11
47,126
54,43
130,26,1
19,48,77,29,60
3,128,123
29,31,25
67,138,76
44,31
54,88,123
59,64,3
22,2
45,19
60,8
19,15
111,22
78,54
61,29
77,43
14,9
46,8,76
46,31
45,29,86,109,25,14
138,55
88,73,6
2,29
40,123
46,45,133
9,88,46
141,3,108
109,12,31,110
34,56,108
83,88
54,46
89,76,117,61
83,39
17,44
104,67,46,89
31,19
23,11,31
19,8
44,29
104,24,34
44,17,10
29,55
108,95,29,17,78,108
77,19,55
98,45
83,60
19,121
111,29,3,37
73,7,46
46,54
19,6
55,31,60
83,6
46,15,116
136,29
46,19
76,14,108,33
138,43
15,25,134,10
9,75
46,80
91,88
98,73
44,22
122,78
134,17,108
6,88
83,3
50,48
136,19
8,10,78
19,6
44,78
88,86
129,121
9,2,9,34
132,57
78,137
138,3,66,122
28,109
42,22,3
133,19
29,94
74,25,39,74,46
29,38,75
40,39,19,19
29,77
31,11
55,3,109
87,104,55,11
15,19
54,51
2,40,86,60,22,3
80,87
6,6
19,9
111,44
141,19
14,33
53,126
85,38
16,86,3
60,19
77,60
60,15
66,109
18,9
91,73
134,29
61,10
89,78
108,60
25,86
88,125
29,4
44,44
141,138,55,6
54,46
78,101,22
44,49,136,17,22
3,77
85,3,73,84,83,46,121,66
83,19,55
8,80,73,42
55,109
83,34,77,6
54,75
54,31
88,8
60,15,117
18,134,17,126,40,76,43,8
105,90,98
87,133
60,55
22,39
91,14,73
22,138,40
39,10,46,89
69,121
58,75,33
127,86,19
84,55
108,116
108,44
19,14
3,83
38,31
54,88
113,25
60,73,8,141,74,29,95
34,3
46,84
43,60
87,109
88,22
58,139,28,138
78,65,44,98,3,29,118,123,43,90,83
55,19,3,136
46,29,10,137
86,6,58
3,138,79
29,3,75
74,44,123
46,76,133,54,86,8
2,88
2,102,29
137,50,111
6,37
9,88
60,6
9,37
120,121,77,80
46,19,29
8,44
136,52
75,78
6,34
17,123,25
120,8,3
39,73
91,141,6
19,45,55,46,3
55,22,19,101,46,87,89
17,45
43,118,74,110
54,29,72
123,89
109,59
76,78,55
77,98
126,19,90
76,90
88,137,75,104,66,83
8,80
132,8,87
75,6
87,6,25
25,44
40,76
9,86,54
89,90
29,55,95,39,2
38,4
74,53
104,77
31,26,2,109,74,3
40,22
55,16
14,54
93,73,19,28,19,29,35,6,60
55,67
17,29,50,137,3,39,89,124,74,55
73,60,28
19,87,91,29,19
3,60
34,67,69
109,28
54,74
138,92,22,136
76,29
73,75
71,120,55,46
14,122
86,78,141,22,78,55,46,60
44,138
34,8,51
109,40,134,55,22
3,67,54
46,54,14,55
126,11
46,83,55
40,76,19,90,60,8,97,46,10,132
44,109
128,71
90,98,19
98,78
109,108,55
9,14
91,55,43,81,125
17,109
3,43,15
128,86
45,39
39,8
40,17
3,67,22,54
77,67
109,9,88,46,91,109
83,123,44,14
6,132,29
33,138
46,14
67,65,78
33,136,60
23,1,78,45,46,68,99,97,108,55,86,44
6,8,58,17,134,6,82,37
104,14
36,6
86,86
67,44,34,86,19
37,45,6
10,60,54,132
25,25,65,23
44,46
92,22
17,3
8,91,55
16,19
25,8
6,54,86
90,19
73,139
44,16,29,33,15
44,86
123,44
3,83,120,50
109,39
54,19
3,46,58
104,11,73,126
123,126,32,53
90,22,136
19,76
55,104,19
22,34,3,39
83,46
11,19,83
98,38
46,11
116,14,19,29,4,61
26,3,108,6
123,88
55,29
91,141
29,22,29,73,88,58
29,88
19,40,134
78,19
86,14,3,119
6,6,54,89,57
86,63
78,19
76,22,73
111,54
29,89,77
6,73
22,6
134,17
98,66,6,6,53
25,88,17,83,10,92,19
29,84
104,3
109,141
134,44
54,34,124,19
51,91
3,78
39,3
86,29
55,89
46,55,78,126
28,77
133,83,17
46,3
12,92,108
108,22,60
90,37
3,29
44,67,121
6,29
50,95,19
6,14
141,75
44,3
53,54
129,54,72
17,22
34,37
6,29
76,121
136,6,87,54,44,141,140
6,104
108,46
72,133,128
133,19,22
12,74,86,8,83,34,138,39,17,135
31,125
78,109,55,55,11
3,3
8,31
37,8
39,9,74
88,9,8,97,81,55,104
109,86
27,9,9
9,84
111,40
19,112,54
3,78
78,78
137,55,29,44,136
8,9
14,60,39,92
94,64
6,104,54,15,113,121
60,75,55
34,8,87,8
14,25,86,84,133,141,8
19,22,22
75,6,75
83,84,54
89,19
88,131
29,117
101,19,22,125,29,88,4,6,80,46
128,67
37,19
86,77
6,8,83
141,80,14,3,138,109,8,2,136,6,42,19
8,9,25
141,22,44,58
3,8
135,2
19,60
51,14
55,40
138,14,127
101,23,9
87,3
44,39
73,29,78
52,94,23,55
131,19
31,17,15,65,15,80,3,126,31,137
19,39,114
78,31
8,46,55
31,39,22,46
88,39,88,76,4
22,25,4,6
8,119,44
23,89
19,29,29
64,95,54,15,71,54,136
6,120,29,78,74,11
8,137,133
80,104,104,34
60,89,136
78,44
19,136,85
128,83
60,22,83,90,39
67,0,141,109
44,115,121,56
31,126,73,29
19,19,133,90,55
86,46,141,87
86,54
22,74
17,50
75,3,91
14,23,29,109
6,46,45,122
39,128,10,39
19,56,21
60,129,34,3,3,89,56,73,67,46,109,140,29,128,17,64
123,111
9,46
11,54,87,14,89,87,34,60
75,75,17,50
86,46
90,128
73,129
44,110
53,44
125,138
111,104,3,22
24,119
44,125
19,60
6,87
39,46
29,86
19,108
22,78
9,15
60,29
83,134
141,88,39,28,76
3,39
8,89,9
46,39,29,141
87,6,120,14
3,9,55
31,22
19,9
44,31
75,15
29,3
66,4
55,42
80,74,134
19,74,31
141,78
104,8
135,87,65
77,60
86,43,46,88
3,29,22
46,86,10,67,78
103,46
121,80
8,8,120
83,95,46
3,95
86,43,99,6
4,87,53,111,87,46,108
104,137,19
46,6
95,30,46
54,10,19,46,8
6,8
86,77
134,2,126
91,60
120,63
83,89
14,88,86
29,138,17
28,22
11,120,19,60
77,44
39,137,95
34,3
104,109,19,54,74,6
104,2
73,98
3,109
44,55,3
38,8
17,22,89
19,3
128,8,76,3,83,60,10,29,17,138,120,88,78,137,44,58
45,2
8,83
60,46,74
74,6
40,63,104
43,68,19
46,78
89,44
84,123
80,75
54,29
19,41
50,6
89,14,108,22,46
107,29,86
66,109,83,3
141,44,87,60,109
4,73
19,86
6,56,141,111,76,135
6,76,88
87,0
88,46,29,31
29,39,44,98,60
109,45,39,123,44,37,138,3,19
54,98
3,76,73,86,54,78,53,31,80,129
39,73,83,17,39
3,3
90,11,67
3,6
44,11
53,104,119,25,105,121
8,71
79,17
83,71
109,54,43,88,44,134,48,46
14,40,53
3,3,60,87,83,75,28
22,88,9
136,75,88,3,31
137,140
34,75,103,3,44,92,141,90
44,3,31
90,54
54,55
76,14
35,22,109
0,22,134
91,137,22
108,19,29,44
133,22,72
8,19,111,91,39,132
55,3
44,3
31,2,14,19,3,54,9,115
55,77,89
19,25,76,74,22,60
44,78,29
46,14
108,46
87,83
29,98,78,3,83
17,98
78,39,125
77,83
41,89
11,76,91,50,23,44
46,55,10,2,77
76,75,87,83,54
78,53,44,78
55,11
98,9,18,4,29,44,25
123,6,22,44,120,82,90
14,19
6,108,86,3,53
29,22,109,9,15,17
72,128
89,141
109,78
6,54,9,37,40,137,9
101,89
120,54,46
109,6
54,44,127,104
138,3,120
101,6,81
22,29,39,11,29,83
44,89
111,78,40
11,19,45,9
10,37,83
104,67
55,54
61,37
109,6,44
11,31
43,55
76,84,94,60,19,15,101,87,29
95,5
108,74,19,28
54,3,6,46,3,58,22,31,3,119,62,35,84
75,89,19
44,138
8,80
86,14
37,31,120,6,6
29,60,44,98,38,33,86,3
104,75
60,120
14,136,6,139,33
88,74,46
55,89,46,12
46,29
43,22,54,8
86,26,22
50,94,46
55,66,14,55,80,55,75,11,104,53,141,80
6,98,60
38,17
22,103
6,29,87
38,87
70,66,46
46,104,19,10,83
29,77,44,73
87,72
138,2
90,55
73,76,15
132,46
19,6
9,9
107,109,45,53,19,40
80,43
46,54,4,91
133,136,34
85,86,22
133,108
54,9
77,132
33,19,14,3
44,89,92,126,98,60,60,40,54,29,109,55
2,3,40
6,101
19,76
46,29,80,58
29,39,11
119,29,60
50,92
113,17,8,54
54,83,34,135
28,133
9,16,60
133,83
64,2
83,4,19
108,55
44,23
44,3
29,83
29,90,31,25
108,123,29,60
10,80
38,19
111,86
17,23
9,44,19,38
138,3
41,80
74,74
66,78
76,137
86,6
19,17
22,19
91,48,17,89,38,70,39,83,49,6
123,109,77,22
26,45,3
55,89
39,2,54,3
4,54,83
22,88
89,12
83,141,51
6,55
28,76,9,108
75,88
22,31,92,60,31,76,133,44,89,110
138,44
77,3
8,95,22
30,46
87,46,76
34,78,95
40,58
40,27,3,12,14
106,44
138,109
76,31,6
62,44
76,112,36,9
17,29
29,86,66
45,139
29,60,80
77,55,39,44,34,104,34
104,46,19,89
40,9,6
123,44
76,14
54,44,99,120,78,25
134,22,13
44,9,3,46
9,66
3,88,31,86
33,83
24,121
31,67,54
0,138
14,83,46
9,44,23
128,8,31
75,6
73,6,2,16
3,37,53,3,44,44,15
34,89,61,55,2,43,29
76,22,137
58,8
80,134
9,54,141
22,76
39,3,138,86,3,136,32,44
89,29,3
9,87
6,8
8,14,69,34,6,54,86
9,11
28,15
74,23,14,83,80,60,22
44,76,91,109
134,14
86,72,22,8,29,104,86,54,11,112,29,6
104,88
60,77
95,72
123,36,89
44,43
73,19,19
14,8
60,1,135,43,6,98,78,78,120,14,74,34,22,55,141,8,78,120
93,77
78,19
119,6
29,14,96
3,83
71,46
22,109,120,17,109,134,15,54
22,19,72
8,75
14,75
54,89
77,86
86,3
47,80
60,29
91,123
39,55,86
128,89
54,77
43,29
60,83
8,83
83,89
46,14
92,34
75,84,14
4,15,60
75,91,2,90,48
19,102
37,3
83,34,23,53
45,55
87,51,19
55,114,138,95
108,120
124,53
40,98,19,43
8,73
9,10
6,10
45,78
25,55,55,19
28,29
22,91
55,84,22,14
78,83
8,3,140
6,22
6,6
57,3,55,34,134,104
58,31,78
8,6
99,8
86,3,89
27,135,6
22,91
49,79,86,135,118,6
126,55,83
8,46,132,44,141,60,29
4,9,37,31
46,60
8,15,137
71,22
86,29,101,55,19,58,10,28,60,87,139
45,66,36,80,92,88
8,83
46,97
55,22,3,73,31,77,87,98,39,77,77
54,14
90,109
41,55
83,17
37,44,80
44,3
141,39,46
43,109
60,141
44,8,1,86,44,6,3
37,34,8,19,66,84,24
22,137,28
44,89
73,9
84,88
87,55,75
14,65
89,34,13
65,19
55,19,83
121,78,25
138,55
90,54
123,141
14,19,141
28,136
37,67
29,111
104,86
17,3
11,89
104,45
3,134,138
34,73,19
22,116,25,140,3,70
44,87,31,76,109
9,84,126
46,83,65
78,46,74,29,8,46,88,6
116,33
29,67
128,77
87,19
39,83,60,3,137
8,29,55,76
3,138
88,29
90,10,102,15
75,60
121,3
19,22,3
67,125
17,136
98,109,22
93,54,29
19,3
86,8,25
39,54,22
103,43
54,25
107,60
90,58
9,60
11,91
17,76,78,17,4,76
46,80,80
125,44
89,9,60
15,120,77
28,77
34,109
55,120
74,53
19,55
104,46,19,2,89,141,22
6,3
8,15
9,46
46,127
6,39
22,60
34,19
17,6
66,39
76,60
88,141,44,80
54,138
83,73
51,77
39,142
43,63,109
17,55,54
83,31
19,120
17,87
19,22
19,86
90,119,22
138,46
14,86
106,117
83,57
38,75
19,104
14,17
131,91
67,93,29,25,78,11,50,40
55,19,137,7,54
44,17,22
137,34
132,29
83,39
86,55,86,114
123,46
109,17
138,78,109,10
3,8,42,138,104
3,22,45
55,55
25,25,28,58,38,86
55,88
23,77,23
10,19
31,17,44,76,25,39,59,58
54,86
39,3
91,29,98,109
17,10
29,75
141,19,55,44,3,28,55,29
8,92
75,51
3,89,6,60,120,76,31
12,135
45,43
22,3,14,53,108
37,46
31,120,88,109
76,46,119,137,83,27,14,29,39,78,22,126,88,8,40
40,28,6,77,109,17,31,74
46,137
3,125
55,89
6,134,50,59,22,77
46,80,8
29,44,19,46,138,4,22,25,19,44,83
38,86
16,3,77,22
7,36,44,104,89,3,3,44,14,19,101
50,6
74,6
104,111
55,25
8,92,63,67,87,17
4,132,5,77
53,91,33
43,141,53,19,138
71,8
76,34
94,17,44
118,76,37
108,78,58,67,60,6
44,17,34,78,76,31,115,25,29,88,137,46,128,86,0,60,50,38,9,40,104,86,137,10,44,46,46,56,55,107,14,80,61,88,104,13,8
78,74,46
31,10
3,74,22,141,39,31,60,88,104,44,8,14,108
31,109
98,19,114,4,44,109,49,14
101,83
54,17
46,133
4,54
19,44,2
54,46
6,116
121,46,19
142,83,66
141,113
110,3,76,34
14,60,67
79,104
109,54,141
124,46,60
98,14,8,6,119,60
19,44
135,77,83,87,34,137,7
40,76
6,19,46
88,3
85,126
22,34
53,114
44,46,108,3
39,87
36,108,5
9,34
22,9,46,54
45,44,113
54,23,87,114,55,128
86,9,53
134,74,107
118,138,46
60,31
76,40,39
54,133
11,60
38,10
27,64,64,4,9,4,22,46,83,6,92
128,125
109,3
136,125
22,80,35
141,43
8,119
67,92
80,123,46
46,34,126,58
77,31
28,98
65,37
78,108,46
17,55
120,25,74,141,58
3,22,86
6,126,44,55,135,74,8
43,60
29,77,141
14,4
3,86,99,47,29
25,110
104,111
22,91
86,75,104,3,52,54,33
44,88,2
6,39
138,43
120,8,6,39,86
138,38
89,14,109,33,22,37,54,60,3,136
44,59
29,19,14,133,134,65,91,19,60,55,98,91,134,19,109,19,123,46,29,22,126,14,54,99,45,74,25,128,121,46,55,44,14,22,56,137
37,3,33
55,33
87,46
138,119,45
46,66
9,137,78,59,77,72,54,126,60
29,86
121,46
9,11,29,30,126
69,80,113,43,46,14
8,60
67,28,98,34,9
74,3,10
8,29
124,78,25
58,1,6,80,45,6,2,54,14,86,31,89,83,19,6,74,83,78
55,104
88,8
14,89
19,22
67,86,46
77,50,87,83,77
86,9,44
73,45,104,75
46,3
113,29
23,1,67
31,6,19
40,83
9,55
19,6,55,65
6,14
48,138,60,91,6,14
44,19,3,14
14,19,4,137
80,83,75
55,78
54,116
19,34
44,86
76,114,43,118
29,83
22,40,83,31,89
45,29
55,31,33
123,46
95,138,74
19,9
19,90
111,28
131,44,3,88
46,43,21
29,6
60,138
22,46,77,3
83,39
25,77,55
15,3,88,77,3,88,83,89,141
3,61
78,39,19
14,83,115
78,22,6
31,74
29,43,22,19
123,78
74,73
31,9,83,60,120
46,88,11,60,29
91,75
141,30
55,40
126,90
73,8,22
8,15,9
82,14,8
37,8
66,6
83,29
15,43,37,3
6,22,6
44,141
136,142
19,89
76,34,55
94,2,19
29,40
77,22
88,29,3
17,17,19,10,8,75
18,34,2,87,77,43,25,55,3,78,55,31
40,29,135
14,111
55,80,109
86,78,3,6
111,134
2,22
60,45
46,89,42
29,11,3
78,72
37,33
108,123,3,6
48,60
89,46,3
15,10,29
73,60
19,77,73
83,14
86,55,67
6,54
34,29
34,22
66,138
58,108
3,109,94
25,34
44,25
3,38,37,78
22,40
60,9
120,45,10,25
43,19,25,137
6,90
10,28
55,4
37,127,109,101
3,41
29,102,34,46,3
3,60
138,14
54,31,8,125,137,34,60,29
25,37,25,39,67,17,78,19
54,89
70,60,127,54,4
54,89
78,96
72,55,86,73,23,72
109,133
63,14,65
80,22
37,78
6,28,141,29
28,114
8,25,65
17,3
6,34,29
78,86,74,37
38,109,55,22,77
8,107,19,110
44,98
3,19
70,87,109,54
17,22
86,137
85,138
3,5,46
90,22,104
37,134,74,6,86
78,92,107
61,75,14,60
113,109
44,6,46,8
19,112
31,88
91,53
65,78
25,46
55,66
109,19
83,89
11,95
8,6,28,31
84,46
29,3,126,96,19,8,46,88,136,14
54,33
14,106
110,14
64,46
14,46,55
14,74
25,62,19,134
46,45
12,89
31,101,19
35,78
23,109,55
109,44,39,14
84,6
60,131
8,120
78,37
6,120
29,60
31,78,80
60,9
0,34
86,28,54
83,77,138
40,2,15,50,54,117
120,19
54,31
95,14,104
120,8
98,110,75,138,28
77,3,91,77,74,83,91,76
54,76,19,40,69,55,80,125
39,55
50,75,19
8,3,4
104,57
4,78
39,83,43,142,136
77,25,23,50
73,14
44,86
23,53
14,54,19,60,68,53
54,22
37,38
76,14,116,133
0,40
58,44
31,83,123
80,86,54
29,44
54,126,120,50
19,48
8,88,8,22,44
22,53,46
19,40,65
29,19,8
119,32,55,31
58,44,28
22,34
34,4
34,64
30,33,69
22,3
25,134
38,34
55,84
9,23
88,10,22,55,29,86,29
74,29
3,3,74
96,138
78,37
73,73
87,8,5,59
88,54
80,131,53,89,86,109,108,138
6,91,75
41,91,138,78
136,141
6,30,4,84
122,19
17,40,38,60
77,14
18,60
44,128
70,88,22
55,37
86,136
11,55
2,75
88,3,14
45,28
22,22,19,101,22
86,19,88,38,76
3,86,58
54,31,58,28
78,91
98,46,54
8,76,2
138,34
46,40,3,55,91
4,54
77,80
141,55
83,6
109,22,22,34,37,46
111,86
28,34,46
15,82,89
65,83
86,92
142,89
