0,1
2,3,4,5,6,7
8,7
9,10,11
12,13,14
15,16
17,18
19,20
21,22,23,24,25,26,27
28,13,29
15,30,31,20,4
32,33,23
30,34,35
36,37
38,39,40,41,29
42,30
43,44
3,36,45,37,46,43
7,11,47,48,37,49
50,51
52,7
46,53
39,54
55,56,2,6,57
58,2,57
59,60
61,62,63
8,34,0,49
23,64
7,21
49,65,66,16,34,7
67,68,69
70,47,71
31,35
72,71,34,73
66,74,75,76,65
40,38,41
62,2,44
77,78
13,79,2,55
15,35,80
9,71
30,81
8,34
82,75
54,40,83,84,44,85
61,86,49
87,88,17
23,89
90,42,26,3
30,91,47
74,1,30
92,93,50,78,23,40,33,38
94,12,95
30,3,96
26,24,93
97,71,63,98,99,100,47
67,31,101
102,30
54,103,104
13,39,26
43,86,3,34
70,8,86
8,72
74,44,43,50
11,47
40,105
101,51,44
23,106,21,89
66,38
107,74
49,36
34,3,43,46
89,108
75,109,2,110
111,112,73,74
29,28
15,44
11,1
32,92,33,113,23,26,93
13,95,96
9,114,34,7
81,84
8,0
65,11,4,8,53,30,31,73,63,16,115,49,62,114,3,100
3,0
39,41,38
3,30
34,3
3,43
16,109,34,116,43,74,30,4,99
117,95
15,46,52
78,54
41,46
18,82,69,77
90,11
85,115,31,90,82,86,35,73,41,114,92,59,47,71,94,80,62,12
37,72
7,118
83,51
90,16
86,73,80
119,46,49,3
31,43
63,11,62
77,38,101,54,68,41
52,32,69,23,26,117,88,54,47
107,61,1
47,11
64,96,117
65,0,30
58,95
40,76,29,41
29,96
21,83,120,95
14,35
92,121,115
12,94
21,50
77,41
40,75
13,14,64
48,62
6,24,13,113,88,95,26
121,122
29,34
123,15
107,114
29,75
91,38,78
53,116,31
34,72
47,11
31,115,81
47,109,53
70,11
47,121
2,96
121,32
60,80,116,97,74,47
7,49
27,24
1,11
63,70,102
23,26
124,44,28,41
86,49
107,61
53,65,7,1
93,83
81,7,114,120,4,46
88,93
125,38
63,47,126
41,26
64,13,95,117
125,79,85,50
81,7
111,4
31,30
127,18,38,128
83,28
54,82
69,16,6,40,47
92,26
11,100
77,121
27,54,7
95,88
3,51
49,72
114,73
40,84
88,7,23
2,95,12,88,6,58
72,76
29,127
89,27
31,115
40,41,121
8,49,3
40,44,84
12,122,33,88,41
30,74
6,75,34
43,23,96,40
21,33
53,109
38,40
50,21
37,86
78,94,25
3,30,60
92,18
63,98
90,15,5
95,96,23
85,83
63,100
41,76,40,125
47,63
129,74
91,83,39,29,44,75
81,42
91,98,21,9,68,2,99,80,88,44,27
114,107
92,93
74,47,43
74,44,116
14,96,13
75,38
47,126,11
21,26
2,122,79,6
62,89
63,120
28,13
112,4,31
70,63,100,11,112,47
43,47,40
118,112,74,73
98,31
127,27,6
57,55,88
101,75
126,63
59,14
106,50,130,89,27,87
11,116,74
119,0,49
47,11
99,63,100
118,74,73
122,54,51,26
7,71
53,116,114,62,31
107,31
126,90,1,131
84,75
7,100,3,114,81,15,62,116
30,52
85,18
103,73,67
38,44
38,78
36,132,8,72,49,103,86,3,46,37,0,43
110,30
125,40
11,114,70
20,31
96,11
80,59
37,43,3,45,72,34,66,0,49
107,21
114,100
40,29
128,133
109,20,98
72,132
92,126
88,117
83,54
88,117
31,62
6,41
93,27,96
9,11
48,107
44,91,39
82,17
87,33,27,93,50,92,108,21,23,25,89,113,32
43,65
96,106,21,33,19
127,67,85
38,93
92,33
92,93
78,17
2,122,6,56
81,11
8,30,46,45,36
63,100
11,10
80,31
96,117,122
92,23
51,17,121,67,82,77,101
12,92
29,41
1,9
55,94,19,88,95
9,0,30
30,105,96
74,114,36
44,83
7,23
49,86
62,116
92,71,23,77,27
111,21
28,100,76,16
114,74
119,49
93,95
121,101,18
37,52
0,15
52,65
29,55
3,34,62
29,75
19,23
6,19
78,41,40
49,37
21,26
47,71
3,43
118,16
17,23,54
11,16
7,0
20,11,31
49,7
39,77
20,71
122,6
27,92
70,63
6,27
4,112,120
72,114
44,75
27,89
18,51
86,0,3
57,58,6,55,122
30,90
39,75,38,29
22,130,27
1,134,99,100,63
7,10
115,114
83,29,38
75,83,39,29
85,25
61,69
114,96
100,11
86,7,90,16,135,103,80,8
36,114
44,85
98,71,70
91,92
47,46,20
14,117,95
62,65
123,41
95,41
104,78,67,85,54
9,74
31,7
85,75
39,83
74,7
4,100,92,39
18,69
34,30
19,6
86,72,45,3,43,66,49,34
65,34
77,128
87,92,113
38,23,117,54,29,75,44,104
58,14,122,33
6,91,74,13
16,7,52,80,30,90
2,55
80,132
63,102,47
11,114
1,10
42,16
92,26,22
85,126
7,35,16
8,63
114,53,78,101,95,7
91,83
116,90
49,37
64,95
84,71,52
53,11
4,53,31
114,83
16,7
36,131
50,84,38,92
16,7
123,21,94,83,95
63,13,72,123
37,11
4,31
107,126
30,51
69,13
11,53,52
42,11
65,60,5
97,74
12,95
55,96
6,88
131,111
113,23
131,73,112,81,62,53,4,114,42,115,31,74,111,61,107,116
29,113
58,100,72,66,79,127,84,11,3,122
112,81,74,115,73
85,123,41
75,124
32,54,33,92
2,6
34,43
82,34
69,85
71,109
9,114
91,121,82
33,21,79,51
92,17,29
20,41,28,10
57,101,75,105
9,74,126
47,3
100,69,53
94,33,18
23,89
92,125
105,41
30,109
90,123,37,65,48,5,56,49,47,63,11,29,128,12,114,3,40,30,0,69,66,44,88,41,127,15,9,10,6,77,117,83,101,31,17,46,92
81,131,115,74,112
96,19,23
113,18,112
69,85
84,28
86,3
35,65
112,63,126,29,34,120,125,39,69,117,31,55
9,7
112,73
93,83,6
29,40,41,38
39,40
117,96
122,4,109
55,88
87,22,130,106,50,89,27,108
9,126
132,40
95,6
30,7,16,80,35
136,95
13,33
43,112
51,78
63,103,19
25,93,50,89,33,21,113,23,106
71,83
73,109
88,79
8,30
51,128
49,135
58,41
131,116,74,114
37,15
90,127
33,27
100,55
41,52
137,125,75,41,84,124,83,91
105,69
127,17,40,64,85
3,44
41,75,121,77,84,85,104
116,82,16,107
49,0
85,75,51
22,14,7,21
126,109,53,31,62,100
43,115
11,74
15,89,41,30,53,117
7,85
74,116
94,95,69,77,6,121,51,78
104,69
38,21,13
49,3
109,99
78,128
127,82,83
18,44
65,126,72,43,7
19,76,85
54,127
18,35
110,48,3,34,8,80
89,50
126,11,31
21,92,113
27,18
75,93
125,29,124,83,44,40,75
84,75
49,34,8,0
26,54
105,41
4,115,75
74,112,31
32,21
57,88
0,108,40,46,37
82,126
16,88
14,26
43,34,86,3
88,56
44,69
75,29,124,105,28
15,60,138,59,65,80,35
49,35
52,80
11,74
2,101
10,71,63,70,9,20,98
26,12
8,49
61,4
8,46,34,108,41,72
117,28
88,2
5,80,16
11,48
76,84,38,41,40
121,18
65,0,73,31
85,104,78,121
13,93
95,117,12,27
11,63,47
26,57,41,95,76,18
49,11
16,114
88,14,2
95,89
3,87
69,54
86,0,139
98,3
79,95
120,11,71
83,29
80,14,58,52
100,11,1
47,11
113,50
73,118,74,114,62
77,93
26,38
91,51,76,67
62,131,31,74,118,114
75,5,64
96,75,106
39,18
43,65
64,32
31,134
53,74,47,109,4,70
114,90
101,83
37,132,34,49,8,3
11,126
83,106
7,90,80,65,86,59,0,5,52,30,132,48,16,43,8
34,66
9,109
128,30
18,75,83,124,69,121,85,39
56,107,88
12,58
83,44
49,72,37
75,40,83
85,30,71
116,91
48,98,11
49,71
33,50,26
34,132,45
110,74
107,4
26,75
85,133,69,127
69,27
32,23
108,106,27,87,130,89,50
83,40,96,11
53,59
61,75,30
31,76,115,75,126,23,26
42,72,84
38,16,26
67,82,83,17
30,37,34
80,60,65
3,62
69,85
40,128,14
66,139,8,49,0
100,71
78,83
140,127,120,7,31,41,116
90,5,16,52,7
34,41
22,82,92,14
96,13,122
62,53
26,27,121,54,22,2,83,88,13,89
58,88
80,140,65,138
82,101,67,77,18,121
98,83,0,114,71,2
51,39
75,53
34,37
107,71,11
110,95
34,49
84,83,92
40,62
107,7,109
3,43
72,37,34
94,79,26
58,95
31,126
11,37,80
95,6
101,38
116,11
88,56
44,89,127,95,124,84,41,113,94,78,25,75
3,72,103
126,52
34,139,132,103,45,43,37,49
103,43,45,34,86,3,46,37
83,39
54,26
95,100,126
121,18
116,74
42,55
28,13,96
31,80
85,94,128,99,79,40,47,109,70,7,69
40,94
81,111
0,49
30,3
14,96,38
31,74
78,62
54,79
94,38
56,38
43,16,20,62,63
34,49
113,92
63,16
40,3,80
29,121
29,84,40,83,44
23,122,96
66,100,55,81,69,42
2,121
41,77
96,108,113,27,26,92,88,6,14,122
32,23
97,20,100,11,71,63,1
116,31
6,23
2,27
74,114,4
22,101
135,7
85,122
38,39,92
41,40
83,117,94
62,70
121,40,39,54
114,74
62,0
95,79,12
22,25,87
116,126
75,85,44,54,41,133,91,6,67,96
114,4,62
49,124
6,12,87,58,83,95,32,75,27,2,23
49,34
71,63,70
118,114
9,116
16,30
21,78
54,67,82
123,124
114,31
127,118,7
31,70
41,137
83,85,125
73,58
34,37
31,74,114
111,109,74,63
34,110,7
56,2
82,40
91,75
95,58
74,16,47
67,85
59,16,65,30
7,66,30,3,65
116,114
113,33
43,66
56,88
26,23,92,21,113,27,33,93,89,25
7,46,66,49,90,37,16,65
80,72,75
19,14,117
121,124
89,54,76
7,26,77
3,43
44,133,62,14
89,87,33,21,26,24,32,50
44,88
43,115
7,112
75,91
42,47
19,13,122
30,62
113,92
40,5
49,46
100,74
135,52
26,89,27
9,114
14,93
84,38,104
37,34
47,126
1,17
49,70
34,44
102,1
18,83
99,47
76,121,54
63,8
66,72
82,18,77
67,18,54
43,90
39,75
106,108,130,89
124,26
60,35,80
122,17
54,121,77
80,138
15,34
122,95,58,2,94,96,6,14
88,94
2,75,32,96,18,106,26,85,82,88,29,84
109,65,31
121,69,51
78,82,77,127
63,71
31,80,114
94,95,21
132,127
89,101
80,34,7
3,48,9,7
85,89
45,3
117,14,6,94,2,12,95
66,43
19,13,117,96,14,95,12
66,37
127,84
100,51,74
109,1,120,97,63,47,70,9,20,134,10,102,99,71,11,100,98,126
63,11
62,34
75,63
35,49
30,7
3,43
3,34
121,33
34,3
18,69
93,26,6
31,107,47,74,100,99,63,114
31,41
30,99,9
89,130
78,18,104,82,69
115,118
57,56,55,122,6,2,88,58,79
94,117
90,16
126,47,11
16,30,34
12,78
54,39,92
44,40
66,49,0
70,10
37,3
65,114,131
104,69
95,69
41,43
39,29
30,65
7,48
36,46,90,34
100,3
63,11
23,82
126,114,62,47
54,126
96,64
33,92,113
116,47,7
124,26,63
87,32,22,106,93,92
70,117,126
74,112,131
37,45
83,75
114,27,64,9,141,51,26
16,114
19,96,13,122
6,26
80,5
18,40,26
94,27
62,4,114
55,6,2,88
117,57
50,23
60,49
74,67
3,47
93,12,33,87
78,85
38,18
79,6
49,9
31,22
106,75,83,95,77,6
137,41
100,4
116,49
50,113,24,23,26
66,65,30,49
92,113,27,50,26,93,89,33
101,121
83,39,69,40
120,47,11
116,1
62,31,74,112,116
126,47,100
8,96
104,30
89,33,106
112,69,4,9,58,26,96
95,117,96
122,127
99,114,100,111
96,94,19,117,95,13
15,44,55,45,75,3,85
47,40
13,14,95
14,96,12,94
22,89,23
109,53,98
116,109
138,59,15,35,60,5,80,65
21,40
54,29
81,47
48,30,110
11,74,63
3,65,76
47,70,98
43,34,139,3
141,65,80
62,116,31,53
30,110
31,121,43
49,37
55,2,56
82,121
69,127,54,78,104,128,85
83,68,104,44,18,75
93,92,27
98,31
44,33,68,13
43,80
37,43
76,28
49,40,77
26,81,42,94,124
95,58,96,2
23,106
63,3,7
126,119
31,114,74
54,116,62
63,70
18,77
37,31
74,47
112,52
127,128
68,75
71,52
107,31
49,34,132
51,44
122,55
55,6
107,82,85,31,52,124,75
53,62
22,130,108,89
121,77,133
49,36,80,30,90
3,53,46
101,2,70,53,11
59,7
12,95,77,91
18,121,78,69
65,7,80
142,5
16,52,37,36,7,66,49,43,3,60
90,80
15,119
76,83,68
81,31
90,31,35,65
74,69
102,1
15,39,115
63,93,6,7
3,36
18,30,31
116,46
100,49
0,30,45,52,34,7,43
31,12
111,116
3,36,37,43,34
58,47
117,44,76
4,26,75
108,50
92,21
17,23
23,83,38
118,114
28,17,67,78
78,122
104,84,29
89,87,93
55,88,56,2,122
20,74,99,53
142,67,24,29,88,39,38,12,41,18,96,121
93,25,23
81,71
104,85
30,72
114,29,71,16,41,63
20,98,42,62,111
114,116
62,11,37,7
116,114,53
18,51
9,20,109,99,98,70,63,71
104,116,77,11,53
98,47
41,62,29,92
77,83,127,44
108,50,89,27
87,130
75,74,62,43,91
31,62
50,27
52,63,7,114
104,82
66,80,34
12,33
44,39
52,90
52,30
16,141,59
14,13,96
11,62
11,30
7,16
85,104
92,89,27,106,26
84,40,41
133,26,38,95,92,82
78,85,128,104
11,70
85,78,54
127,121
25,113
62,115
40,85,23
49,66
3,95
47,71
39,85
50,27,108
14,72
111,114
75,44,29
80,30,90,36,35
70,100
52,49
82,29
38,114,92
39,18
42,4,53
12,93
14,73
38,122
11,53,116,31,47
69,104
103,34
115,70,85
32,87,89,33,26,93,50
76,40,28
54,53
43,30
7,52
114,4,53,116
89,18,2,78
110,127,29
85,93,44
47,39,115,96
19,14,95,12
35,80,4,47
47,31,30
73,74
94,16,75
74,53,116
107,111
35,14
111,30
70,53,74,47
29,41
96,95
117,13,96
3,0,46,43,8,49
80,7
88,27,2,93,64,106,50,23,96,6
40,28
114,121
85,17
120,11
93,56,2
7,47
54,6
96,14
30,52
39,44
65,59,138,52,30,48,7,16,80,110
76,38
16,43
85,33,93,78
62,107,9,42,90,120,34,109,1,3,30
59,16
47,49,65,80
75,83,29,44
132,4
28,23,17
107,11
88,57
83,68
41,84,44
36,34
138,65
8,72,49,0
10,141,31
82,77,40
51,121
74,11,35,30,115
96,92
104,136
31,47,4
81,4
44,69,77
67,85,84
96,55
2,95
115,9,53,11,4,114,31
51,6,57
120,63
8,114
34,37,30,3
43,60,114,59,63
118,31
127,75,128,50
43,7
31,20,132,11
34,43,49,3,72
30,80
132,49
76,128,67,82
43,54,90
11,116
19,92,21
96,33,133
62,10,71
89,82
31,34
96,117
21,23,25
100,131,109,3
75,62
6,83,101
49,124
24,59
113,79,76,18,93,75,6,77,26,56,55,101,44
88,56
29,40,76,68,75,91,38,41,39,83
67,18
27,33
77,69,54,121
38,136,93,41,125
96,89,121,82
36,34
60,80,7
109,49
82,91,78
40,80
6,96
104,44,94
43,45
69,54
100,63
11,47
46,90
47,71
36,102
80,7
50,24,106
47,49,84
125,91
12,95
8,132,49,34,7,59
31,116
12,95,96
11,98,63
0,3
46,63,31,53,3,49,43,11,7
4,116,132
122,79
63,71
127,122,14,64,19,101,6
123,41,83,84,40,29,44
114,42,62
11,47,9
52,16
25,108
88,95
80,30,7,65
49,66
47,74
81,30,65,16
24,23
107,4,114
82,126,20
6,96,13,14
108,130,106
53,113,114
111,31,129
89,34
116,66
21,33,26
87,117
9,73
115,98,100,62,31
0,49,8
16,107
107,109,116,41,114,40,33,135,27,122
115,111,74
108,32,122,92
33,23
82,63,31
7,9,81,118,66,74
88,79,6
77,121,82,67
67,58
106,127,27
92,26
40,76
74,85
123,76,40,41,38
92,14
92,2,6,23,33
23,85,26,44
80,6,14,52,49,111,44,74,8,94,41,54,3
115,43,90,96,27,41,109,11,7,122,4
77,39
44,31,63
18,17,104,121,77
121,68
128,54,28,40,44
30,47
74,31
49,66,0,8
46,7
107,85
42,4,62,114,53,112,31,116,74,107
73,99
74,65,34
83,124
121,127,69
70,11
23,33
90,80
76,83
22,18,113,40,39
10,63,11
2,14,58,6,96
56,18
121,89
75,29
0,37
116,81
65,47
2,23
77,51,121
75,104,78
17,1,134,66
62,114
49,52,7,60
31,20,3
77,69
47,39
96,86
44,83,38,41,96,127,75,77
113,33
85,69
6,96
30,15
16,90,52
16,7
77,127,85
47,139
40,29
100,4
116,18,85
78,85
7,52,110,0
2,89
44,40
34,49
91,104
91,29
14,35,21,109,44
38,121,83
82,67
101,19,0,69
60,3,31,53,36,17,47,20,49,50,38,72,77,74,86,93,4,114,105,132,13,110,81,19,117,90,85,116,5,70,120,34,37,23,71,26
31,116,16,88
44,29
57,55,122,24,106
128,44,83,40,69
47,50
24,56,94,21,57,25
88,2,79,117
124,54
76,96
46,3
126,63,47
47,11
30,59,15,45
86,8,49,3,34,46
92,26
98,47
4,49
40,122,41,84,87
11,47
117,76
71,100
65,132
94,95
3,0,132
21,134,30,16,55
29,44
107,114,116,53
30,16
29,6,7
9,62,112,70
121,82,77,85,104,54,101,142,51,18,69,67
50,7
8,97,74
29,62
41,7,74
35,34,30
73,107
49,0,80,16,59,7
16,31,11,103,47,7,62,4
29,113,96
121,76
26,12
39,38,44,96,54
92,58,94
20,100
109,126,99
42,53
108,27,25,87
95,84,51,108
74,107
116,31
3,34
85,121
48,2,30,49
73,62,81,31,61,131,116,114,115,74,4
6,93,92,32
56,122,88,6,2
121,106
107,104,11
93,21
7,30,48,0
121,113,77,26,28,85,33,39,75,69,18,96
7,11
24,23
101,80,83
142,127,54,51,121
50,12,38,83,117,104
72,103
30,16
106,117
30,8
66,38
70,58,47,44
63,107
54,82
96,41
63,114
49,107,62
38,75
8,36
71,9,63
84,18,83
77,28,69,40,12,83
76,91,18,41
38,76,41
141,63
93,44,63,8,110,78
9,20
100,75,7,34,23,13
99,53
31,74,107,53
52,115,0
85,127,121
30,7
101,39
137,41
96,62,114,47
83,76,75,44
75,23
117,6,94
49,43
75,85,38,40,29,69,104,121
33,26,32
107,53,114
6,58
99,31
29,40
29,75
13,122,14,95,23,93,26
67,101,18,51,82,77,17,121
74,100,37
65,7,3
78,44,38,76
87,9
37,8
49,8
16,30
44,39,40,41,83,127,68
101,85
33,90,87,52
40,69
55,96
16,30,135
121,115
108,74,71,79
26,35,80,74
127,32
44,75
38,44
47,11
81,73
0,45,8,139,37,36
23,33,93,92,26,32
27,22,108
44,95
62,53
7,16
88,14,12
19,96,6,95
80,16
74,115
48,7
8,43,0,3
84,83
116,31,114
7,0
14,117
126,11
80,63,98,11,74
46,73,77
52,30,7
77,14
18,17,69,85
89,49
31,107,62
