95,104
185,557,253,57,930,2,334
2,1123,675,10,4,15,111,871,85,4
4,4
159,406,574
784,4,729,116,119
203,4
489,224,12,3
15,86,15,847,254,515,179
92,96
119,66
112,254
254,265
3,10
292,225,256,913,223
6,379
25,2,593,371
3,596,4
105,159,316,105,106,106,94
24,65,21,973,846,1089
256,1104,82,434,15,579,87
90,802,7,895,159,94,4
7,257,226,1019,85,992
222,94,223,415,78,15
554,120,622,111,553,253
545,551,1112,176,972,553
111,570,88,57,91,650
593,15,94,226,399,89,109
124,205,1061,2,123,114,756,3
85,255,2,20,734
107,430,88,180,88,113
964,57
255,619,87,366,254,107,257
398,435,257,98,91,223,90,93,107,15
221,104,912,58,537,159,89,791,123
15,287
881,96,96,15,74
993,284,56,256,137,87,8,607,2,225,113,424,1095,15,111
99,107,267
475,692,89,799
97,219,160,182,755,438,279,65,885,505,116,719,199,256,483,116
137,4,15
816,733,255,226,782,185
763,253,315,999,113
1097,7,740,2,4,401,160,387,357
357,12
4,218
109,179
113,891
65,753,181,117,60,526
3,160,87,357,1100,222,86,87
107,170,6,401,90,882,300,604
7,141,96,226,266
86,181,439,83,90,63,590
293,8,132,3,119
15,652,10,112,554,2,111,15
985,333,546,9,119,107,534,177
881,219,4,681,388,1079,94,15
113,1028,176,804,4,105,1039,15
94,735,219,111,756,4,124,139,258
98,301,580,175,292,4,159,171,10
113,86
91,112,87,89,268,8,56
72,684,499,7,13,235
147,8,225,518,4,160
447,3
108,163
510,254
573,1022,118,784,4
8,551,878,111,105,15
480,4,124
119,228
1016,3,15
15,511
15,21
891,1051,57,4,111
60,96
58,219,701
159,104,500,1028,4,99,15,65,89,222,111,442,63
395,854,227,492,7,92,356,115,57,225,63,512
931,176,354,681,2,223,108,675,88,394,56
57,3,2
6,436
50,98,160,921,416,90
10,1050,222
83,9
910,78
4,4
89,6,333,78,29,668
553,253,118,1058,15
525,829,2,124,257,4,58,1023,15,800,2,256,740,686,2,644,257,508,90,189,105,43,118
1045,1034,4,2,5,254,239,317,882,612,254,5
242,10
516,516
41,88,255,291,506
3,90,315,3,373,108,63,253,119,40
118,113,176,247
2,400,357,2,117
57,4,1057,554
113,315,1000,15,575,159,99,3,119,50,93,393,15,596,266
2,104
160,466,3,618
4,10,124,777,57
292,843,266,2,87,440,2,107,59,112,108,94
114,1005,68
813,219,228,347
4,666,90,20,414
436,7
2,3,29,10,112
684,222,153,735,96,171,261,525
379,15,570,256,119,318,98,652
581,1141,15,2,99,15,257,551,60,880,182,292,15,292
395,56,105,3,454,116,914,21,93,89,929,644
2,3,89,15,363,48,598,402,859,4,18,6
2,736,1038,15,38,2,184,692,289,207,345,187,87,1014
109,3,301,96,483,15,159,97,58,119,222
49,2,4,91,15,4,269,6,691
113,90,94,9,769,577,998,2
15,82,586,107,345,137,4,676
21,15,4,1147,737,6,3,7,10,4
58,847,114,219,345,402,58,56,107,94
60,114,609,9,1089,2,735,9
3,740,92,159,8,65,78,266,516,88,587,108,350,4,78
6,95,221,114,29,214,473,69,253,224,4,157,256
186,3,176,186,798,35,907,84,116,317,86,94,86,503,90,3,541
113,644,123,169,268,160,123,111,925,224,105,4
107,267,87,694,246,15,3,2,423,1043,5,58,2
1048,765,3,223,112,2,137,8,962,4,554
493,4,1140,111,10,504,3,63,802
459,560,4,175,493,187,916,106,281,629
400,2,359,87,316,4,91,705,94,58,183,56,600,379,495,414,112
912,4,2,60,2,2,516,114,86,15,882
2,6,221,344,32,91,10,58,137,114,652,96,714
50,56,124,176,618,134,262,9,32,207,475,164,113,58,796,41
93,895,800,218,58,60,219,50,1095,2,66,3,253,113
48,4,3,5,653,853,15,88,10,65,6,553,257,515,185
15,115,82,243,1030,120,221,489,15,257,256,7,159,867,160,849,257,118,105
501,753,90,961,1042,170,8,183,862,580,255,423,59,268,399
107,4,58,160,378,4,275,966,3,3,117,224,123,78
84,222,644,648,140,675,90,181,253,362,105,22,260
267,99,7,223,324,681,433,553,111,97,483,9,765,3,153,110,415,184
4,96,559,2,561,85,107,12,4,87,233,42,954,553,585,15,105,219
15,504,12,3,4,2,60,55,897,503,396,254,334,644,111,705,4,256
2,708,480,4,101,4,43,5,85,25,743,175,686,253
6,1016,108,94,257,124,887,274,90,98,112,226,5,7,135
87,175,126,2,116,344,88,227,3,555,99,293,467
220,491,57,137,843,549,2,741,113,4,428,182,253,611,993,698,9,2,7,207,692
57,587,107,111,219,97,186,3,178,113,740,89,528,176,85,5,137,436,783,60
15,111,604,109,227,610,5,4,724,59,8,93,93,5,170,115,160,159,184
115,84,291,735,279,56,170,560,226,801,97,799,256,96,15,2,7,2
2,60,226,5,182,176,209,106,3,91,996,4,115,97,492,119
111,851,255,97,906,560,89,184,9,57,710,276,269,169,4,3,114
4,97,8,12,267,63,131,256,58,96,223,202,106,435,613,516
317,257,176,4,844,116,985,357,187,575,91
118,255,3,609,3,104,318,3,257,483,834,357,260,119,90
709,256,57,119,114,85,141,160,253,10,621,266,994,675,90,343
116,185,69,782,107,113,115,18,223,107,274,9,778,515
290,140,766,94,60,563,98,1139,106,58,21,114,228
113,975,554,58,87,113,451,247,15,497,850,117,2,302,211,219
12,15,153,87,12,302,137,453,571,257,15,3
114,114,160,317,847,835,424,20,60,10,963,60,3,364,10,765
107,115,112,78,268,113,564,515,97,137,843,120,643,95
2,2,407,415,687,2,83,2
967,119,285,32,80,256,755,2,3,558,95,90,90,702,388
89,270,257,296,2,223,56,1134,982,4,292,21,84
2,6,480,56,113,1111,24,747,765,554,105,515,615,98,415
119,257,111,686,3,60,113,56,554,97,198,704,503,10
49,57,1117,345,89,18,104,516,60,3,32,85,424,863,9,15
182,465,253,114,3,95,800,40,94,4,179,118,3,779,218,90
112,784,267,15,300,2,94,30,733,198,7,215,2
100,111,94,112,2,500,357,665,835,644,111,24,378,158,69
554,105,160,15,893,900,14,583,738,2,735,1085,25,56,159
2,323,994,171,114,423,18,88,302,108,137
155,113,1016,684,1060,5,3,458,790
86,113,185,587,815,10,87,118,9,292
20,257,159,139,115,7,799,815,93,111,142
3,529,181,58,57,484,506,24,276,114,112,551,78
184,179,582,4,381,89,709,205,184,22,686
6,159,107
606,116,692
24,58
87,845,96,778
701,277
116,453,222,323,65,10,400
29,980,8,357
776,33
549,182,217,215,676,15
179,82,91
114,344,154
509,124,3
309,359
5,853,92
96,60,4,56
18,94,590,786
157,34
99,798
2,99,999,94,124
219,185
118,92,1111,301
724,185,111,105,105,464
4,114
86,96,89,219,215,2,113,5
3,911,114,12
184,3,94,790
817,117
376,59
128,10,357,3
107,198
5,12,128,179,4,54,816,94,428,8,47,94,293,89
21,4,253,90,9
343,3,871,182,823,4
116,220,266,817
796,884,878,296,115,13,89
8,119,249,6
183,219,644
159,465,953,816,256,130,2,3
117,42,160,429,114,3
66,1024,636,56
291,336,266,4
1128,933,7,553
179,3,384,9,267,119,58,94,124
223,107
7,135,193,3,724
107,356,12,114,78,20
1077,78,107,34,90,113,4,562
256,85
492,9,3,644
3,119,492,1105
233,408,56,6,63,596
9,5,12
272,315,170,171,86,2
15,111,119,370
160,219,56,94
669,92
932,114,3,554,18,267
579,24,438
3,347,59,9
15,384
56,303
10,746,983,217
15,181
275,2
301,636,2,750,93
735,56
266,159,117
5,91
357,60,599,4,4,741
208,121,255,159,277,10
257,58
114,103
15,272,108,920,3
1,58,114,15,63,296
589,1046,78,218,268,6,808
184,792,89,123
113,185
112,5,807,687,612
401,57,4,112
151,63,15
85,86
59,90,31
735,12,540
150,82
503,113,256,369,493
799,159
300,816,453,562,228,4,255,253,95,881
63,737,2,4,15,222,706,111
90,119,12
554,220
365,15
607,219
92,480
2,126
415,90
292,86
47,15
113,90,59
41,493,601,401,60,1138,28,8,451,118,58,38,60,112,92,765,4,90,609,269
647,394,58,290,9
88,866,848,235,5,458,1106
133,817
101,3
114,4
107,400,56
769,483
3,223,88
96,592,454,420,998,112,267,593,95,56,57,220
606,507
12,480,591,366,43
56,123
946,15,1030
3,97,558,4,97,112,1010,799,256,118,5,7,58,63,5
601,113
107,3,1000,247,112,254,119,384,254
95,85
10,15
4,553
254,57,215
87,1046,3,90,943
465,159,137,56
467,253
2,4,62,612,266,107,7
56,609
112,123,24,15,3,115,281
87,222
458,112,609,352,2,1013,692
730,2,111,765,899
116,15
3,688
228,242,2,674,113,215,900
15,226,652,92,63,66,805
460,144,300,56,15,94,4
207,7,63,686,289,45,159
1111,4,3,502,110,58
6,4,414,558,67,95
786,716,303,58,4,104
223,8,407,4,8,3
97,97,114,3,182,119
1076,2,418,644,150,2
516,141,119,15,2,159
37,254,86,1103,93,599
1115,24,257,119,7,85
1147,21,1034,116,94
255,92,223,65,15,9
116,24,124,800,82,91,456,847
6,70,116,169,1127,48
60,257,449,681,87,292,644,458,94
114,180,272,788,218,348,184,872,706,197
206,175,219,114
874,9
246,76,56,86
766,159,511,278
182,256,93
140,149,96
185,107
6,97,86,3,253,113,152,112
798,675
123,112,644,257,434,687
222,99,171,109,257,255
257,118
1041,807,344,225
273,504,257,56,137
865,610,225
370,913,1043,94,3
65,798,81
798,843
227,98
300,3
175,771
227,896,2,610,740
9,15
10,4
105,226,247,122
160,553,108,9,6,5,57,15,9,176,15,3,123,99,703,56,191
89,590,94
333,119,219
224,733,82
90,117,58
8,94,225
112,2,4
343,380,553
681,207
386,4
59,610
292,90,429,15,222,40,416,363,15,266,105,485,227,2
553,107
3,56
253,28,108,551,7,7,603,489
293,1029,6,506
90,87,107,123,765,708,267,116,90,406,86,453,253,119,67,146,2,105,525,208,113
253,176
2,9
817,315,12
848,124,254,49
87,692
4,4,488,4,96
503,89
63,53,4,15
255,247
41,177,301,87,632,344,114
97,9,2,4,104,503,502,116,159
9,549,15
29,2,4
66,107,157,400,4,58,89,194,112
367,955
359,7
12,568,86
89,159
665,817
6,4
124,74
436,60
574,453,260,6,583,15,28,224,160,114,232,4,119,118,553,254,24,105,107,15
394,234
293,160,2,670
10,118,479,114,368
112,544,94,1100,643
159,86
24,4,4,698,179
102,842,137
95,89,89,3,619,84,95
4,112
3,762
15,15,113,18
344,920
20,253,247,516,184,253,97
218,606
15,1144,323,847,2,86,184
113,4,256,117,380,153,880
93,311,394,434,977
93,15,15,89,335
48,291
58,1105,106,173,15,56
98,3,107
87,553,114
94,113,787,119
292,107
113,94,4
4,112
145,87
25,341,175,384,222,60
85,558
4,1050
219,91,13,608,304
219,10
12,344
312,112,57
643,1021,778
112,1094
3,60,7,34
6,449,317,139,87
86,586
823,434
310,159
2,4,2
3,15,95
104,104
7,7,58,4
692,215,1005
4,137,769,58
94,34
226,982
942,60
124,99
280,15,831,625,111,253,558,735,115,609,547,618,311,255,106,109,926,58
292,108,630,606,737,5,1016,110,4,28,334,105,254,2,605,177,1019,8,218,89,823,8,221,58
849,9,254,2,816,58,863
269,12,1005,93,169
344,247
2,8
115,441,660
4,263,670,857,15,42,113,66,185
3,60,666,13,6,15,253
21,160,10
407,77,18,50,435
420,2,257,1117,255
3,15
739,5,60,247,204
6,965
95,203,4,5
101,681,57,16,238,5
15,456,1065,123,453,256
573,186
150,94
2,2,118,836,135,782,384,1008,9,4,226,119,306
93,89,255
87,314
735,545,478,96,300
247,5,3,78
83,15,107,221,2,119,124,87,171,110,63,143,24,97
15,60,180
98,649,246,123,271,3
944,710,119,2,3,114,255,551,964,644,416,269
756,138
482,267
5,184,58,277
60,5
8,685
816,879,4,827,85
116,685
106,1087,2,96,3,703,90,292
535,78,300,111
316,84,2,57,182,110
87,13
456,112,406,3,87
805,50
506,4
572,219
204,345,118,347
300,94,3,2,343
100,123
253,2,268
1001,214,3
253,87
10,302,253,458,95
256,271,94
111,279,160
98,794
359,57,110,15
159,800
456,847,224
4,9,836,3
112,116,21,88
219,4
3,257
112,142,15,57
109,106
315,4,87,185,681
87,116,816
99,301
91,505
742,59,270,6,115,4
24,300,90,15,184
180,56,1062
219,1039,382
221,2,333,3,854,256,757
87,39,160,227,257
5,81,107
106,137,4,554
394,253,1130
611,728
4,603,110
4,159,6,15,985
12,300
111,275,160,253,110,141,1015,113,272,15,687,509,117
96,50,159
87,281,15,96
255,321
257,124,87,60,733,99,63,88,110,2,4,269
15,24
928,107,57
506,247,111,7,21,222,112,424,94,2,182,268,59,21,345,107,115,643,89,89
256,401
4,96,6,159
334,56,738,119,462,215,737,58,1101,293,153,60
281,85,441,159,606
96,222,119,86,182
589,86,12
850,525
171,624,1034,225,945
534,695,66,81,59
57,4
15,255,412,255,553,160,450,367
94,223
476,357,434
516,2,114,920,215
485,551,4,5,205,94,247,3,1093,677
967,4,383,434,2,686,273,183,8,60,226,97,611,87,91
180,5,142,1116
228,271
56,875
60,255
97,612
119,66
124,184,604,160,269,380,49,569,2,4,87,28,227,3
3,684
812,1116,763,147
2,655,328,293,56,2,489,60,87,12,2,4,105,500
2,4
29,58,82,651
7,269,735
94,3
161,106,159,48,738,94,540
692,58
969,8,630,58
415,124
94,735,249,537
56,90,215,268,40,684
6,372,215,5,170,215,255,56,251,816
18,94
8,15,226,270,18,219,5,182,684,182,56
25,114,227,509,4,684,825,686,116,87,95,160,292,78,86,98,112,97,292,94,24,114
803,8
15,3,5
87,454
2,764,2,3,8,92,815
58,185,28
465,222
54,507,2,90,60,246,3,109,104
2,8,34,609,3,1096,58,459,104
4,108,137,644,59,20,648,9,93
78,3,3,111,7,89,7,7,692,159,104,26
177,48,515,787,111,123,4,184,643,816,117,2,59,34,3,111,643,3,925
222,87,817,4,18,107,222,15,671,942,251,201,261,94
34,3,817,4,78,2,253,114,493,254,57,112,111,754,225,15,3,3,15,13,644,114,108,84
271,774,685,6,219,102,101
90,896
141,90,3,112,91
748,516,93
89,1042
2,7
107,98,65,32,846,219
226,90
254,158,414,21,15,530,89,475,221,119,226,123
7,145,10
325,1082,96,1083,5,458,115,503
28,60
56,752,114,8,86,1145,87,87,301,122,256
113,223,407,878,4,611
107,1030,87,58,253,179,483,107
4,106,492,179,194,57
4,91,1038,113,5,98,118,906,34,177,492,301,427,34
414,1144
24,4,925,78,516
15,4
497,58,107
175,208
57,3,618,58,112,491,253,119,56,551,1017,3,254,3,573
51,15
3,116,182,255
765,1042,3,6
783,615,6,735
116,290
3,415
473,705
219,2,56,4,185,2
982,99
48,157,1030,153
113,1128,107,498,15,1108,660
228,5
115,8,56,3
5,89
622,3,12,969,267,219,119,105,78,525,421,599,184
221,110
4,3
119,224,78,4
255,99
101,3,458
273,26,365
181,2,334,4,170,4,255
440,70,256,2,110,86,72,33,314,183,219,87,564,217,4,90,160,58,106,15,517,104,732
2,15
34,123
112,4
611,198,41
119,407,6
1126,816,32,93,3,8,198,271,595,897,692,3
643,799,3,2
5,675,159,224,2,118,1088,709,882,184,4,69,9,58,102,493,184
82,488,58,6
160,108,89
992,692
6,160,882,7
3,7,344,44,84
21,94,284,817,97,223,111,2,110,56,65
381,90
7,19
830,85,60,160
255,63,3,142,3,38,127,57,253,9,90,382,91,1055
119,3,6,109,97
119,93
111,254
644,121,6,3,458,114,119,669,95,603,687,15,7
800,58,159,81,154,32,817,253,12
223,866,96,254,124,159,22,3,4
2,7,3,153,97,401,453,78
317,950,48,6,100,158,119,93,105,85,97,4,185,117
42,110,118,184,176,60,248,6,89,180,153,644,831,4,253
516,223,357,119,58,96,58,599,4,735,57,719,218,416,7
3,91,4,28,160,865,146,547,439,257,4,107,143,169,4,78
5,142,20,852,111,206,124,873,223,251,4
113,271,107,137,113,185,733,159,109,2,739,516,90,873,2,434,226
105,94,204,222,4,112,292,86,124,15,4,551
41,554,4,15,4,1024,32,299,515,257,3,553,169,15,7,268,990,851,415
56,686,4,96,116,448,95,21,94,98,92
228,516,114,516,5,98,315,92,115,99
10,89,301,32,159,401,333,391,57,119,159
2,2,107,4,56,866,219,110,515,90,89,65,219,347,169,30
7,281,14,185,784,114,415,318,2,181,223,60,34
41,1080,185,121,18,94,50,107,528,247,887,6,111,99
57,257,6,159,173,15,117,1120,892,159,373,104,735,1094,468
314,343,230,370,1,1123,60,21,421,4,3,97,469,520,255,58,92,829,227,257
32,204,2,107,106,119,169,677,87,2,88
3,5,596,307,181,107,1104,2,998,495,366,85,187,105,276,15
93,114,32,128,58,253,989,90,90,83,10,692,994
516,15,6,506,681,992,315,254,112,251,200
129,10,255,59,113,60,463,107,10,253,99,15,1005,57,222,964,91,515,112,58,113,554
219,66,59,124,137,89,817,2,219,21,4,489,5
221,152,253,466,826,88,1071,415,78,692,9,91,13,256,88,554,174,20,887
5,247,65,372,255,15,5,20,112,2,468
2,503,88,803,3,15,226,92,15,15,226
426,20,436,78,15,4,224,73,99,63
159,14,48,2,186,15,98,254,1095,1064,15,506,396
4,516,705,5,257,454,515,219,12,113,2,97,222,2,697,56
219,58,2,137,323,643,59,871,89,702
476,3,487,765,211,85,3,4,257
224,57,3,58,206,94,2,15,3
5,59,89,31,124,8,15,253,159,3,798,415,56
60,300,182,798,59,98,459,6,208,1,41,546
551,118,15,115,2,56,3,495,946,363,4
111,987,626,10,254,735,74,712,591,171,554,1086,113,399,671,10,63,4
94,90,221,100,799,84,219,999,25,50,255,185,389,172,119
97,58,710,540,2,4,644,9,92,15
112,29,1021,434,60,108,7,618,83,413,253,6,103,505,253,292,137,9,881
399,293,91,2,704,87,89,3,1019,219,58,163,170,2,101,111,733,619,94,266,60
87,2,94,609,63,854,84,109,226,3,249,2,276,7,49,612,116
357,643,57,228,328,104,590,121
692,300,916,1069,921,73,799,786,382
107,59,96,114,116,540,83,113,398,119
861,878,15,256,111,15,87,42,275,57,90,15,2,7
455,185,266,140,8,176
643,2,231,412
3,107,137,52,714,495
750,24,107,15,98,823
317,34
2,853,10
411,684,110,151,458
114,314,2
692,3,117,949
107,227,3,407
3,970,429,588
643,943,21,3,219,90,225
257,89,106,140
90,185
84,577,706,116,1018,809,4
181,8,254,495
118,187,946,104,607
96,219
4,7,554,2,255,90,85,66,881,816,2,57,2,407
15,117,119
12,112,123,3,89,899,104,58
7,849,89,87,1018,257,38,551,20,160,246,255,3,57
48,32
4,94,181,108,116,78,218,88,57,98
104,111,222,113
379,18,94,554,3,199,119,4,159,56
15,88,223,555,116,1003,2,314,97
192,182,98,5,966,328,254,4,87,29,3,60,58,85,809
692,1148
997,619
1040,611
87,14,1023,219,3,226,619,849,848
32,60,58,7,817,94,29,3,990,99,804,90,2
4,87,382,159,89,115,366,123,107
112,560
6,456
97,183,314,1010,56,7
153,57,692,255
292,24
4,89
4,399
146,15,24,222,255,25,113
445,3,1102,504,664
82,116,692,90,2,652,8
3,9,542,56,6,663,706,354,10,763,159
817,2,2,159,58,112,1064,962
56,226
314,255
159,223,6,217
2,5
8,409,816,327,1114,86,347,185,2,66,15,137
760,137,88,2
69,4,15,301,219
420,912
223,619
362,219,2
63,4,9
58,18,206,60,273,176,880,763,13,94,208,70
783,66,3,90,187,29,891,78,117,631,160,4,300
738,90,116
57,159,12,119,533,180,2,414,223,114,1077,7,865,1016,104,882,612,90,882,253
3,845,105,675,18,226,4,2,798
4,95,86,90,553,10,458
12,98,3,92,66
608,8,54,15
4,4,278
57,1011
43,709,256,816,227,3
124,2,185,107,376
4,256,113,12,91,9,98,255,256
312,255,90,733
3,57,34
10,169,2
292,175,5,107,219,225,1105,4,177,414,60,910
553,553
816,110,5,58,553
681,92,119,3,15
4,107,113,4,86,1079
991,4,12,93,111,58
729,735,767,105,119,1118,2,223,489,300,292,489,94,24,177,994,251,8,2,88,56,57
182,372,107,8,119,114
163,3
223,597,4,499,1113,7,119,756,700,5,158,60,82,95,871,60
114,684,460,160,228,106,341,785
35,58,24
107,223
320,108,184,881
34,63
58,21
9,81,21,117
4,764,50,114,114,553,2,57,256,516,816,119
95,112,58,614
998,96,215,105,3,7,137,11,977
690,93,8,3,2
106,5,116
56,2,3,679,52
321,137,675,2,253,256,473
15,882
90,114,506
1128,15,230,184,3,868,256,111,493,254,95,5,2,456
91,97,407,170,247,93,553,66,3,59,91,257
78,269
516,5,1035
24,4,688,85,2,159,159,176,139,415,107,816,629,15,56,15,56,34,595,119,119
5,407,3,4,380,2,7,113,3,2,58,111,300,256,551,34
218,456,178,3
30,111,20,995
98,137
104,736,219,344,742,186,302,95
58,626,572,830,740
317,7,63,94,255,709,65,87,110,190,558,659,2,735,832,4,111,93,81,160,124,4
609,457
88,253,8,86,112,5,467,303,110,198
15,344,90
25,90,117,302,127,255,56,56,3,107,137,267,609,59,3,35
242,93,2,32,380,223,90,504,111,123
365,66,34,456,29
112,261
4,93
91,553,172,15,119,24,113,979,4,186,89,10,184,301,15,5,609,345,227,619,272,554,495,1117,458,57,48,448,60,160,185,162,150,90,141,675,160,159,60
130,112,108,119,548,3,644,12,82,190,467,2,83,77,711,59,4,854,179,58,293,18,196,786,90,255,908
115,493,6,1139,314
922,15,3,2,59,92
13,256,3,204,90,523,3,816,93,204,1126,1023,59
198,740,107,58,113,249,255
3,685
543,95,554,1021,32
7,15,553,487,113,81,2,291,58,119,333,57,109,1089,644
252,1003,170,3,997,95
59,551
4,63,60,944,646,59,379,130,3,85,256,847,85
337,107,801,8,99,273,4,416,293
6,60,150
116,495,561,13,15,3
1029,255
89,816
503,735
254,25,58
3,4,255,169,912,89,91,256,6,701,606,119,882,92,89,119,2,618
835,2,107,104,1123,555,32,90,108,56,415,906,367,20
739,15,89,121,370,317,82,4,204,37,675,338,554
32,21,989,224,247,182,835,226
3,1002
686,235,58,257,112,4,89,493,2,107,55,107,60,196,94,57
5,554,215,5,94,15,203
63,94,213,180,169,257,112,798
10,119,428,3,97,835,301,87,15,2
640,56,83,15,4,3,253,223,20,520
9,276,94,835
6,2,119,601
375,737
724,181,290
103,86,107,273,114,111
7,276
4,492
59,238
533,7
643,223
223,491,21,396,105
112,267,370,7
157,95
891,59,181,271,571
113,516,214,51,3,116,4,89,4,407,106,68,6,793,119,97,254,15,3,2,86,25
4,253,313,293,5,266
97,2,2,994,702,516,3,732,4,401,100,219,214,2,114,87,317
118,6,111
354,24,1052,88
7,292
115,936,475
89,93,1146,4,266,499,57,401,464,92,476,153,56,159,2
87,90,372,114,3,42,56,93,113,260,191,611,279,225,89,78,119
20,401,21,15,78,7,2
59,254,219,60,56
682,227
5,766,99,178,118,111,107,7,25,822
737,4,57,7,101,144,608,692
10,348,83,160,86,56,459,87,453,495,119,58,4,327,515,705,219,124,63
159,119,254,58,423,553
317,912,350,159
222,4,85,269,775,255
272,119
343,113,676,4
160,690,8,589,98,219,403
58,645,3,113
221,10
8,85,4,34,140,215
383,15,91,6,107,87,107
583,222
223,162
14,105,94,690,98,96,256
15,2,222
257,169,32,70
108,675
15,4,1096
256,181,1100,860,8,247,6,107,4,643,215,226,7
82,94
96,4,2,96
89,15,140,89,296,97,90,515,4,735,949,113,10,10,158,40,109,20,80
2,89,881,226,2,107,1077,159
313,967,10,647
3,96
576,160
286,6,800,3
391,12
110,141
209,398
219,142
108,115
587,480,192,87,2
198,2,15,92,3,90,106,2,448,423,169,21,186
95,204,335,116
114,180
5,554,925,104,107,553,255,99,735
185,570,273,343,943,187,5
57,114,59
66,66,255,608,265,4
3,56,947
91,963,223
12,1037,735,56,20
219,591
738,256,554,91,24,60,34,56
203,159
960,567,913,497,6,607,713,57,760,301,2
414,2,692,21
2,96,86,111
208,89,7,257,90
21,489
607,106,58,89,224,735,20,119,3,590,24,599,553,2,1111,57
54,302,56,56,13,107,4
116,111,291,5,926
3,269
63,48,3,2
3,508,91,735,554,1049,169,556,1090,3,189,24,89,311,370,347,431
94,89,113,3,15,5
515,1121
832,311,335,553,317,6,78,293,648,737,95,112,383,848,895,48,3,4,74,643,816,137
160,77,257,82,607,458
107,255,137,219,3,60,119
59,348,652,265,273,553,35,153,170,296,12,15,2
644,255
398,903
123,370,993,357
1132,215
253,89,111,12
185,108
70,107,116,3,364,119
557,1017,5,706
87,101
488,31,141,3
58,610,223,94
111,541,553,481,84,5,218
685,57,171,5,399,4,329,570,99,4,10
325,215,255,78,6,58
6,554
92,859,470,88,971
414,90,78,129
344,415
108,4
116,317,255,21
47,255,491,63,273,959,343,370,3,89,2,60,253,2,175,423,205,3,89,15,78
709,760
292,5,215,696,401,473,77,2,170,798,15,112,311,783,254,347,880,94,85
357,107,81,730,472,396
123,267,162,994
118,89,91,80,182,57,508,854,744,105,112,3,994
610,644
8,117,3,97,186
278,4,85,144
347,90,730
89,99,261,681
225,20
847,1116
97,78,816,56,4
7,257
4,115,56,227,4,293,89,104,185,797,584,3,169,471
882,453,996,219,59,300,122,24,681,5
6,1065,4,3,183,918,123,739
3,394,179,4,2,391,112,96,3,3,78,85,739,272,399,994,4,159,12
56,550,922
226,89
86,104,516,657,183,458,10,90,426,154,4,278,12,518,224,160,778,254,57
2,754
692,2
284,757,607,436,66,215,15,58,301,95,1094,114
659,4,3,171,110,1083,183,2,169
159,752,644
59,255
789,2
89,10,226,60,255
94,410,59,170,87,160,254
95,618,113
137,86
609,366,93,637
763,299
291,2,21,853,223,223,104,169
2,82,12,223,692,42,99,115,2,226,10,8,96
1136,366,89,741
185,268,4,257
9,115,108,415,56,90,10,7,314
185,755
176,140,22,78,9
87,111
215,2,8,87,9
572,184,159,88,255,1113,60,337,2
453,293,228,2
88,219,171
123,183,88,950,93,257,96
266,601
7,432,162,253,472,4,3
85,107,5,208,254,110,107,496,94,516
692,159,98,4,116,10,160,110,159
185,65,3
5,159,943,59
2,2,124,119
785,3,798,260,123,94,15,140,171,89,58,3
170,999,2,481
117,40,18,15,3
648,441,704,603
750,611,254,105,255,123
112,491
264,589
12,89,15,680,5
255,89
94,58,5,359
692,142,673,108,200,317,4,279,108,252,350,2,113,20,58,114,119,58,114,90,86
56,73
816,89,39,821
4,888,4,86,317,98
343,114,447,159
246,520,94
70,116,257
254,9,254
97,249,144
436,631
164,82
686,61,15
63,906
551,247,724,78
502,90,51,118,84
3,288
121,3,503,105,989,118,256
4,597,78
151,15,1065,87
137,10,570,14,1039
57,344,15
3,799,228,81,501
6,273,1098
58,51,413,529,819
89,2,589,113,799,2
85,115,598,185,506
