0,1
2,3,4
5,2,6,7,8
9,10
11,12,13,14,15,16
17,18,19,2
20,21,22
23,24,25,26
27,28
29,30,31,32,28,33,34,35,36
37,38,39,40
5,41
42,43,44,45,46,47,48,49,50,51,52
53,6,54
55,56,57,32,58,59
60,61
62,14,16,12,63
64,10,29,65,9,33,66,38,67,68,30,69,70,71,72,56,73
6,74
48,43,75
76,77,78,17
43,48
76,7,2,17
50,52,79,80,81
82,83,84
85,86
87,88,48,43
89,73,29,90,32,91,92
93,50,94,95,96,97,48,98,43,49,99,80,52,100
101,48,43,87,102,103,45,104,52,51,105
106,49,107,52,108,104,43,109,45,110,111,112,113,80
114,115,116,86,117,118,119,120,121,122,123,124,125
126,77,17,127
128,7,129,18,130,17,131,6,132,133,134,135,136,137,138,139,140,74,141,142,26,1,4
31,35,143,29,144,32,145
12,146,147,16,148,149,150,151,63
139,74,152,7,53,153,154,155,5,1,26,6
156,157,158,85
159,68,160,161
2,133,5
162,163
164,165
166,97,81,50,43
29,167,28,32
168,169,170,25,142,134,53,23,26,171,5,172,6
173,174,100,42,175,176,177,178,179,180,181,104,182,49,183,50,184,48,51
185,186
81,187,50
43,188,51,52
14,118,12,189,190,11,191,146,192,193,125,194,195,16,196
197,198,199
200,58,29
201,202
116,118,203,157,204,205,85,125,206
207,208,209,210,211,45,51,212,213,214
215,37,60,216,72,9,28,217,218,29,32,68,219
7,220,24
221,57,222,223,58,218,32,83
13,224,11,225,118,125,226,227,228,16,63,201,229,192,230
43,45,231,232,233,234,235,48,52
14,236,237,238,11,239,118,125,21,240,86,241
242,86,243,16,123,229,244,120,125,12,245,117,246
119,246,196,118,243,247,248,249,192,125,250,251
4,252,25,132,253,6,254
204,16,255,256,118,257,201,258,239,86,11,259,12
260,231
261,262,263,264,89
231,43,95,212
6,168
10,145,73
265,16,266,229
215,267
25,139
45,52,268,166,231,49,48,269,101,270,43,271,104,214,272,273
49,106,52,166,104
143,91,274,275,82,276,73,57,261,90,277,278,32,29
48,279,280,281,80,43,97,88,52,282,50,283,284
285,286,24,287,288,6,4
4,289,139,140
290,248,192,291
292,5,134
293,294
68,40,37,31,295,38,215,296,297,69,298,299
133,198,199,300,301,302,287,6,26,76,168,25,303,304,139,169,1,140,5
231,43
73,305
306,307
308,101,104,103,309,174,45
310,18,311,24,7,153,312,140,6,313,5,314,4,132,2,142,53,199,315
25,23,316,3,6
157,119,86,125
5,302,23
317,318,319,320,24,314,321,322,323,4,168,26,324,25,197,17,139
202,259
51,166,325,326,327,45,328,309
134,26,329,6,139,138,2,5,25,330,17,323,7
5,18,331,332,23,333,310,6,128,334,335,289,3,53,17,4,336,1
28,58,30,69,31,337,36,338,339,57,340,341,37,342,343,38
133,6,7,344
170,345,5,171,4,132,301,346,2,139,7,6
16,86,14,347
16,348,85
349,261,340,82,60,263,28,30
343,350,30,28,58,32,73,200,261,351,218,29,65
352,43,51,175,48,166
14,12,229,16
48,52
192,86
17,19,77,353
16,229,228,86,119,85,354
355,86
18,333,131,356,313,357,130,289,312,304,358,359,360,2,1,361
280,268,52,79,48
362,66,30,215,363,29
180,364,43,49,50,365,231,42,366,52,48,367
309,104,368,369,370,371,101,51
68,372
33,32
98,373,182,43,48,52
374,192,201,375,196,376,243
282,48
101,52,377
378,18,254,139,379
239,258
261,215
261,33,380,92,145
85,11,381,382
39,68,215,305,31,66,145,383,69,217,38,33,384
37,385,38,72,68,32,29,222,386
68,65
387,388,380,69,389,31,33
390,79,306
179,391,182,98,325,51
116,239
229,85,392,16,393,394,395,11
28,396
85,86
5,18
52,99
356,17,26,18,397
398,116,399,86,22,400,265,121,192,125
302,142
132,78,333,140,139
180,401
402,104,401,45
26,360,7,5,253,403,25
404,42,180
7,6
214,49,231,48,405,43
9,406
407,190,257,157,189,408,85,12
48,43,284
50,325
215,383
11,409,85
331,26,7,410,411,403,6,302,170,285,168,142,332
412,368,326,45
73,32
182,43,48,112,233
361,413,414,415,52,200,43,416
309,212,271,417,418,174,98,97,419,368,420,81,104,51,79,52,214,272,231,43,45,48
214,281,97,48,43,52,79,370,271
229,251,258,239,85,11
119,148
421,48,405,326,52,50
132,53,4
249,85
413,375,422,398
201,257,157,86,423,22,116,424,245,203,425,426,118,119,256
80,52,283,282,97,48,43
97,370,309,43,164,427,48
49,80,52,50,43,48
38,31
251,119,157,118,86,428,115
429,243,125,119,157,121,86
18,316,139,199,430
16,407
251,115,118,192,122,249
143,215,431,28,31,61
12,196
25,53,7,330,17,5,18,432,1,433,434,6,435,4
180,436,437,52,80
16,190,22,85
438,74,439
440,441,442,215,69,61,145,383,443,444,32,445,446,68,73,261,31,447,295,38
36,38
128,5,4,448,26,314,25,353,449,313,335,450,336,76,142,74,451,6,199
120,452,86,125
70,57
48,52,180,113
76,142,7,17,8,18
453,6,454,455,456
457,99,405,377,458,80,181,180,97,419,79,52,48,43
192,459,196,125,224,256,460,249,248
289,360,140,77,17,461,139,361,313,462,333,18
6,2,138,463,324
196,251,355,464
389,69,465
104,284,52,43
139,466,467
139,6,467,76,26,18,468,131,25
16,239,469,470,119,471,114,191,120,11,472,473,474
52,43
29,68,10,475
476,209,309,368,421,45,418
139,477
324,468,130,289,5
91,28
119,86,478,248,114,479
74,1,304,480,4,481,286,252,25,168,310,53,482,18
419,52
48,231
243,125
85,16
85,12
271,43
52,419
11,85,392,239,408,12,229
360,8,4,139
29,32
7,25,483,484,134
25,7,6,5,26
97,48
258,485,392,229
486,309,214,48,231,45
368,43,48
57,29,73,200
231,175,487,48,488,43,283,42,209,52,45,489
1,4,310
7,468,490,5,130,6,76,140,24,133,2,18
491,125,12
339,66,299,492,38,10,40,35,215,493,494,31,37,495
98,496
5,313,25,497,6,361,498,139,142,360
216,305,35,495,84,492,34,69
12,13,258
86,478,249
6,199
499,31,69,500,501,215
502,503,101,52,42,309,50,504
337,58,505,506,221,60,261,507,73,29,32
68,508
509,143,510,73,58,38,65,261,145,68,33,32,511,66,215,31,216,512,28,60,37
380,513,31,10,514,68,215,33,69
483,2,162,17
515,516,411,140,139
16,85,14,517,518,519,146,520
292,313,2,142,26,314,356,140,18,53,17,23,411,4,171,5,7,132
420,401,45,521
48,103
522,147
225,250
393,125,86,16
28,200,33,523,68,37,524
400,114
31,525,216
251,247
48,526,45,50
386,215
408,192,196,11,239,527,528,225,125,86,118
514,529,530,384
6,24,287,411,7,26,5,23
97,43,52
37,215
48,50,43
180,212,51,531,231,48
532,386,351,215,200,61,58,68,297,33,27,216,343,28,533,534
45,101,521,51,104
208,309,45,373,51,104
535,91,261
43,271,536,45,52,101
300,5,198,24,435,54,490,6,26,74,537
26,220,538,5
104,39,539,50
26,287,7,142,6
220,314
386,540,37,31,33,494,492,38,295,68
104,309
43,104,48,208,79,52,284
541,45
216,32
542,389,500,66,543
29,84
66,494,544,37,38,545,465
45,43
40,386,217,261
115,22,464
546,26
1,320,199,360,18,4,74,2,324,132
4,547,287,139,2
53,24,7,548,6
53,5
549,550
196,258,248,195,119,249,520,125,229,16
366,48,43,551,97,284,42,52,231
76,129,552,334,432,553,2,292,554,324,555,556,311,302,139,130,484,18,25,435,77,53,17,74,557,140,361,26,313,558,135,5,430,559,7,310,360,131,23
86,374,228,115,118
461,76,140,289,130,18
442,72,33,73,90,37,560,543,31,69,339,384,38
139,561
188,45
562,229
563,51,231,564,214
32,565
101,421,177,112
149,12,229
212,566
285,74,567,129,439,345,294,302,26,54,134,324,5,171,25,568,142,569,7,287,432,6
570,65,218,263,261,28,571,73,32
48,43,572,51
287,131,220,538,26,53,286,6,130,573,4,8,17
145,10,475,387
574,26,575,285,553
214,43,401,45,231,48,104
43,419,45,48,101
235,377,419,576,231,52,306,49,43,50,80,97,42,48
42,281,52,43,282,50,48,419
26,25
53,18,197,131,552
104,102,577,180,49
285,294,6
33,578,68,492,37
579,80,48
192,146
157,580,581,247,192,375,125,398,582,118,86,202,119
211,368,309,45,401,51,583
584,46,585,173,309,496,419,586,80,75,208,81,43,180,48,45,52
264,29
483,5,587,53,6
48,50
51,43,377
588,220,139,302,171,198,589,130,454,18,142,7,23,131,6,74,140
119,125,590,157,460,251,85,591,249,245
25,293,53,592,6
22,354,593,119,192,594,125,249,591,16
595,360
57,29
395,243
22,192
125,248
5,139
248,400
218,596
101,45,584,212,597
24,598,333,7,74,1,3,254,5,6,599,378,4
383,215,72
419,112,52
48,52,50,231
201,203,600,400,205,85,118,459,245,12,601,16,243,14
602,43,50,97,365,183
132,603,7,435,53,23,18,74
360,137,468
380,73
98,369,209,604,325,605,583,51,420,104
22,257,256,196,249,606,582,347,118,86,192,245,243
354,607,192,608,148,409,119,86,408
2,609,134,131,310,168,410,610,6,130
18,2
611,612,251,86
282,43,234,613,48,50,614,52,231,615,97
363,73,616
617,618,210
69,619,38,66
74,7
125,409,157,225,620,255,621
419,622,421,623,624,625,180,602,563,626,97,627,597,210,48,628,43,165,212,52,42,365,502,45
12,14,85,470
48,421,309,81
130,18,139,629,6,313
45,98,97,214,210,271,101,231,43
125,122,115,192,630,86,118,251
119,631,116,157
12,115
632,633,559,311,358,359,76,322,3,313,289,634
33,37,305,341
13,635
231,636,43,52,51,214
40,69,37,33,29,297,338,507,72,32,38
500,68
7,5,4,356,6,360,199,287
496,637,638,209,100,104,214
257,245,424
74,17
386,639,90,27,28,33
149,85,12,196,125,157,119,201,400,118,243
31,341,640
641,37,40,69,380,72,215,68,642,38,643
8,311
51,174
384,40
215,28,68
125,86
20,607,229,251,120,12,644,86,645,485,646,16,157,196,469,125,248,119
49,583,80,488,174,45,234,235,180,52,51,42,284,419,97,101,104,504,48,88
593,13,11,22,464,647,16,201,258
648,38
74,25,198,435,439,6,23
7,6
17,6
38,73
649,414
40,341,68,650,33,651,465,72,35,67,30,69,28,534,90,29,278,66
548,131,311,329,6,53,2
98,391,636
305,40
276,535,218,29
142,1
229,239,400,14,399,652,125,594,16,653,249,192,429,227,606
32,545,654,29,305
587,25,655,53
225,656,229,85,11
31,33,68
80,178,282,180,48,657,97,88,183,233,50,49,627,79,52,576,43
492,386,31,28,340,30,69,658,215
659,69,31,35
38,159,33,69,161,384
30,71,60,535,28,144,596,660
40,10,28,73
48,80,661,231
662,325,48,419,51,52,45,214,98,576,180,282,43,583
6,357,663,5
311,356,664,76,435,25,665,8,17,140,304,6,4
32,666,667
215,69,33,388,37
119,429
605,179,105
245,119,225,114,258,22,229,191,248,668,116,14
6,5,333,7
97,50,42,669,52,48,43
212,48
76,555,2,4,18,670,139,6
229,114,239,245
202,114,157
45,43,52,80,405,536,49,97,48,563,214,50
313,77,139
214,231,671,672,279,43,98,673,97,185,51,48,536,45,674,49,539,272,80,104,50
409,13,429,675,119,20,668,16
45,51,101,676
86,251
28,383,677
119,426,157,678,679
45,326,52
395,16,191,608
86,14,680,395,205,201,681
11,682,16
683,400,426
537,41,321,2,663,360,4,6,684,142,548,289,130
518,485,14,22,125,201
243,251,125,245,248,201
133,5
58,37,91,685,10,215,59,338,532,29,32,31,28,442
26,0,686,138,74,7
125,118,119,157
687,199,688,361,131,139,18,314,4,304,2,289,130,76,17,8,360,310,132
689,309,377,231,627,51,52,180,80,42,183,43,690
70,383,31,441,72,217,9,492,38,691,295,385,33,215,161,560
375,400,119
360,25,684,692,361,139
249,118,149,693,86,241,393,694,12,192,695,696,225,125,16,697,14
97,52
261,37
656,13
646,393,225,201
356,139,360,140,199,4,311,17,8,314,663,698,132,2,553,555,18,699,77,379,76
700,212,51,48
183,180,281,365,232,231,49,43,701,307,624,563,419,50,52,405,48,80,42,657,97,99
360,6,24,289,25
58,702,83,28,65
311,139
71,30,58,703,60,28
168,139
66,38,215,640,37,217,530,69
31,221,704
121,248,21,147,705,485,118,246,706,429,680,398,528,245,12,85
271,97,419
305,73
251,118,375,707,21,192,256,248,201,580
596,38,31,9
526,586,708,101,671,615,328,108,81,104,231,539,52,79,51,50,45,43,97,48
215,28,709,514
409,11,247,118,429,16
354,85,635,710,711,257,712,16,12,241,86,248,201,519
605,43,104,52
104,673
584,51,45
38,691,305
80,97
173,231,88,48,79,52,97,43,50
57,30,65,29,218
339,713,37,33,514,475
85,409
72,37,714,145,33,514,715,295,475,31,716,69,267,68
12,395,14,191,229,16,258,85,11
214,51
142,717,24,131,41,18,139,138,78,361,467,25
369,309,617,272,637,51,45,718,207,719,370,212,165,421,566,108
418,45,104,182,211,214
627,181,43,231,419,720,79,52
22,118
641,37
7,25,128,140,721,432,4,589
53,23,722,6,7,432,26,133,198
303,516,332
687,18
723,125,375,118,121,16
48,366
324,432
512,667,159,642,68,443,10,33,509,724,305,215,465,545,339,216,297,69,31,38,725
369,617,583,272,211,212
198,537
49,184,52,637,80,418,43,48,165,45
29,58
11,191
96,51,212,726,566,45
231,99,42
43,52
258,123,392,727
537,24,5,311,18,126,142,432,728,592,6,54,26,74
245,148,13,647,14,426,116,117,20,257,11,16
43,602
216,72,729,648,385,383,704,386,362,33,215,650,35,66,38,37
25,129,6
74,135,26,7,76,2,599,314,129,360,434,6,131,220,139,4
214,104,182
28,730,91,65,82,60,221,57,59,278
97,52
16,395,522,464,241,520,258
104,50,368,48,52,43,49,674
603,484,1,598,310,139,8,6,25,731,4,311,732,5,78
733,53,140,19,139
145,37,619,734
735,18
4,312,361,139,18,632
48,97,109
6,17,26
97,736,50,306,307,488,109,43,52,49,231,80,48
43,48
23,53,5,6,139,699
724,28,31,73
26,324,432,345,737,548,74,410,731,6
38,68
53,23,26,686,6,171,7,168
698,6,17
168,432,26,172,6,53
245,115
231,48,50,79,52,738
57,28
48,50
80,50
739,16
45,48,180,270,419,231
11,409
4,17
51,45,165
373,181,48,52,43,740,214
418,536,741,80,48,52
447,58
316,302,76,314,6,138,742,311,360,142,4,733,321,2,26
52,214
88,51
139,7
115,743,85,225,192
249,744,426,125,116
38,200,215,60
245,85,608,251,157
745,97,166
17,313
746,562
29,73
38,37
25,747,134,24,23,220,6,665,331,5
748,420,272,51
239,12,229
420,235
210,97
8,198,139,6
749,6,25,2,139,289,360,53,750,751,17
384,431,215,73,28,507,84,10,33,38,30
215,654,30,72,384,752
543,386,215,29,753,68,339,28,65,38,494,216,32,37,532,57
31,73,216,754,35,69,384,339,755,32,756,33,28,383,650,9,725,757,500,215,342
43,97
37,35,532
117,85,375,243,758,116,191
153,304,76,168,6
4,26,23,316
60,29,271,45,561
49,759,97,271,52,48,43,279,760
458,52,531
514,494
411,434,142,26,8,663,130,761,7,762,2,18,360,763,6,764,128
31,380,387,68,297,765,465,545,35,216,494,145,69,38,766,72,215,305,33
6,53
6,5
229,85,656,407
48,43
157,767,120,86,22,768
37,769
112,48,166,46
215,31,380,770,659,37,33
52,48
45,51,214
6,132,154,7,548
605,182,326,52,98,576,504
198,4
32,262,65,27,91,771,772,60,29,57,263,73
382,485,229,190,758,392
741,773,50,49,282,97,231,365,79,52,419,48,43,80
774,125
380,278,775,145,651,32,35,68,83,58,60,31,776,362,33
311,553,432,25,777,26,324,140,7,599,18,132,24,360,6,286,313
38,37,507
677,215,30,69,339
687,77,4,172,6,17,332,763
66,68,216,69,84,215,651,10,778,31,340,33,57,296,779,73,702,261,60,38
16,11,190,85
258,11
479,20
202,249
115,125,16,86,239,395,194,491
184,760,97,780,781,52,782,80,43,419,48,50,231
6,53,285,8,311,24,468,314,18,558,26,555,5
200,72
168,783,538,25,455,54,74,129,152,292,142,5,24,198,761,26,287,7,53,303,6
243,157
35,776,754
258,115,125,192,413,245
514,60,215
53,6,26
136,559
172,25,4,8,311
180,97,52,51,46
4,139,360,784
421,45
604,52
192,785,786,203,697,118,246,257,787,125,413,429,86,706,120,201,122,205,247
52,43,97,50
32,69,523,445,40,68,387,33,35,73
730,278,57,396,261,702,507,58,73,65,82,775,542,29,788,666,752,28,90,32,218,351,64,789,30,338,790
778,29,32,91,82
133,126
202,520,15,125,429,229,12,120,115,251,86,791,246,16,562,191
231,49,792,280,43,80,419,52,48,180
53,311,559,17,131,1
793,33,60,28,715,72,69,794,440,795,651,215,261,514,40
231,419
30,73
51,214,179,45
285,53,54,747,344,25,7,23,168,332,548,142,345,5,220,24,198,777,26,292,172,6,432,74
53,333
6,310,140,432
6,54,731
229,12
101,417,182
340,31,215,10,796
43,45,419,48,536,80,104,792,504,98,365,52
53,26,6,7,129,288
38,475,69,29,216
168,435,329,7,797
798,243,16,675,116,528,13
799,429,800,157
263,801
672,174,272,566,802,371,101,51,165,212,45,214,496,104
33,494,70,465,37,380
28,386,57,340,73,33,215,218,803,543,66,492,804,794,383
780,234,52,49,48
272,214
134,5,17,360,467,139,2,54,26
383,380,389
231,210
33,69,465,215,383,339,384
32,58,10,33,715,38,68,72,492,29
338,28,71,73
295,38,383,33,494,10,386,31
86,21
235,48,43,79,52,97
48,419
119,125,247
118,125,123,119,189
419,97,563,80,48,50,180,43,805,52,184
69,30,295,32,524,492
52,43
12,119,118,460,249,86,696,806
43,419
183,97
807,31,33,648
377,231,808,52,175,105
314,378,310
17,53,285
52,46
70,809
118,21
52,231,48,97,80
738,43
28,261
50,810,80
33,387,431,339,465,31
617,370,811,674,214,166,45,309,209,812,51,210,813,814,165
192,157
241,408,229,12,193
21,251
815,80,48,43,50,79,52,419,816
33,69
10,817,441,216
28,82,654,73,775,32,29
39,10,305,35,216,72
26,25,133,818,53,134,5,6,334,344
80,819
188,231
145,278,33,820,447,35
41,74
339,757,38,31
8,139
5,289,4,74,76,8,454,688,7,142,821,26,18,784,6,287,25,198,139
26,292,133,822,24,435,7,324,74
16,518
157,653,86,229,12,245
505,70,32,68,30
757,65
823,245,22,125,228,156,114,591,249,122,196,824,825,201,645,119,86
576,97,48
441,69
43,52
73,69,31,66,685,33,218,826,363,565
58,33
31,755,827,71,267,37,58,828,532,73,38,262,383,215
426,196,251,408,86
58,779,73
28,83,73,406,829
149,830,16
68,215,38,72,441,33,831
125,86
7,569,6,53
69,388,33,512
392,832,400,429,157,833,834,86,460,12,119,249,591,229,11
835,393,16,712,485,12,590,239,836,11,85
52,421,43
440,514,221,10
174,182,602,45,418,52,51,180
214,369,496,604,104,210
251,85
837,249,125,228,590
43,48
838,839,120,840,241,86
219,68,82
6,567
109,48,662,174,165,45,496,563,402
192,245
264,29,60,35,33
6,74
611,228,196,121,192,125,244,243
131,76,841
16,149,125,192,842,11,157,243,843,520,196,86,248,259,382,13
52,48
139,547
759,211,43
686,7,138,629,6,24,23
229,12,121,21,201,191,739,225,237,393,16
69,827,31
125,22,157,122,119
48,45
528,225,190,844,656
5,139,313,7,6,17,8,449,357
79,52,845,183,43
25,846,847,53,252
367,373,50,51,412
533,72
52,97,48,43,45,283,99,564,309
229,16,14,147
257,118
86,119,191,146
16,85,13,12
31,215,68,350,69
168,848
251,7,769,48
49,563
309,51,373
7,25,483,53,26,6,324,285
51,105
298,529
311,6
132,18,379,254,2,553,7,747,139
401,418,849,51
305,200
850,47,88,539,97,282,81,50,851,42,852,48,43,419,52
178,52,48
10,660,33,570,853,69,659
28,274,380,69,218
244,255
231,52,582,492,313,81,28,258,50,229,43,11,48,24
413,398,125,854,86
309,390,855,50,856,180,105,811,97,49,280,418,94,51,52,209,672,43
207,421,210,209,857,811,104,858,166,103,101,309,636,214,859,700,536,476,45,401,802,51
32,84,28,58,596,57,222
10,33,66,57,35
65,73,261,32,860,84
110,741,43,52,97,231
380,296,10,443,33,31,68
542,28,386
32,804,514
131,360
300,18
57,33,386,32
97,51,43,48,173
857,811,108
239,409,861,85
16,125,464,85
862,442,28,30,69,33,65
5,169,133,6,863,731,435,26,74,53
17,538,6,547
375,247,205,611,86,201,125,119,864,157,645,865,245
113,45,81,604,370,101,419,212,458,79,48,43
421,180
73,297,33,532,38,37,32
85,398,119,16,422
572,866,214,105,867,327,373,96,272,45,104,182
48,868
243,668
174,207
32,9,542,396
50,97,52,43
61,91
311,6
869,280,107,563,50,231,80,419,627,49,43,175,626,97,671,745,79,52,271,307,503,48,281
1,6
119,413,251,242,830,125,85,870,710,114,190,157,192,239,854,265
871,581,86,119,290,249,125,375
130,18,1
199,132,728,139,311
145,215,853,752,872,60,500,641,219,28,68,827,69,38,37,73
51,45,624
873,358,468,2,313,17,18,289,315,1,333
48,180
77,4,314,361,874,875,2
476,420,371,214,486,45,102,566,94,521,876,536
324,7,23,311,2,595,139,6,53,313,5,26,140,74,411
132,77,53,698,131
542,340,58,28,29,754
48,97,52,43,174,45,214,50
29,73,27
491,203
48,97,626,81,792,856,88,52,43,50,877,80,42,284,419
218,757,416,30,263,90,29,28,878,278,32,58,363,445,879,616
8,1
686,880,881,329,23,7,24,324,172,6,783,74
229,85
494,32,159,68,298,882,29,28,305,384,827,223,35,33,69
37,650,295,38,794,267,68
60,831
17,448,361,26,462,333,482,24,313,2
130,663
459,14,117,16,86,125,239,400,229
883,7,153,25,26,74
124,251,459,376,398,744,787,116,118,125,86,243,201,119
231,47
85,408,13
11,190,245,250,225,86,85,395,854,239,14,118,238,835,125,202,119
563,780,672,42,284,421,884,88,51,52,43,368,564,46,486
261,885
229,85,12
89,886,37,68,216,28,69,33,513,887
197,289
73,38
201,833
12,85,653,229,125,580,149
239,237,12,399,485,85,464,194,11,158,229,835,408
6,5,888
272,674
139,889,132
46,52,81,49,657,80,458,48,42
316,76,78,633
210,104,51
192,398,229,400,125,228,11,194,116,16,601,13,245,590,249,608
301,4
52,50
256,228,890,251,115,236,865,86,192,125,871,459,645,246,157,196
584,852,231,48,80,602,50,891,212
281,272,43,892,108,893,99,48,894
528,590,85,16
895,104,421,210,896
255,14,897,16
33,69,61,492,714,68,10
65,362,33,34
131,17
408,375,645,426
45,182
898,104,401
899,80,306,81,42,43,741,851,419,563,87,111,231,97,79,52,708,48,50
29,262,58
28,29
21,125
900,594,115,243,201,85,249,157,656,22,86,400,119,121,398,245,16,901,612
843,196,125,192,119,86,122
48,52
192,119
902,604,104
4,53,357,26,17,139,25,6,142,5
170,24,19,26,197,664,435,6,5,254,18,131,140,74
314,559,889,751,903
4,587
398,426,904,115,20,192,697
38,215
53,139,24,155,171
220,344,18,324,735,7
12,682,251,86,590,117
71,445
97,88,180,43,52,51,104
4,287,7,314
52,48,269
31,905,37,906,514,305,215
11,85,407,620,392
307,214
889,1,139,5,18,432,360,168,310,907,333,285,130,26,313,435
216,261,69,571
22,242
71,507,264,32,60,677,793,28,442,776,263,278,73,58,84
408,675
17,516
198,6
362,33,68,37
37,69
60,349
99,284,81,231,780
408,16,258,239,392
76,311,24,7,220,140,289,26
5,6,53,655
215,69
532,60,69,31,414,908,493,441,71,32,776,215,261,33,28,73,29,909,216,72
194,675,705,408,399,11,12,206,229,85,464,258,16
910,474,147,11
143,431
653,682,201,115,620,157,119,125,229,400,835
10,261,216,535,465,33
119,85,21,237,192,125
505,886,261,57,30
57,305,446,32,911,441,912,83
201,125
74,126
192,115,149,646,243,843
32,535,28,882,730,30,542,73,776,92,29
356,448
795,447
51,101,521
231,780,48,80,52
140,131
913,4
647,116
132,139,632,2
119,16,914,226,125,485
638,42,604,421,48,214,614,894,419
421,48,52,43
46,48,915
249,118,116,251
118,374,125,251
916,686
231,42,113,419,214,48,52,577,576,690,43
85,146,229,415
360,4
332,131,883,699,4,126,53,411,321,26,289,285,917,17
48,918
282,419,174,597,80,101,212,43,48,52,51,97
6,537,411,26,199,313,311,358,53,133,289,138,139,198,361
670,4,313,137,139,142,574,132,516,26,438,6
496,48,43
182,919,97,105,43,604
229,635
5,53,220,7,74
461,313,663,670,130,4,356,311,784,18,688
920,221
180,282,234,182,43,48
139,265,26,119,52,420,210,309,134,4,17,33,82
652,871,196,123,11
8,921
30,29,507,71,776,570,535,59,73,32,28,734,543,57,218,60,431,58,200
286,54,733,131,128,18,6,74
590,474,12,697,125,258,157,122,580,242,712,13
922,10,33,263,923,667,32,596,57,73,38,757,68,387,216
696,245,114,924,249,746,203,115,228,247,375,125,192,157,925
43,52,97,99,235,627
448,18,139,24,310,5
712,249,229,926,668
43,927,97,657,626,104,166,102,79,52,80,101,748,48,45,164,371,185
50,309,51,52
314,26,17,8,7,432,316,360
52,107
30,887,32,372,912,37,29,58,31,60,383,446,35
43,52,51,48
43,231
43,231
630,429
472,115,645
98,80,674
125,157,14,11,580,118,116,146,122,225,16,590,259
215,339,68
441,658
88,648,2,17,252,69,50,29,31,261,364
69,215
57,827
928,4,301,132,1,140,2
38,341,887,32,55,339,33,145,29
6,168,310,4,134,302
45,811,929,214,98,309,930,104,101,486,51
139,456
511,494,37,510,351,826,492,641,215,200,10,33,931,261
38,32,540,57,68,29,794,215,60,543,298,36,35,33,931
419,43,52
24,5,53,18,432,6
48,231,97,43,419,52
23,448
229,86,118
29,533
321,253,134,435,300,763,432,23,170,24,438,74,26,932,133,6,5,324,515,7
180,624,419,52,43
933,361,438,548,18,23,74,140,7,130,2,139,17,360,6,358,25,928
48,419,51,79
53,846,26,74
31,514,275,215,33,69,809,509,222,934,73
738,893,231,935,458,45,165,42,50,79,52,48,628,43
517,229,291,914,354,115,125,258,22,202
248,119
432,863
8,139
289,74,936,5,937,26,314
64,938,73,772
89,28
939,170,6
68,379
516,310,357,18,735,940,609
339,380,941,295,372,494,35,755,383,512,37,10,215,305,38,942,69,529,33,159,827,943
605,45,212,51
843,249,251,944,125
45,421,326,214,166
29,829,339,68
134,140,168,24,356
38,29,386
81,43,180,48
97,49,566,47,272,271,80
307,43,48,52
31,514
65,788
20,157,119,258,645,121,14,85,549,16,945,123,229,190
339,501,341,70,33,31,69,39,216
421,42,48,661,165,52,231,43
17,873,7
343,30,73
670,314,751,17,4,140,322,321,131,6,946,764,863
54,289
555,18,322,699
202,114,21,123,201,116,843,413,612,459,247,429,256,947,86,245,948,192,251,22,119,125
