0,1
2,3,4
1,5,6,7,8
9,10
11,7,12,13,5,14
7,15,16,17
18,19,20
21,22,23,24
25,26
24,27,28,29,30,31,32,33,34
35,36,37,38
39,40
41,42,43,44,45,46,47,48,49,20,28
50,22,51
39,52,53,54,55,56
57,58
59,60,61,62,63
64,65,30,66,67,68,69,37,70,71,72,73,74,75,36,76,77
78,79
80,81,82
83,84,85,86
87,25
88,89,90,91
92,93,94,95,96
97,98,99
100,101
85,20,102,14
103,20,2,28,104,105,106
107,25,108,109,110,111,112,113,114,115,116,117,118,88
64,30,77,71,36,67,37,69,68,76,73
119,120,121,122,123,124,125,126,127,128,129,130,131,132
88,133,134,79,135,136,137,40,138,139,140,141,87
142,88,143,28
144,11,85,145,146,147,148,14,149,13,150,151,152,71,153,37,154,155,156,101,17,157,7
158,159,160,161,162,46,20
69,163,164,165,166,167,14,168,4
169,148,152,170,14,5,171,156,142,172,173,174
175,176,177,178
179,134,180,175
181,182,183
55,184
185,186
187,188,189,190,191
192,128,193,123
194,177,195,196,197,198,199,200,175,201,202,176,203
88,179,204,205,182,49,206,46,207,50,28,208,157,209,210,147,20,8,211
212,40
50,111,213
197,214,215,216
175,56,46,217,218,219,51,131,220,221,222,141,92,190,223
89,224,101
225,226,47
40,227
228,33,125,229,230,231,232,233,234
20,235,236,187,237,238,5,239,240,28
131,241,129,242,243,244,128,125,193,33,245,246,247
152,248,43
180,186,206,249,133,250,251,53
49,101,145,252,37,253,254,5,20,255,127,28,142,256,85
257,258,259,260,146,261,148,157,222
262,263,264,224,265,266,267,268,56,269,270,271
272,273,263,176,56,274,206,217,275,190,267,276,204
79,277,278,279,280,25,281,282,40,55,213,179
5,239,98,145,172,283,71
284,285,286,184,287,51,288,289,290,56,291,292,293
294,295
296,297,298,299,300
301,79,52,227
302,40
281,303,211
43,81,304,305
290,28
224,284
306,190,307,133,298,204,308,309,310,187,311,206,186,251,137,312
247,313,229,256,131
314,315,45,316,43,46,317,20,28,41,318,319,320,161
321,322,204,39,176,221,323,209,112,190,298,50,324
173,24,4,325,5,94,8
326,43,101,20
1,289,204,154
327,328,329
186,190
204,89,51,56,288,330,331,176,332,207,333,334
172,15,335,24,5,6,336,253,337,8,338,166,339,142,340,341,182,4,171
249,176
79,176
342,79
45,48,28,43,106,20,343
344,345,339,71,166,346,147,347,173,85,348,349,350,7,142,24,14,12,6
46,351,13,352,43
56,105,79,49
353,281,211
22,354,355,91,324,50,356,134,88,79,357,227,39,179,358,52,108
24,8
359,239,1,152,154,360,165,145
361,362,321,363,184,364,190,365,79,274,207,50,324
271,288,365,270,366,141,367,368,272,267,289,189,184,224,369,370,284,56
222,33,205,371,372,28,373,88,92,374,22,375,15,247,55,14
376,377,147,101
285,284,378,141,379,368,288,198,196,209,380,51
212,381,382,383
349,28,81
17,372,384,385,131,331,386,387
254,36,388,24,389,43,166,154,142,390,391,20,69
392,393,28,142,367,79
394,323,395,50
378,396
397,142
254,28,20,255
43,398,254,104,20,31,399
17,116
289,303,400,391,401,402,15,28,198,56,217,403,232,20,33,298
204,404,209,51,355
131,33,405,105,248,128
406,94,407,408,163,409,166,24,6,401,142,5
187,56,43,186,206,46,321,323
79,410
176,411
326,412,234,62,230,33
187,111,238,413,79,414,56
415,111
416,417,418
224,284,331,289,368
185,306
8,142
2,419,46,420,304
206,139,421,56
175,317,20,247,204,187,368,289,251,172,221,117,142
112,422,423,415,424,25,88,425,111
28,147
24,5,426,427,182,6,325
428,148,182
429,430,40,431,50,394
152,432
433,434,238,435,270,436,437,207
438,284
254,226
299,404
179,211
439,254,157,190,44
190,20,421,326,43,383,44,28,88,79
440,314
145,441,152,7,148
442,277
272,141,288,207
18,55,7,101,40,43,443
28,444,254
88,445
444,446,447,384,31,49
190,262
235,448,449,450,451,92,452,83
152,47,28
157,142
99,98
125,453,454
455,456,457,458,459,460,277,461,462,357,463,464,465
466,176,224,190
467,39
443,20,145,14,254
254,123,343,147,437,101,179,468
391,384,469,470,49,343,46,317,451,44,471,254,43,28,398,472,473,255,20,45,474,83
43,31,15,20,475,33,28,388,24
156,169,13,476,155,3
470,344
477,478,39,284,41,479
472,2,43
480,20
94,481,28,89
111,20,218,351,52,482,324,483,29,28,484,485,43,147,247
486,193,123,487,102,488,328
14,145,7,155,1,259,152
324,451,134,152,49,489
490,491
143,470,492,493,494,41,391
253,427,495,496,142,497,498
206,9,20,499,500
501,268
350,344,152,29,239,502
503,504,249,505,180,22
408,506
221,182,31,507,18,321,508,43,509,88,2,265,101,112
405,510,131,233,511
22,512,128,5
29,513,12
514,373,166,515,497,24,5,516,15,517,253,8,182,518,408,164,142,172,519,94
420,43
227,280,392,356,520,253,459,186,2,179,521,522,181,217,43,40,7,254,190
65,69,74,70
28,523
180,524,525,31
525,336,15,5,24,8
183,56,211,327,20
526,84,527,447,528,48,444,529,446,530,469,384,31,49
531,14,532,7,533,94,534,377,147
63,207,186,83,510,431,108,224,421,79,94,33
348,101,24,441,7
407,535,6,409
234,33,247
193,102,243,123
536,537,538
207,179,128,47,49,539,239,6,281
540,541,542,385,543,544,545,354,546,500,547,227,79
106,47
548,247,17,549
176,550,190,299,369,372,206
551,13
524,552,553,554,534
190,555
424,556,88,25,113,112
28,400,157,133,254,179,557,51,125,211,558,173,559,284
7,17
556,560
306,274
561,283
562,332
563,207
362,28
564,533,565,338,566,567,142
356,183,568,322
187,176
363,129,45,331,20
254,6,28,198,33
88,79
569,149,570,9
131,360,284,101,20,206
293,175,133
301,566,321,147
571,572,573,574,575,421,576,207,577,89,383,578
363,284,79
324,245,579,145,89,206,125,79,227,254,418,577
209,580,224
581,478,582,323,410,583,584,280,40,351,91,227,39,79
50,585
175,137,586,293,587,199,466,176,267,209
101,12,253,165,128,152,182,588
142,45,324
7,495,128
563,108
142,589,205,281,111,88
459,249,25,112,86,590,430,591
205,323,351,592,303,227,39,79,221,593,50
5,254
56,211,374,176,227,324,594,50,356,306,249,298,203,88,289,133,410,546,206,595,284
391,43,558,28,44,33,20,128,31
497,176,230,37
88,79,39,87,213
596,597,95,484,598,599,600,601
176,355,602,277,603,149,604,28,118,605,16,10,286,147,137,606,79,31
484,131,28,58
97,98
17,257
17,28
424,40,224,51
88,79,280,607,111,117,179
374,410
462,29,18
608,609
610,611,136,577
323,79
20,148,612,128,247,45,613,125,33,24,119
14,43,329,254
372,614,217,615,204,616,466,207
462,617,458
45,43
326,33,233
609,462,324,280,301,79
169,37,17,618,619,72,620,3,157,7,621,69,345,222,74,11
209,227,176,28,204
5,13,531,622,28,43
623,33,83
624,625,80,125,230,453
429,626,178,627,217,184,380,207,206,628,176
629,173,630,182
631,632,127,443
633,111,256,39,147
303,22
374,22,55,79,305,18,634,410,112,635
43,28
145,601,15,28,17,142,472
28,377
31,636
391,20,45,318,43
221,40
423,111,179,91,637,51,571
152,85
638,128,601,131
40,227,221
639,320
217,184,640,207,206,284,641,270,421,285
56,39,550,206,357
51,293,28,567,642
181,56
303,211
643,22,374,211,644,645,362,18,180,646
647,3,154,152,101,13,648,344,239
649,650,651,504,491,442,652,653,50,18,22,25,78,303,324,181,88,362,423,108,374,211,490,118,180,595,654,655,656,355,111,221,646,657,658,604,281,112,659
134,207,660,184,614
186,559,140,198,40,56
88,251,45,11,20,661,184,190,154,5,577,641,128
17,13
662,646
227,79
663,414,212,207,572
234,28
209,51,307,269
182,432,166
206,190
447,380,664,224,45,20,179,206,175,46,131,402,7,222,207,18,105,217,79,111,33,306
401,665,666,166,667,630,406,182,173
588,235,439,668
669,423,221,56,184,134,204,207,508,284,22,88,296
670,140,671,672
343,28,384,43,49
355,368,79,28,20,44,18
673,22,298,356,674
675,661,676,677,441,377,376,35,612,678,283,147,346,101
679,680,681,682,683,684,685,47
686,284
157,687,520,621,68
688,79,246,572,277
20,689,539
49,33,192,45,28
28,254,175
95,127
690,45,691,28,280,111,56,50,94,148,297,43,33
255,391,145,128,20,28,44
652,689,692,43,206,52,290,179,593,79,431,49,344,514,490,288,28
241,418
88,112,50,39,180
693,583
694,28,396
695,696,697,698,359,165,145,144,154,344,1,239,152,699,12,532,700
52,302,701,591,134,280,702,425,652,50
270,137,324,227,416
28,111,100,703,704,175,374,43,44,648
46,1
222,344
51,207
246,405
39,46
705,28
706,109
156,13
707,3,156,388,13
559,321,186,224,662,686,594,342,207,206,176,133,187
289,686,708
82,166,472
79,20,43,83
709,559,381,51,207,594,250,418,299,710,183,190,711,306
87,415,111,118,656,712
209,224,284,139,206,217,51,311
112,509,79
227,385
374,713,56,187,628,714,179,111,715,39
241,44,28,131,49,20,344,17,152,43,33,492,239
716,717,718,719,522,720,713,209,272
721,205,111,50,118,362,211,79,608,673
722,254
691,366,50,40
79,654,723,147,593,20,377,222,176,206,22
243,722,724
88,25,725
726,408,339,5
83,13
56,24,43,306,118,183,20
218,408,49,620,6,145,147,46,170,317,36,475,193,151,28,20,229,727,630,76,24,313,254,391
607,355,654,413
186,206,443,451
148,17,154,147,1,13
22,180,355,55,323,179,40,324,79
39,40,22,410,445,79,181,117
28,44,128,43
728,729
20,28,43,204,44,56,605,453,25,99,323,618
167,524,175,730
56,284
284,51,184,266,431,203
141,302,731,233,211,571,22,28,732,176,206
733,190
734,579,343,225,735,396,58,28
64,736,75,68,76,70,72
574,39,112
207,737
490,692,654,303,355,324
738,56,22,50,39,281,739,138,79,302,740
111,410,302
28,486,741,43,159,95,254,2,742,49,255
180,43
7,424
321,237
43,419,253
190,733
743,392,660,267,67,51,622,123,744,361,692,342,206,79,658,96,91,17
217,186,508,18,138,14,179,44,101,184,176,312,324,33,745,13,343,265,577,28
284,269,270,56,206,537,195,746,237
112,637
206,747,207,176,175,748,284
284,410
69,148
20,47
28,93
731,272,189,141,195,284,293,176,291,51,708,262,431,380,224,365,175,370
17,147,229,95,226,43,526
331,290,176
749,339
750,393,642,94
626,431
127,17,13,751,601,75,28,151,128,498,20,31,254,43,376
76,552,7,148,17
176,142,644,20
439,20,410,362,44
5,127,660
114,254,752,147,393,14,532,557,49,594,249,128,79,20,374,184,94
51,753,28,754,20,300,79,372,274
755,551,134,172
418,288,43,33,222,17
45,20,756,8,757,28,323,33
758,222,20,11
178,79,272,284
308,759,760,550,191,761,321,137,133,762,217,763,594,372
190,209,627,764
44,396,384,92,452,765,391,43,41,420,20,46,254
230,220,33
119,128,766,41,206
767,279
125,768,33
595,182,129,22,254,14,284,40,572,142,118,479
89,550,207,217
22,165,49,207,769,184,669
101,43
422,78,87,423,655,109,118,709
320,128,770,251
487,133,91
269,206,317,43,33,375,17,28,324,56,187,442
306,147,254
594,51,414,300,708,288,296,435,56,133,89,206,771,272,204,176,764,262,772,284,197
24,408,183,142,302,55,354,22
773,3,204,249
343,28
550,51,301
431,28,392,162,512
269,601,174
685,476,182,20
104,774,24,168,152,43,775
20,162,46
131,20,49
5,147,776,203,176,39,101,126,43,56,46,190,330
128,770,204,535,137,33
175,777,284,575,217,300
141,133
55,189,321,207,284,186,86,187,88,209,746,756,137,324
45,82,230,253,254,594
241,558,326,246
468,96,401,5,339,495,182,99,533,516,427,252,24,94,142,19,778,6,336
185,779,641,138,780,756,186,140,238,204,210,614,306
2,20,733,43,55,39,17,762,31,193,50,128,361,86,217,302
238,307,200
13,182,15,24,157,17
600,247,123,19,254,125,159,668,248,622,49,128,20,33,43,28,31
93,182
217,51
182,14
781,782,338,142
631,783,100,784,193,785,328,487,81,23,220,786,242,486,488,327,256,123,389,443,127
767,33,183,204
787,101,95,159,147,157,228,254,45,17,384,47,31,28,619,20,344,46,173,160,788,44
20,28,175,43,111
589,175,284,271,133
176,537
633,49,166,111,420,138
571,16
719,789,306,51,198,300,206,284
20,100,25
703,481,770,566,497,24,498,775,790,426,5,182,6,173,253,142
246,157,39
284,51
451,20,28,128,45,49,247,601,33,43
405,141,384,206
472,7,88,96,33,333,469,20,179,83,268,601,367,28,359,14,281,791,147,431
703,636,792,793
228,28,247,128,33,43
347,24,168,6,15,794,173,722,94,182,142,787,703,782
145,22,204,298
101,147
594,267,184
795,125,192
51,769
79,43,296,28,51,142,206,227,20
796,797,798,40,179
799,36,15,14,145,17
119,800
683,493,685,315,679,106,682,494,41,680,492,391,681,47
127,128,801,638,125,802,443,130,484
773,88
239,621,1,28,148,145,83,45,2,43,468,33
700,85,605,239,258,532,152,618,147,553,3,348,7,17,13,157
327,284,79,722,207,271
803,397,804,636,793,703,726,518
176,79
17,131
213,190,238,498,464,317,365,128
805,236,349,149,799,151,14,605,806
7,254,43
613,483
312,383,186,206,133,207
318,28
455,461
402,88,157,79,186,272,43,778,807,187,586,51,299,28,7,453,451,774,11,288,190
182,722,792,15,24,408
46,579
808,255,33,46,128,59,20,125,44,28
190,222
254,222
220,28,44,14,43,222
754,290,293
475,16
660,291,287,764
640,777,809,51,189,56,433,141,330,292,331,265,366,176
810,20,577,217,296,592,33,43,221,56,276,278
198,490
298,321,382,577,300,811,372,810,133,383,296,137,575,207,812,217
284,186,51
813,814,806,799,569,805,815,816,817,9,818,605,149,236,151,14
247,148,132
303,112,324,819,721,111,22,643,413,88
55,410
43,468,152,484,81,820,156
821,822,811,810,300,297,823,296
410,229,571,43,251,221,296,384,25,475,79,249,50,52,824
190,321,234,497,134
825,207,826,772
152,324
182,185,17,526,228,396
181,211,50
377,179,6
157,230,83,396,176,28,254,20,111,190,247,827,46
20,207
20,28,828,829,230,5
338,781,827,325
541,640,207,175,56,22,79,115,211,50
145,359
94,101,409,5,182,36,15,142
20,36,243
179,284,385,224,830,571
831,515
525,6,254,24,5,8
179,45
69,36
79,14
147,18
206,118,190,56,324,187
241,49
517,832
20,43,49
131,319,147,43,336,148,20
589,380,289,708,369,284
95,127
7,142,101,444,833,125,147,14,17,28,391,43,152,254,29
834,835
528,384
148,534
182,148,6,36,782
729,246,131,126,233
372,577,217,836
186,25,459,837,145
209,168,16
37,41
589,189
622,230
679,683
721,673,643,838,181,362,374,18,50,653
374,79,469,17
403,839,227
173,327
79,205
43,182,20,28
300,840,117,39,206,217,134,288,355,108,423
206,56,841,594,672,207,298,176,369,299,251
101,443,451,20,128,28
206,51,842,14,22,45,221,654,28,176,326,86,389,284,211,217
142,154,11,7,843,37,173,13,239,166,147,408,14,182,24,5,844,222,15,94,152
600,845
89,435,238
33,20,598,846,298,79,12
706,468,171,205,28
847,588,848,83
101,153,698,7,152
571,357,211,133,137,265,33,43,541
849,850,453
88,117
254,49,492,851,83,44,451,320,31,639,47,20,788,28,43,852,847
55,853,854,86,22,40,111,295,180,355,118,18,52,79,88,110,181,556,701
131,233
209,855
8,111,856,142
28,46
125,145,172,152,50,702
388,17
587,772,307,435
79,20,254,745,112,148,43
7,217
134,88,112
362,118,114,181,445
28,532,43,247,528,111,25
857,229
224,141,184,196,858,708,201,859,265,271,51,284
211,209,184,286,206,284
246,129,860,247,33,125,861,131,228,405,453,241,229,230
47,182
79,745,39,91,357,862,227,863,179,40,134,714,301,356,280
427,844,864,240,15,345,5,553,7,152,3,14,165,325,532,1,147
198,79,133
1,145,154,698,865
866,137,321,594,133,372,550,217
182,755,524,17,152,867,570,868,781,142,869,258,377,222,69,147,172,347,101,726
152,420,362,284
633,291
222,17
103,870
145,254,299,871,521,324,355,284
197,51,191,387,834,556,56,383,490,50,186,633,176
748,88,17,872,355,111,180,43,28,62,157,640,51
190,128
114,491,78,438,423,87,701,873,874,425,819,442,875,422,593,415,116,111,709,118,876
43,778
293,633,196
532,29,186,420,24,753
197,196,51
128,28,33
134,302
877,28,152,222,878
176,435,157,182,152
28,208,142,195
13,20
28,22
50,20,456,224,587,14,595,186,39,614,362,852,190,79,879,711,43,507,51
180,22,111,249
277,643,241,39,880,805,29,79,152,17
321,383,881,296,333,437,26,190,578,89,429,672,882,206,883,298,217,207,884,662,274,299,710,733,204,575,251
22,490,18,111,109
2,43
181,249,653,838,885,592,673,504,362,50,18,180,22,221,374,608
701,362,112,79,40,374,113,22,227,114
802,121,741,768,192,723
19,886,887,495,888,514,253,339,794,889,829,722,240,890,254
55,39
19,20
94,390,498,497
834,891,52,88,20,91,324,332,28,892,377,296,869,204,118,288,420,715,156,189,476,43,40,128
17,534
118,28,331,33
233,246,131
49,51
18,181,107
472,2,43,420,45
20,43,756,17,312,50,49,623,492,361,47,108
712,134,179,118,557,893
101,14,20,769,39
42,160,46,894,20
726,895,636,804,496,168,347
217,227,180,185
166,147
157,820,20,896,14,579,147,283,28,182,274,221,640,79
280,205,179,39,16,40
305,897,898,115,652,651,899,900,738,901,117,604,392,108,902
430,363,411,507,903
78,18
127,524,254,45,128,152,904,8,420
739,227,211
905,336
450,46,128,20,318,852,104
179,89,206,207,213,217,88,204,176,184
489,49,365,205
906,245,241,743,326,121,192,768
56,296
188,764,79,56,907,224
28,20
222,29,13
887,908,495,909,514
74,76,75,73,71,72,67,36,37,68,69
174,147,182,17,5,152
476,169
181,490,374,18,50,249,22,910
894,724
911,33
912,421,571,89
802,453,913,125,510,33
168,793,755
55,723,562
405,233
564,252
792,804
207,749,40,378,79
357,213
251,574
134,152,51
291,175,198,195,764,176
401,642,390,750,667,914,915,916,666,94,173,4,171,427,182
56,344
83,451,44,92,235
50,324
547,28,43,705,427,211,335,684,598
300,490
214,366,284,56
52,39,560,917,79,748,356
293,288,56,141,291,270
51,209,273,288,368,198,769,269,284,918
179,79
849,453
357,277,79,39,893,52
207,91
39,919,52,920
284,661
921,701,407,922,51,206,923,217,79,491,5,118,2,924,43,207,94,56,111
296,221,300,207,355,206,324,286,79
18,362
44,348,147,20,88,43
240,770,28,43,33
251,401
784,22,176,28,701,24,907,410,327,147,453,89,805,206,14,79,925
118,265,375
663,572
277,462
3,85,377,12,222,661,7,17,152,148
503,249
721,39,296,187,537,381,926,302,917,322,910,16,79,374
646,111,927,50,355
157,148,222
211,50,773,115,79
647,472,217
584,86,227,79,40,928,357
565,567
225,490,221,99
280,490,238,302
181,46,41,49,300,537,745,17,929,128,230,247,152,43,391
930,280,227,39,547,357,363,79,205,40,52
79,22,50
145,254,44,43
176,45,28,682,20,931,746,932
451,450,449,933,83,848
88,39
5,6,447,43,253
642,498
22,254,187,221,39,384
886,253,254
558,405
227,39,183,603,208,179,410,55,40
207,43
408,24,101,4,921
777,934
490,527,699,43,154,79,17,201
43,28,79
760,866,404,761,762,191,550,308,137,594,133,372,217,759,763,321
5,222
783,204
497,142,94
100,631,23,327,389,127,119
462,935,91,356,134,403,213,936,363,277,834
937,63,62
254,47,81,128,33
699,678
129,49,20,28,219
20,617,22,7,43,227,166,300,296
254,157,6,128,230
15,17,5,190,31
101,13,37,145,17
758,147
938,56,211,28,437,8,128,179,49
332,586,210,641
125,510
629,182,166,173
939,519,895,142
809,293,198,176,195
21,440
179,86,411,508
25,112
195,177,940
819,20,28,284,518,941,942,47
274,670
187,936
88,25
734,58,579,735,694,477,396,28,343
943,944,420,45
211,303
181,229,209,40,14,945,22,46,633,946,852,947,614,391,33
293,209,912
307,559,772,549,733,190,187
4,221,20,28,859
267,180
575,841,331,111,714,505,206,190,948,204,207,634,211,18
930,22,410,354,111
602,52,251,547,88,777,776,50,298,455,184,773,206,22,79,204,708,211
3,949,182,877,28,161,222,426,84,20,17,253,405,472,43,152,144,255,131,432,24,5
278,356,950,584,322,568,183
224,269,365,184,284
222,147,534,152,101,154
646,302,368,40,190,209
583,183,322,278,91,568,356
245,470,20
951,152,508
756,187
257,7
209,272,719,184
48,234,28,33,43
522,209,272
61,512,952,62
882,572,383,207
97,168,564,24,98,5,142
436,284,628,184,176,51,716,368,691,56
236,147,14,169
909,409,340,13,283,519,12,259,72,154,145,8,152
853,16,40,277,179,280,55,79,953,213,39,954
239,621
456,18,22,277,88,279,40
692,416,644,490,324
83,391,55,647,196,156,24,79,284,254,374,209
253,239
83,720
1,100
113,955,112,88
956,577,197,957
613,128
203,431
933,256,743,46,254,131,242,120,127,680,125,128,28,45,705,958,849,20,230,247,33,43,49
879,172
385,358,302,461,205,52,227,134,183,40,410,55,179,39,79,548
157,959,142,539,11,17,14,1
101,211,324
284,28,294,7,606
193,849,229,33,21,598,486,484,120,125,62,131,232,960,230,327
166,147,405
185,586,332,210,961,614,756,779,962,204,186
270,224
17,149,497,142,963,147,94
14,39,79,31,111,300,46,274,51,724,317,165
207,559,79,284,251,299,181,40,54,111,300,491,660,39,186
103,420,964,45,965
530,20,894,128,33,28
919,966,967,924,968,134,766,302
179,20,28
572,89
56,217,284,207,368,251,224,186,421,287,969,138,187,175,880
324,43,190,128,31,211,664,756,50,970,94,223,79,628,254,28
186,217
141,746,211,490,186,206,595,363,271,293,112,971
190,28
101,17,52,51,55,14,301,462,391,180,972,509,1,356,327
216,175,973,974,975,176,537
47,683
6,157,567,125,46,20,234,5,24,806
380,190
7,20,45,173,43,732,384,970,254
142,157,222,17,534,699
621,976,977,807,978,153,946,11,648,17,979,345,7,85
539,125
152,956,959
980,612,675,441,376,35,661,833,377,677,346,981,758,678,147,101,283
12,341,222,128,125,28,588,33,43,239,492,247,147,440,142
982,392
72,736,76
206,79,418,673,208,323,18,374,209,88
22,179
111,211
722,101
508,52,714,301,953,690,55
88,198,251,719,206,222,620,764,176,594,456,20,374
190,230,79
352,707
462,644,55
254,525,220,33,925,317,49,128,6
894,49,528,20
795,105,128
230,220,254,192,384,123,983,894,229,28,20,952,128,391,43,49
207,421
176,17
644,282,118,180,673,955,22,25,111,221,249,362,491,353,88,181
28,5,128,37,92,43,152,46,7
7,173,647,11,24,703,29,157,344
10,176,40,249
207,40,278,374,191
28,431,128,327
455,211,604,876,464,79,134
984,969,880,51
985,203
498,642,804,390
254,895
955,652,117
46,600,20,296,361,175,133,48,280,735,134,111,179,254,198,112,186,28,22
572,204,760
37,190
284,198
264,152,33,79,47,213,44,56,228,249,614,31,247,277,118,28,49,986,402
89,47,52,31,580,692,190
254,106
913,125
250,6,162
227,51,7,20,756,239,28,289,247,284
470,365,305,293,39,79,15,107,152,133,156,20,40,128
486,443,128,600,102
431,141
7,785,882,28,205,15,18
836,227
242,128,443,127,484
17,40,43,28,987,540
421,356,364,207,293,988
293,764
989,50,79,990,134,991,542
40,79,39,653
699,147,43
721,592,181,374,653,609,50
147,157,636,173,992
924,617
44,885,51,222,737,301,383,860,7,28,513,31,410,145,91,142
397,518,726,803
947,421
217,271,46,993,175,443,977,79,206,324,49,321,5,154,176
323,22
947,163
376,676
221,984,180,33
595,994
186,431
906,128,444,192,43
127,33,21,599,453
190,440,39,142,576,772,21,20
184,284,209,267
131,95
147,217,88,247,20,133,111,31,356,7,284,776,43,251,221,266,205,187,28,151
512,57,128,599,63,123,81,328,600,127,601,120,995
996,989,997,20
43,241
833,805,149,17,5,239,1,15,407,156,101
357,206,111,207,265,51
79,604,378,43,222,24
79,6,224,43,967
2,49,878,28,245,33,46,20
998,790
39,227
148,447,156,182,128,152
321,47,932,51,186,888,258,207,256,111,20
296,999
477,89
43,420,44
298,17,170,224,147
758,20
115,651
380,284
203,141,206,901
221,28,527,401,186,1000
549,175,180,284,374,206,22,25,1001
28,2,127,235
28,49,45
55,43,142,79
484,1002,197,79
170,1003
284,6,20,190,407,599,52,187,141,44,43
254,152,508,198
443,33
574,193,353,575,331,658,95,431,269,128,50,1004,28,286
577,284
324,63,13,29,376,7,571,294,267,239,139,43
735,422,210,51,95,254,182,49,190,952,40,222,28,134,88
34,654,1005,355,416,674,418,303,211,490,646,324
211,1006,1005
227,39,55,79,277,302
380,187
405,344,7,33,391
13,605,14,469,28,420,46,152,43,526,20
63,125
148,408,345,153,167,71
338,630,347,173,142,166,516,94,755,629,182,168,174
1,116,20,908,206
522,716
147,224,46,513,230,577,28,461,608,51,626,152,205,1,112,572,614,296,8
234,808,128,20,447,964,43,41
675,151,376,570,377,14,813,441,677,101,147,806
28,17,373,55,79,860,142,179,722,25,22,586,20,206,39
34,840,417,1007,0,27,715,416,1008,644,324,490,692,646,418
39,227,176,423,33,1009
190,613,72,942,227,24
79,187,894,128,462
314,679,2,319,254,31,579,49,384,45,41,588,28,44,420,622,20,43
128,7,211,1010
1011,251,94,207,24,384,43,20
323,410
398,158,480,753,1012,160,162,894,319,483,159,46,20
131,154,161,43
20,28
490,355
8,638
588,20,447
289,594,884
1013,497,8,432,15,6,408,722,254,886,24,775,5
147,155,49
24,1014
211,175,111,79,39,56,532,206,41,33,803
838,176
114,79
104,494,45,42,44,83,43
277,302,583,91,363,183,357,1015,356
96,186,28,148,451,22
420,43,49,384,419,45,396,20,447,28,46
1016,81
757,251,577,331,780,189,56,274,51,217,284,141,811,810
184,821,207,274,133,206,733,284,299,293,203,190,56,1017,969
284,45,230
55,184,14,616,204,300
1018,160,158,46,162,20
657,374
31,447,49
316,317
251,962,562,733,1019,756,187,435,306,190,737,26,204,186,907,90,312,276,206,1020
230,405,802,33,638
772,306,756,1021,186,435,881,140,1022,251,971,90,138,206,204,185,190,187
265,1023,269,56
89,421,1024,334
207,22,56,49,14,384,101,43,51,229,15
86,88,420,33,152,174,221,317,79,17,190,661,222,179
1025,628,139,293,400,969,747,984,290,51
461,190
103,424
532,152
392,303,43,497,22,128,176
43,207,40,284
205,179
484,257,265
8,338
2,44,475,420,45,43,320
221,764,186,190,323,491,431,322,733,198,421,187,211,22,206,301,754,972,479,18,52,271
577,176,254,151
1026,274,671,238,138
490,204,179,79,379
111,22,24,190
423,46,88,191,101
937,62,63
222,37,101,401
31,660,131,684,28,22,43
142,152,782,154
772,435
970,472
974,217,284,324,52,1027,176,50,39,538,25,810,673,51
322,323,52,1028,86,134,227,39,179
5,14,147,180,211,89,79,184
934,1025,777
102,39,229
317,410,111,622,179,284,186,28,38,24,1025,79,49
176,589
22,444,52,230
46,14,51,49,763,39,605,217,142,201,254,45,79,230,13,184,28,6,157,532,87,206
