90,142
180,871,747,516,123,109,8
386,470,643,57,106,267,94,257,284,915
1063,256
638,611,401
117,239,109,753,82
315,94
886,90,78,78
87,927,91,345,90,47,114
110,769
367,86
644,1021
275,8
96,603
57,6,161,371,662
267,109
981,838,711,86
78,789,78
253,81,912,57,86,54,110
6,284,255,88,253,256
57,78,54,765,83,57,1087
306,89,643,873,419,107,146
459,800,116,700,6,89
491,117,123,302,810,256
90,142,363,316,110,854
495,460,491,845,90,977
430,735,56,460,161,491
915,651,344,491,29,90,180
601,107,123,78,303,111,666,83
18,783,86,350,159
505,18,871,78,109,78
697,738
18,116,94,420,826,33,979
98,887,304,1095,643,111,114,491,110,98
57,725,90,813,90,121,912,47,110
117,108
107,267,18,1110,90
736,941,90,6,323,186,1131,6,644,86,875,608,114,8,47
181,94,1018
522,469,6,181
592,93,90,177,109,912,267,57,267,267,136,85,60,258,47,87
426,57,511
886,84,117,267,210,162
376,18,290,345,117
70,181,83,267,56,90,643,117,257
786,159
267,728
608,94
86,451
236,423,1084,401,1007,625
247,267,334,177,785,928,284,94
162,82,805,267,267,270,93,425
111,90,91,491,87
109,86,91,117,56,579,60
177,625,984,416,110
825,349,777,433,11,106,57,379
381,267,57,342,503,321,604,961
88,86,926,47,315,1023,935,879
18,513,39,109,883,78,181,78
667,90,459,110,459,813,86,29,792
181,117,999,866,785,59,57,766,284
916,15
161,90,460,57,110,469,81
716,91,788,57,1102,503
150,57,492,177,57,111
870,900
950,18
137,1139
86,245,86,248,783
491,600,914,47,238,110
508,736,81
643,821
77,64,643
1148,87
738,267
345,171,6,570,82
1086,88
1141,460,271
130,550,94,349,8,103,345,345,125,257,364,247,114
246,389,86,86,416,515,83,1012,697,114,236,783
94,257,117,18,32,56,1024,416,82,900,8
893,475,85
765,86
90,47,133,926,86,118
256,314,57
9,117
109,109
114,813
315,250,903,643,1002,98
597,401,98,90,57
854,32,162,117,651,485,110,88,949,247,57,57,873,780,744,57,85,535,868,85,181,114,244
86,57,234,1145,419,800,1116,86,265,81,257,78
87,117
110,783
117,394,644,271,111
540,86,18,86,769,90,573,29,802,78
253,765,555,651
508,1087,56,666,18
344,106,110,1148
763,742,57,294,263,267,114,159,345,159,87,29,989,914,430
267,86
65,907,114,884
267,411,1058,785,82
90,93,389,57,57,111,171,416,230,345,6,986
575,853,181
342,257,936,664
57,425,267,289,345
611,86
90,110,133,689,878
6,367,366,86,601,137,586,162
1123,90,267,1097,544,257,109,956
416,1137,312,6,78,137,90,680,338,503,78,181,57,86
849,306,56,57,491,757,765,558,137,90,18,246
6,181,90,159,47,342,78,267,1079,883,928,117
422,236,198,181,18,256,47,81,685,274,89,67,267,267
181,862,57,316,756,473,735,1024,111,294,222
381,301,459,816,996,111,1036,713,1147
110,180,683,56,502,713,90,111
535,86,433,765,110,159,96,117
6,958,78,82,81,87,388,114,111,256
973,136,78,267,294,351,714,543,81,109
253,90,90,993,720,109,88,39
342,344,57,114,177,631,981,527,123,78,257,573,979,287,608
117,284,643,78,90,111,54,405,643,1131,345,217,930
150,270,111,1144,82,57,913,1014,314,336,110,86,57,35,1077,314,845
96,261,256,56,105,393,912,568,107,765,338,550
57,528,554,111,159,78,6,90,401,761,78,18,90
94,159,85,57,253,111,1110,257,643,941,783
315,101,644,6,91,321,958,137,535
613,423,1008,86,136,94,738,81,912,427
401,95,54,57,1102,738,1014,909,117,344,78,18,18,246,90,1056,644
18,258,256,90,345,765,648,67,57,257,371
18,253,56,1020,109,81,996,182,109,133,456,522,57
527,81,26,6,6,710,993,87,182,116,117,314,573,41,864,86
6,314,110,540,131,355,109,181,954,82,319,48,111,111
91,18,47,256,316,90,78,57,947,192,1095,785,6,1012,78
78,242,770,57,513,247,314,94,1136,78,182,670,109,573,89,90,181,697,433
101,780,57,267,57,980,916,114,90,979,109,255,176,788,555
608,502,90,855,604,481,105,217,398,218,345,1110,137,846
57,915,253,212,937,1110,900,571,77,302,724,267,643
928,110,181,608,236,94,101,315,496,56,290,401,1006,41,137,366,801,114
159,110,798,181,256,366,109,728,532,643,94,401,110,255,111,416,921,90
760,1088,364,270,367,893,571,56,133,256,371,769,181,301,401,123,82,716
47,114,765,522,110,18,142,568,137,117,1068,718,381,366
57,267,498,90,57,618,86,875,258,78,180,86,783,503,60
133,230,670,48,123,110,90,980,78,111,443,161,486
1080,98,643,670,608,48,57,690,342,729,78,253,177,927,1112,90,78,1113,643,86,401
86,198,210,455,78,625,644,643,94,177,90,561,937,342,222,56,535,969,256,1123
750,181,957,94,78,609,110,114,590,986,903,912,87,870,78,561,137,814,270
411,159,18,261,164,450,109,78,91,198,270,937,454,806,29,86,246,98
366,389,746,56,267,137,81,117,511,89,535,77,78,1007,6,94
1021,454,461,937,668,182,262,86,110,430,123,157,114,256,111,159,301
836,82,841,145,114,111,182,216,90,107,82,253,53,742,724,78
323,644,1102,86,64,82,95,275,1041,110,57
110,90,18,91,561,86,90,78,6,315,643,78,98,117,82
161,1071,535,96,573,523,314,505,314,85,322,177,1003,256,197,247
501,644,643,109,474,85,866,81,86,94,502,1111,136,267
294,117,78,402,136,763,56,871,85,643,700,294,422
90,57,503,568,53,976,78,761,491,78,256,90,316,1051,1051,543
88,87,18,6,81,109,1063,1021,90,270,949,379
114,267,759,107,976,180,18,90,87,8,57,94,670,503,146,6
18,993,177,94,557,82,54,90,194,1123,800,643,60,87
87,649,57,1087,853,177,130,698
562,57,1095,57,86,626,275,81,853,182,265,110,90,177,600
838,393,282,127,82,18,426,447,855,726,68,259,368
846,1138,582,57,379,78,562,233,180,161,467,180,542,446,316
232,1013,342,1110,85,86,6,54,801,862,93,114,78,78
323,1084,261,78,315,360,94,157,928,522,286,445,163,481,86,314
850,145,502,735,90,142,18,133,146,314,700,532,172,915,928,316
267,6,841,94,430,81,586,123,454,1049,133,87,107
81,54,6,608,1086,267,8,232,114,322,81,90,247,451,90
873,338,257,177,1135,953,181,345,181,907,137,78,50,91,570
90,78,117,111,198,342,937,109,785,253,363
446,535,218,29,85,572,394,94,57
111,738,79,182,123,114,60,1018,172,1103
159,1120,941,511,265,573,262,253,1084,110,233
882,570,253,114,267,68,625,18,57,670,405,625,470
270,379,1148,504,137,374,81,78,87,109,505
137,707,236
57,270,926
116,932
18,90,257,785
672,6
94,85,87,467,513,1088,90
250,860,460,110
111,643
110,91,86,1137,882,710
314,314,18
1015,288,56
56,388,515
16,401
314,354,137
728,181,494,110
78,201,110,159
6,314
267,257
18,275,421,559,341
460,195
146,82,181,267
94,50,504,111,725,592
94,379
57,78,90,90,90,117,117,296
16,142,601,177
256,934,114,872
608,389
253,117
540,643,57,625
78,90
267,78,57,643,109,571,215,256,57,912,644,692,267,110
735,508,78,460,861
236,198,416,267,314,247
1054,845,81,924
419,117,114,84,644,798,57
111,913,247,255
90,109,57
114,78,18,91,6,335,686,78
949,389,912,912,739,81
56,81,377,740
244,1037,18,460
146,267,503,573
101,123,93,1034,853,1045,111,1116,86
114,252
573,84,997,953,78
94,1103,393,169,466,267
247,901,98,631,806,111,832,310
222,256
257,421,111,346
1006,78,90,123
267,667,181,178,78,255
821,117,745
177,315,473,766,301,180
247,644,18,78
60,485,90,643
95,976
561,78,255,94,253,753
1020,47,912
81,1088,267,267
87,60
258,86
81,1092,363,257
612,198
253,78
109,77,337,255,94
633,110
110,116,18
723,114
143,56,82,267,109,50
696,280,90,110,600,740
137,1084
626,1089
123,93,912,166,261
95,561,555,130,750,342
90,94,168,451,780,155,253
197,82,160,643
123,90
608,699,466,90,323
573,284,111,159
494,912,26
137,886
246,90,111
18,270,82
643,77
601,85,306,90,389
57,109
1014,284,117,180,56,430,122,367,110,1020
267,1110,353,751,78,267,142,18
90,90,91
123,570
643,527
735,56
423,60
912,162
211,198
302,17
398,86
327,91,688
591,227,1001,935,155,318,78,77,338,142,1024,267,110,274,256,644,137,180,984,57
527,860,664,267,94
57,256,742,253,78,48,862
55,90
198,133
84,997
90,111,289
159,123
22,916,114
181,473,256,273,202,912,267,419,18,137,57,6
401,57
78,765,491,267,18
392,11
1095,110,644
1075,78,1087,460,1112,1020,46,683,540,96,90,253,846,253,57
182,433
751,253,253,94,379,162,364,301,270
366,1135
54,609
879,57
172,722,90
746,846,256,253,1088
846,643,379,247
117,123
247,696,490,137,114,116,162
846,181
26,639,323,110,915,247,82
995,111
595,146,374,177,1147,90,644
109,86,1010,218,363
498,338
997,56
573,419,81,8,114,177,583
845,700,18,78,4,873,491
218,225,47,230,110,996,78
388,849,244,503,416,11,315
430,548,832,6,345,257
866,57,109,467,800,267
247,177,1135,411,718,915
203,686,1070,260,181,8
114,110,98,608,78,48
267,57,153,1021,98,57
116,643,611,1103,86,155
611,643,117,78,56,126
67,117,48,90,897,86
390,78,137,110,86
253,814,785,56,473,644
853,280,246,1094,48,253,90,109
416,87,626,719,222,257
571,852,82,801,81,466,20,90,748
366,692,180,1125,255,90,780,85,459,180
81,161,256,90
543,90
106,946,222,700
86,404,534,90
111,111,491
446,611,590
111,275
239,90,1022,388,182,1054,253,956
18,267
644,18,111,194,137,78
53,433,783,912,57,114
78,114
8,436,727,212
224,91,316,74,152
700,159,210
109,17,110,90,267
608,315,202
1104,366
56,255
924,114
31,255
198,137,257,532,1015
267,431
725,109
421,491,366,323
38,785,86,114,862,447,18,8,81,78,267,83,16,90,1147,912,78
86,702,491
294,1105,515
625,323,86
123,619,644
110,853,81
498,984,338
912,57,751
60,537
861,6
253,1063
162,32,267,341,181,85,84,614,60,56,535,270,547,954
91,789
513,256
740,178,109,1072,81,86,88,267
338,57,56,836
632,137,90,107,844,957,90,142,157,912,559,100,211,540,1140,928,159,263,85,491,738
316,47
137,392
660,47,57
416,18,48,753
832,90
993,109,870,57,468
90,1010
72,996,211,253
11,8
78,523,247,753,256,616,137
217,535,78,1006,123,80,90,177,86
57,48,31
533,643,479
986,182,236,111,371,222,94,795,668
203,643
78,1054
137,57,783
90,573
26,344
844,47
210,537
815,430
57,1120,137,162,314,78,90,770,536,94,849,136,574,401,1059,88,342,608,110,267
870,117
81,530,912,60
256,182,670,256,253
267,256,72,850,257
90,459
765,18,1103,1136,57
783,418,799
644,267,636,78,560,284,90
159,966
56,81
57,983,554,625
82,990
394,18,480,404,534,78,473
236,398
111,78,257,742,253,162,555
256,686,876,738,459,57,616
1102,176,272,90,81
776,730,267,534,114
110,644
117,800,430,800,1041,1136
60,312,18
98,912,630
895,1029,446,181
90,159
53,257,886
182,157
1080,459
643,6,117,942,177,460
18,90
18,822
110,57,1102,765,64
912,18
78,538
568,257,180
137,700,912
928,57
503,1137,764,117
180,730,198,82,227
419,85
86,116
957,136
385,87,304
117,574,1080
137,495
114,608,88,90
56,78,180
90,117,1010,325
137,86
459,608
683,152
114,117
137,227,91,137,377,117,90,56,142,239,90,86,114,267,371,953,294,85
986,192,86,728,505,1024,18,644,370,271,747,941,511,419,882,759,114,783,90,96,83,247,88,608
177,236,401,116,883,184,253
267,1110,159,57,90
1117,133
807,57
81,90,576
182,624,963,57,257,109,559,766,222
900,948,991,1053,11,705,53
322,78,296
90,57,644,912,284
1109,719,364,198,98
82,371
78,255,388,845,770
54,744
298,505,253,222
257,6,1059,56,746,765
861,559,110,137,721,944
90,18
421,986
267,344,1023,90,8,109,117,82,503,366,540,257,137
513,835,222
57,90
469,123,182,505,1103
91,161,643,481
284,270,142,1075,76,267,258,137,300,111,117,1135,605,94
90,261,90
886,813,1102,567,111,315
94,924,88,1023,760,204,267,247,109,416,962,88
90,81
57,87
142,374,86,781
873,94
735,872
88,1102,114,105,760
90,740
300,928,953,494,82,765,253,179
7,114,899,180
549,87,90,1102,87,114
233,993
177,56,6,1131,826
1103,64
989,90
18,48
90,253,729,582
314,106,306,943,159
161,57
18,379,100
253,87,270
13,434
57,165,729,253,57
643,146,504
18,40,82
158,785
643,246,508,344
57,41
57,195,371
364,824,239,284
871,82,766,136
793,685
163,294
697,137,740,785
41,529
267,253,117,110,256
562,912,928
114,18
643,94
182,90,1070,460,146,305
359,90,597,57,90
953,1089,114
133,259,433
1135,1077,912,364,316,90,821
285,56,742,350,87
82,93,750
90,57,83,154
999,86,769
31,90
18,433,56
689,783,576,608,253
903,47
418,246,155,109,177,551,82,1042,56,137,1027,57,274
22,161,98
101,78,267,515
88,161
611,137,740,57,608,376,110,535,78,57,117,109
491,1023
283,783,505
90,494,846,6,467,786,67,394,1112,498,57,459,1148,454,785,137,823,236,999,1148
117,314
233,257,459,540
78,18,78,8,481,557,256,18,276,86,1077,644
18,57,56,56,82
846,159,82,86,57
110,180,90
91,454
813,114,846,344,56
57,82,433,81,109
267,1120
29,107,81,374,459,611,852,392
78,110
965,86,18
90,879,182,860,797
595,366,312,73,979,314,886,251,182,280
801,86,111,519,90,346,366,140,267,78,393,504,849,416,443
257,489,535,305
346,963
98,502
1111,393
84,16
502,267
47,111,57,1141,573,838,137,9,78,753,18,90,736,83
90,117
137,503,473,267
814,110,882,18,86,474,256,885,1103,90,77,142,389,1003
98,423
765,41,366,316
120,704,280
800,8
423,294,535,256,609,928,676
692,87
18,90,1103,236
111,267
87,114,765,1063
393,86,256,98,110,90
420,388,177,57,404,571,78,90,90,295
88,142
294,9,563,689,57,630,392,433,86,81,316
82,57,1127,56,507,87,587,777,341,515,122,177,114,667,1093,85,1008,670,210,256,86,67
783,233
314,912,106
257,699
460,82,667,57,90,198,77
117,416,4
181,57
485,860,1135,239,171,39,257,114,251
670,239,611,57,255,959,312,401,1087
401,364,109,91,315,9,267,177,503
81,78,90,474,18,149,502,111,573,91,341,253
267,193,503,262,846,628,57,94,78,548,346,82,117,949,265,356,655,226,56
93,542,94,86,111,6,137,765,345,765,345,523,608,270
423,783,111,928,57,611,106,109,6,625,57,559,29,60,504,327,608,334,1144,1136,361,1080,475,256
86,682,107,253,123,854,18
913,114
180,423,1020,611,8
1145,6,86
478,643
256,643
643,72,117,301,109,985
110,9
800,1063,366,81,1008,111,90,114,257,642,111,255
56,366,267
89,423,674,246,69,90,312,181
780,60
84,86,401,846,76,267,90,309,77,18,267
107,6,239,631,93,18
532,78,643,6,801,64,996,699
267,57,765,78,846,759
270,460,573,374,473,850,912,1102,109,766,114,57,257,77
1098,47
94,464,78,47,492
114,114
267,341,99
109,176
198,94,571,110,94,259,315,16,57,255,18,117,1007,134,57
903,226
527,31,1100,47
948,321,236,608
77,401,123,393
1024,267
57,912
6,698
57,345,502,1008,871,427
284,57
90,416,642,338
156,423,87,993,887,253,765
50,912
78,503,36,88
57,236
222,491,927,256,253,78,882,720,86,294,430,1110,109
84,236
78,110
433,459,267,109
63,473
882,146,180
850,1006,47
222,625,438,342,845,90,643
654,1137,926,849,18,109,685,56,86,503,503,85,182,458,233,78,90,267,319,18,988,57,57
18,146
738,177
960,463
81,401,536
872,236,366
491,109,626,101,615,78,111,86,801,997,88,90
258,366,845,95
396,106,389,57,1029,114,137,389,57,1099,256,714,43,502,57,504,94
503,8,257,57
142,78,110
253,644
90,523,267,161
57,344,236,81,57
880,110,193,57,626,117,86,109,98,862,729
811,734
109,366
611,288,78,1041
78,111,94,86,194,181,473,77,77,608,416,358,123,716
818,137,543,90,502
864,267
246,17
90,876,57,485,69,1045,47,70,6,725,981,504,459
464,931,47,1014,270,137,974,90,289
90,57,81,182,377,8,82,90,590
379,6,997,535,644,475,56,155
611,133,314,1053,48,18,85,765,247,643,162,692,81,765
94,6,729,781,133,1078,571,165,314,82,117,1006,90,253,137
56,740,479,177,416,926,182,110,535,481,765,523,267,57,604
117,247,57,131,535,137,1069,340,9,94,1029,90,111,137,1113,697
256,18,110,765,644,670,6,393,57,394,257
86,70,109,111,142,1116,88,1137,769,768,259,6,267,57,625,86,41
90,338,137,180,267,922,90,416,227,267,90,78
78,6,668,1088,941,188,142,611,29,502,29,700,1105,323,366,454,56,845,90
695,94,505,875,314,1063,433,246,915,181,256
879,90,314,18,56,366,941,454,505,296
930,90,1123,111,993,111,825,57,234,57,573
445,451,82,801,56,73,208,106,57,912,267,800,117,948,638,993
461,377,267,87,253,142,11,660,57,57,355,423,621
90,1037,1095,643,57,948,345,711,49,18,1009,936,78,93
958,310,31,942,887,6,1061,142,1109,1037,56,80,57,18,109
110,887,109,738,233,1118,517,78,56,177,845,366,926,94,349,405,87,111,323,1087
171,340,798,401,605,41,94,57,23,491,827
460,302,668,257,39,643,1056,1079,18,459,109,338,1036,769,247,117
182,18,123,234,57,56,68,57,1040,88,78,181,670
1024,177,907,860,57,511,18,182,90,502,78
117,137,643,345,198,90,86,700,78,801,766,117,1092,137,114,740,387,29,524,267,78,604
32,256,253,416,253,86,904,757,78,94,825,491,503
90,1063,1144,95,668,85,503,253,177,257,451,550,504,267,57,658,94,94,917
302,643,109,57,608,82,47,182,78,1037,825
177,57,48,111,433,666,123,342,18,109,94
111,56,1053,755,846,151,222,54,161,78
712,315,765,1034,315,90,1049,84,682,416,172,98,107
437,94,181,67,535,90,88,257,16,95,697,90,117,90,110,550
608,135,50,78,35,956,180,949,258,722
490,247,267,86,670,532,180,829,161
460,800,854,57,9,88,176,257,686
109,351,824,111,84,540,716,57,111,643,90,253,181
491,503,6,94,95,316,912,161,182,568,584,971
78,177,18,41,568,86,67,85,770,257,189
1054,1088,293,315,366,523,177,57,314,78,114,936,586,1136,101,786,686,505
47,177,267,284,137,6,543,644,849,114,117,89,680,90,109
687,364,182,84,306,86,1075,116,159,91
853,991,884,363,394,6,6,177,256,625,346,89,846,86,47,78,78,1081,342
87,714,267,366,90,790,401,117,18,687,783,56,177,57,582,86,88,784,47,78,1148
78,82,456,57,284,801,849,6,86,70,473,401,111,241,87,89,366
256,825,275,253,314,56,766,60
78,270,698,86,369,137,39,89,56
1006,86,54,765,401,361,729,111,600,253
342,783,35,256,879,90,860,552,426,98,158,90,47,490
11,110,56,111,114,86
529,106,109,170
67,137,110,267,117,256
56,181,159,786,540,56
29,912
90,401,917
1081,56,18,670,110
841,788,124
90,345,257,1110
57,347,256,137
90,78,95,316
47,41,977,90,474,284,180
110,94,90,973
136,6
460,993,256,117,78,176,18
177,90,267,1070
54,101,862,536,1088
866,401
111,256,423,94,49,1087,1141,345,18,371,94,1010,8,87
109,267,1092
912,342,678,107,177,401,180,267
280,258,81,765,1,853,1088,117,644,629,873,993,90,846
109,473
1054,491,111,1075,78,984,1095,625,377,18
239,8,644,523
460,111,137,22,1117,846,146,901,78,90
117,315,57,123,6,342,6,801,255
109,498,314,670,798,182,255,8,393,111,109,544,586,57,82
316,489
77,78
503,337
93,110,964,315,257,78,81,94,83
454,315,57,944,6,137,697,1109,94,779,924,90,90
692,366,182,433,96,57,262,267,711
912,253
137,8
301,255,882,917,401,583
29,222,181,123
82,75
509,18
398,984
227,9,90,177,162,90,230
68,1147,18,85,689
86,244,244,541,78,915,253
6,315,86,586,90,284,159,57,379,267,36
366,86,256,90,562,90,1015,56
57,765
1069,765
57,56,706,643
401,90
759,90,81,625,253,90,37,315,18,401,595,82
29,84,137,871
90,257,111,78,984
181,316
381,57
263,600,1026
570,109,297
48,82,714,651,107,57,239,137,267,90,57,8
47,222,180,90,1123,949,180,105,740,88,84,6,111
887,253,846
90,114,90,364,928,110,1034,221,253,90,117,109,90,290,336,85,753,142,740,267
86,40,1021,90,403,423,846,993,18
109,740,611,256,159,675,862
755,94,81,345,786
88,316,133,161
879,1126,570
667,535
110,801,256,56,114,643
912,78,84,463,912
240,114,459,661,722,765,389,740,56
57,689,300,262
639,611,90
573,56,853
90,117,846,759,68,90,90,90,916,745,1029,394
56,1053
729,81,162,876,714
90,1110,1117,718,387
433,1053,52,870,109,109
90,535,1059,314,90,177
995,18,275,759,312,722,194,81,270,93,433,505,926,77,980,791,363,57,1116,719,88,57
1109,109,631,8,460,984
821,1010
753,903,111,18,314,517,140,561,256,110,111,117,57,110,573,161
194,181,421,785,267,498,256,316
611,913,192
401,251
320,1066,114,258
114,82
90,114
660,94,1066,109
639,726,1038,730,625,57,29,109,22,87,21,315
213,161,257,178
123,56,1089,398,1103,644,502,255,181
318,434,88,90,236
81,94,157
267,110,644,850,87
111,117,82,267,90,603,18
29,47
401,57,137
32,491,256,94,123,430,142,888,1112,18,256,6,802,86
57,544,1014,294,256,883,142,90,315,234,6,18
181,91
720,473,180
6,117,849,550,111,611,78,8,162,430,82,364,126,715,90,8,236,247,644,236,267
405,720,84,912,91,845,371,120,142,685,86,106,90,294,1077,433
1144,18,82,253
47,284,22,464
459,90
90,86,643,110,114,182,517,56
654,90,861,608,446
90,57,82,109,162,344,247,82,56,456,180,78,82,182,90,110,770,90,90,60,630,159
197,307
177,646,57,181,111,82,562,253,109,181
90,791,697
216,408,521,1,1010,416,494,915,56,618,109,181,273,257,6,683
153,56,57,401,247,182,110,18,117,403
692,911,43,247,686
78,110
1069,247
928,6,57,164,78,78,177,78,87,1120,8,1079,78,90,200,26,6,116,535,1088,1092,109,11,203,265,434,6,515,735,117,81,81,110,78,57,849,1145,67,78
284,22,398,427,515,57,648,912,366,90,182,287,784,765,109,1037,90,780,109,643,315,459,142,837,48,182,78
57,116,242,86,90
986,110,345,485,366,131
416,661,1081,57,338,256,6,180,171,763,864,256,791
60,253,257,82,614,6,663
258,342
90,366,301,109,98
177,110,207,78,57,90,275,117,233,137,1075,253,907,973,576
416,253,114,713,33,86
316,459
738,884,137,111,964,57,947,1147,164,233,50,117,78
90,87,57,239,765,322,116,95,515
502,401,257
111,81,85,117,247,302
401,628
915,562
90,634
30,1134,996
18,753,18,433,123,117,644,253,57,56,86,253,1075,505,996,18,595,239
90,109,765,110,723,218,8,1019,90,56,181,109,56,312
1053,94,10,270,210,931,137,137,86,86,540,491,56
770,1023,111,109,1127,50,6,387
765,1103
90,203,785,110,57,110,1136,682,90,111,181,491,63,912,366,1015
284,18,18,90,110,555,57
253,114,47,109,267,6,791,111
57,142,416,177,612,267,78,56,976,94
210,67,1110,257,186,56,1023,57,1140,78
398,181,931,94
90,993,366,78
832,18
683,87,378
90,177,670,90,159,90
98,353
56,267
14,57
87,912
86,434
82,1042,162,78,635
785,78,502,90
643,90
84,56,643,222,111
1037,1122,137,364,8,459,86,96,765,460,94,181,86,856,85,473,654,18,282,774,81,137
377,198,209,94,90,57
78,47,82,56,272,267,700,491,491,114,57,560,316,123,78,253,90
226,423,18
379,1013,110,267
82,267
630,344,56
90,106,155,1104,460,256,270,109,78,456,702,90,67,94,117
90,94,253,86,517,85,90,90,256,90,78,608,94,8,926,159,91
90,94,166,1141,18,90,314
47,1131,17,353,78
740,90
312,624,87,81,459,110,78,410,912,1088
6,247,86,315,821,18,257,627
57,247,441,39,716,433,776,301,687,111,246,98,643,9,267,18,1135,56,302
294,782,571,57,56,90
90,643,780,56
1063,912,116,341,109,93
90,346
792,389,242,83
18,1059,788,931,608,57,114
111,26,537,88
643,413
1089,1113,411,78,56,401
84,353,993,315,1140,31,109
997,171
8,57
491,527,82,81,109,643,143
392,791,82
311,307,927,297
117,117
929,1049,18
159,57,56,57,57,345,96,823,927,109,177,114,1102
459,159
109,267,114,78
137,86,111,590,110,853,111,94,56,141,90,153,493,77,267,161,259,535,137
247,324,6,785,109,111,660,56
928,203,86,56
16,968
114,6
460,765,73,727
861,871
137,41
90,109
1103,1069
89,178
791,504,851,912,109
888,401,326,887,643,57,57,90,949,114,346,84,258
648,90,110,137
366,930
870,111,686,364,114,86,611,82,294
959,457,257,57,111,729,416
81,6,117
267,559,280,515,90,638
90,110,91
256,555,760
94,57,110,598,114
366,642
186,431,625,155,718,57,1148,366
106,86
90,78,422,411,177,726,117,247,576,57,159
78,886,18,77
86,256,86,6
81,6,40,481,338
917,81
421,1054,85,95,57,78,430,908,540,142,107,90,233,537,93,935
416,94,90,256,90,180,504
860,421,257,87,334
765,398
715,181,29,561
253,57,222,82,611,90,731,86,29,491,18,90,66,253,1002,86,846
1041,109,314,716,503,1056
48,109
611,39,247,1110,114,504,474,1089,86,729,253,738,1070,298,109,1136,926,109,568,82,89,159
101,181,912,88,78,39
267,78,94,98,783,105,90
284,137,765,703,82,29,928,90,416,1141,1144,117,111
114,247
401,60
608,56,57,233
6,644
78,222,90,893
1053,18
377,1083,137,73,181,573
601,137,323,424
246,180
643,81,503,256
18,109,57,491
747,239,783,138,82,18,90
323,90,90,263,56,251,109,57,117,182,86
18,882,1015,86,81,765
56,649
954,84,114,171,87
723,149,912,912
57,296
763,257
110,1110,344,317
929,256,177,117,57,210,345,1045,11,738,1110,912,142,86,253,39,389,421,196,800,326
559,256
401,111,94,90,90,571,116,873,909,530,78,503,57,752,181,87,611,608,561
660,82,180,258,47,90
18,917,614,753
427,109,182,111,78,1045,137,524,94,117,18,78,820
82,96
256,180,217,486,137
267,164,257,96
466,86,86
8,26,159,928
6,522
760,117
912,345,267,182,1081
57,137
253,503,586,18,1029,13,256,81,948,123,117,301,90,70
430,94,109,430,1023,845,256,233,746,86
159,1104,85,31,257,117,86,89
247,228,6,601,975,515,48,256,81,152,401,60,110,316,519,364,394,886,502
18,477,460
273,198
644,90,853,90,149,1057,56,177,540,517,323,56,473,608,1104,182,267,90,109
753,11
77,150
114,667,48,81,1103,82,801,895,54,78,249,643
561,926,94,503,643,39,813,807,643
57,90,631
912,275
182,256
913,39,436,535,111
110,87,1089,300,111,955,142
95,839,517
1102,90
57,503,345,262
294,256
6,862,753,78,57,91,398,256
316,358,532,561,258,926,1089,502,1087,531,94,123,608
257,938,90,57
213,86,253,434
1061,55,443,109,77,227,90,740,90
57,846
517,110,117,81,792
949,236
182,1024,57,435,490
695,257,789,18,120,692,47,114,267
90,366,505,78
253,345,416
258,941,979,200,745,1053,253
78,178
912,404,670,601,366,1079,949
1103,177,81,94,447,181,929,56,257,267
1054,90,783,502,180,86,87,423,110
222,137,6
656,366,897,911
439,258,501,314
1012,56,93,887,791,78,743,389,142,149,824,301
289,180,658,861
267,137,643,94,73
247,374,341,56
18,320,116,755,271,456
230,948
433,111
86,101,514,670,750
56,90
459,1144,560,85
81,463,288,315,5,146,993,26,90,1008,323,1095,611,570,18,111,67,110,90,111,109
760,180
57,1023,137,117
57,611,137,232,257,757
740,109,86,57
1148,752,56
755,247,86
81,284,1010
82,85,26
161,78
110,86
8,78,67
576,90
56,757,180,90
60,530,307,18,256
114,177
57,94,555,54,965,436,82
583,78,56
909,1019,314,57
56,11,81,481,1014
177,280,777
60,247,643,133,117
886,142,18
800,54,1128,90,90
86,725,853,78,926,222
1122,90,82,498,1103
