0,1
2,3,4
5,6,7,8,9
10,11
12,13,14,15,16,17
18,19,20,1
21,22,23
24,25,26,27
28,29
30,31,32,33,34,35,36,37,38
39,40,41,42
19,2
43,44,45,46,47,48,49,50,51,52,53
54,21,55
56,57,58,59,60,61
62,63
39,64,65,66,67
68,23,69,70,71,72,73,74,75,76,77,78,79,80,14,8,81
82,83
84,85,86
87,88,71,89
69,71
90,91,92,93
88,94,58,63,19
95,74,96
97,98
59,58,99,100
101,102,103,104,4,105,106
66,107,108,109,14,110,111,112,113,55,114,25,115,50
116,117,69,49,67,71,118,50,119,109,89
120,121,122,123,124,125,126,127,128,129,130,131,58,132
133,59,0,93,134,135,136,137,138,139,140,141,58
142,143,66,109
109,84,144,145,146,147,58,93,148,149,132,102,150,151,152,6,136,51,153,154,4,37,59
93,155,2,156,74,157,97
158,51,159,93,100,160,96,41,59
161,93,130,103,88,4,59,162,19,163,164,1
165,166,167,168
169,170,171,91
2,172,173
12,174
175,176
177,178,179,180,4
181,148,182,37
165,167,183,184,185,186,109,187,188,189,190,41,66
191,143,96,192,193,194,195,196,197,111,117,42,198,199,200,201,202,203,204
205,206
6,207,208
23,148,69,209
177,210,173,211,212,102,213,104,4,214,3,2,215,18,216
217,54,218
58,93,59
22,219
80,42,220,25,221,193,168,222,40
184,191,223,165,195,224,40,66,41,96
225,123,226,227,228,229,230,59,130,124,93,120,58
32,66,231
39,109,66,232,233,234,235,236
237,93,50,23,51,238,239,165,240,18,53,241,242,217,243
244,96,149,245,246,50,247,67,39
81,69,248,104,233,249,3,135,25,93,250,96
251,252,241,253,151,254,255,256,257,29,136,258,259
103,260,261,216,105,262,263,264,265,102,104,4
266,94,1,267,88,241,268
269,155,131,225,130,270,271,93,59,272,226,273,58
94,88
59,274,275,276,58
167,234,165,66
4,263
25,12,71
3,277,104,4
173,177
70,25
55,143,21,278,279,280,8,281,200,282,283,233,115,284,174,62
285,286,102,287,288
289,256,29,290,252,251,291,292,293,258,294,1,241,295
296,272,128,144,130,133,249,131,297,298,132,58,225
213,263,299,300,301,302,91
303,275,304,59
305,118,306,21
148,7,8
19,307
308,59,309,93,19,310,3,311,255,132,312,226
150,313,314,315,70,160,316,317,318,284,80,319,21,320,25,7,69,23,175
268,10
319,14
321,322
323,324,325,326,327,174,328
148,39,62,104,135,226,96,54,59,152,236,190,159,93,307,23,71,144,25
69,329,278,330,135
58,59,331,19
45,190,332
247,165,49,51,226,224,333,334,55,100,335,7,286,85,336,109,337
311,40
171,338,161,339,19,340,92,341
81,342,80,343,218,344,38,54,20,74,25,14,314
345,117,198,196,331,346,109,39,185,234,347,192,348,224,40,66,96,41
349,109,284,282,182,350,167,351,25,217,41,66,96,352,166,51
269,353,271,93
50,118,354,204,319,355,148,21,25,284,41,66
256,136,356,251
268,58,357
103,358,105,359,211,4,360,104
361,362,135,141,58,275,363,285,364,365,227,366,59
367,76,22,69,65,118
100,368,268,94
369,370
286,371
372,373,341,19
93,271,94,58,374,133,59
217,322
251,253,375,376,295,134,377,378,140,94,379,100,380,146,138,1
88,164,381,19,368
382,383,384,59,93,379
385,200,39,40,331,233,112,386,96,41,174,345
58,117,229,54,41,69,165,130
251,387
161,87
388,77,15,25,389,54
58,311,59,256,390,18,104
158,59
391,21,119
392,258,259,393,1
94,134
394,55
106,395,396,1,88
104,91,397,398
120,292,399,400,310,226,135,301,401,59,213,402,173
23,77,51,306,135,319,58,143,93
69,74
18,403,404,37,405,55,96
117,4,80
16,406,166,278,407,109
51,408
93,409,59,410,271,63,144,258
258,1
4,58
13,96
198,411
222,75,412,25,413
132,171,93,226,103,340,19,286,414,152
92,289
25,37,21,12,240
59,152
40,66,346,200
328,415,416,114,50,86,51
417,58,226
341,58
92,152,418,101,419,286
193,224
420,85,421,422,258,25,157,59
55,67,245
2,145
251,100
38,175,14
223,423,281,75,49,424,21,69,425,426,327,79,25
427,93,428,97
278,344
429,430,278,69,148
2,16,93,152,431,240,59,193
432,175,425,38,433,314,220,14,395,434,284,70,322,435,436,238,33,71,37,278,25,431
123,437,94,88,438,87,135,59,93
439,123,159,440,441,216
66,442
443,94,444,4,41,284
195,111,199
271,58
59,19,445,25
446,91,447,2,286,159,102,173,103,177,448,4,449,450,341
331,451,167,221,187,39,66
240,284,7,452,39,314,37
77,25,453,454,21,303
455,305
278,70,314,25,456,20,150
104,225,88,93,131,94,58
25,69,293,231,283
88,457
324,182,195,240,154,458
459,228,460,94,461,462
463,93
464,96,465,466,46,324,467,84,468,51,55,469,167,44
228,130,275,59,93
19,340,4,152
470,55,471
472,16,473,21,62,305,303,54,306,148,71,474,475,278,476,477,478,25,36,242
73,278
416,46,53,154,349,50,231,479,480,84,48,481,236,247,482,483,51,67,240
58,173,92,461
173,59
286,58,93,173
54,322,280,319,71,484
485,67,50,424,324
150,75,278,14,20,80,284,25,478,70,71,37,16,486
105,487,488,102,489,104,360,4,263
466,117,490,39,224,96,66,491,329,200,165,223
271,54,58,492,376
51,4,135,493
84,240,154
494,488,4,103
91,495,496
148,182,102,165,51,58,41,66,226
94,497,498,499,93,271,269,500,501,421,270,58,59
271,4
21,502,503,182
102,504,4,177,214,3,18
69,316
91,340,161,152,495
25,505
109,485,50,114,183,234
75,284,79,506,25,507,23,278,81,71,54,508,306,70
57,93
133,58
97,49
266,93
240,81
93,136
52,14
509,104,510,2,3,173,511
18,512,92,513
514,93
465,515,516,130,517
71,50,21,7,69
331,53
71,518,519,319
159,19,520,93,211,521
522,370,523
152,109,131,524
109,490,457,58,42,131,59,148,25,525,93,301
526,288,140
62,96,75,70,193,23,175,527,45,143,7,528
461,92,529
530,366,285,531,177,214,3,271,532,18,173,533,2,87
534,306
535,536,268,10,537,88,374,134,375,94
131,135,128,155,59,58,132,93
307,261,37
457,93,512
165,464
134,268,1,96,2,406
449,538,288,19,286,461,152,341
117,233,193,143,539,224,40,182,490,540,96
94,541
152,144,542,543,58,358,538,544,545,240,546,130,132,25,340,104,92,85,80,173,7
547,548,549,550,206,415,469,551,324
49,552,89,553
4,132,58,93,59
512,184,340,159,554,133,295,93
555,556,270,310,557,135,227,558,559,500,560,155,275,228,561,59,226,93
349,55,51,236
191,562
53,247
456,284
174,117,197,165
216,4,563,358,390,104,103
168,195
1,295,252
564,144
104,173,211,18
365,565
566,307,213,2,87,18,173,567,271,362,3
25,50,306,51
71,568,275,233,120,41,66,306
569,100,570
571,324
173,22,109
153,19,340,572,252,136
140,130,573,574,135,100,409,93,421,575,155,576,577,59,1,58
339,159,259,93,94
311,514,341,286,371,19
130,22,69
578,89,324,579,416,55
345,221,174,580,41,66,107,165,39,346,109
18,2,214,4
224,194,66,232
4,102,487,581,104
295,368
582,583,145,286,102,402,159,91,584,360
196,143
93,585,461,271,88,463,92
393,1
586,55
240,53,480,51,50
206,165
284,62,167,587,588,148,51
97,96
148,71,278,589
278,590,591
133,59
39,224,53,592,50,67,41,96,55,195
445,284,81,200,54
92,341,159,286,179
17,69
25,4
166,464,74,96,12,195,111,26,117,181
59,94,310,82,270,275,92,259,93
593,590,594,30,412,150,595,475,596,389,70,597,278,315,598,62,175,71,25,13,80,599,284,322,75,14,220,33,12,600,37,16,433,15,601,20,34,314,602
89,240,233,236,234
40,278,322,18,284,145
603,91,604,301,311,152,605,145,449,339,159,286,92
69,306
606,607
42,96
573,2,225,59,4
608,594
349,609,278,1
104,93,92
514,94
35,503,431,610,611,429,14,15,16,33,175,612,315,601,472,613,614,303,37,38,615,616
617,428,537,268,374,88,1,29,134
618,58,164,1
619,448,620,311,301,286,526,373,459,152,19,538,341
4,339,621,459
622,623,301,153,621
3,4,79,82,226,224,362
452,189,66,109,624
75,33,68,150,80,25,425,315,598,14,413,38,175,70
33,282,21,278,324,96,12,118
148,83
135,93,225,59,625
55,549,50,394,626
428,100,59
59,135,241,402,287
59,340,94
1,627
383,1,409,155,92,356,159,585,459,421,339,384,584
513,40,39,84,324,197,109
319,191,100,94,58,23,1,324,93,275,81,628,240,71,84,80,66
148,629
39,66,167,41,109
75,306
371,339,387
630,453,152,59,182,631,271,71,55,632,88,23,633,263,327,50,211
21,81,6,629,321,634,79,474,69,306
104,400,91,635,134
636,148,367,318,284,23,6,81,70,50
341,58
637,51
59,19
173,18
638,407
177,19
362,271
639,59
59,459,271,144,512
341,152,4,58,135,180,91,102,104,93,252,256,640
306,571,69
217,23,54
9,224,641,310
22,642,167,54,78,80,66,191,62,51,39,69,81,240
50,643,55,644,464,85
278,527,182,490,222,240,96,109
59,271,275
360,645
646,233,647,168,190,66,40,490,224,109
81,20,70,65,648,25,69,71,649,650,651,319,75
128,214,91,58,270,652,249,131,1
54,250,367,653,305,279,588,23,69,528
173,213
103,104,102,2
311,341,400,514,459,538,654,286,19,619,152
6,303,320
655,70,25
10,311,92,161
62,594
80,16,305,148,22,25,23
130,314,185,584,59,49,278,268,465,55,21,656,10,4,657,479,109,63,135,306,58,533,66,39
66,51,324,236
259,1,377,289
200,658,193,659,117,167
311,660,621,286,19,288,341,152,459
150,305,20,21,71,175,661,23
305,75,596,25
629,81
305,81,8,282,344,662,23,95,217,54,118,65
109,59,60,133
96,224
107,663,23,175,96,664
104,26,665,118,70,314,278,284,22,374,666
531,213
107,66,667,114,51,70,76,75
55,668,236,71,369,268,594
271,275,59
23,21
395,1,25,669,91,58
59,670,268,315,150,173,275,282,340,143,25
94,671,1
574,672,59,25,233,40,340,130,4,117,10
673,422
674,93
173,311
263,163,91
234,224
268,256,310,226,257,93,57,675,134,29,1,676,100,382,94,58,271,135
429,143,189,89,70,157,317,54,55,677,481,65,175,678,148,62,182,466,637,571
100,92,131,148,603,74,622,88,51
318,553
168,200,679,233,40,490,204
156,324
85,680
507,324
554,341
98,69,242,118,79,648,54,318,22,76,681,65,306,423,23,321,319,21
74,209,648,6,148,682,69
222,33,683
143,119
306,426,69,7
684,97
62,148,74,80,7,319,14,25,118,150,278,600,23,69,423
553,371,93,324,528
184,40,103,685
59,93,1,226,271
335,414,1
686,687,1,284,23,81,134,275,20,59,85,688,58,553,689,65,51
122,93,130,226,59,639,559,131,58
58,252,690,124
135,341,584,634,691,604
59,135,132,134,270,130,58,88
85,465,51,50
19,692,152,286
159,665,158,693,171,339,286,340,311,363,694,145,341,91
341,1,693,130
526,695,696,159,697,361,300,698,4,19,567,699,173
93,399,312
96,66,109,85,143
284,75
349,328,240
327,346,97,278,51,422,592,37,240,96,41,156
161,700,699,152
410,701,248,249,58,131,130
240,118
4,94,330,91,461,466,118,19
21,597,702,585
562,66,167
447,161,703,340,704,705,640,641,698,92,706,159
707,708,709
310,482,710,94,67,130,93,253,71,66,49,226,100,711,341,286,96,118,0,363,224
87,712,105,4,2,495,713,104
213,69,55,93
714,319
109,39,66
88,535,564,94,569
373,715,553
366,216,3,4
96,646,41,66,370,716,187
130,173,59
717,25,445
89,53,282,196,26,606,422,23,22,234,25,168,718
278,477,51,165,34,81
270,719,93,675,130,58
93,514
507,314,62,433,278,517,720,71,70,284,721,80,722,25
203,195,50,451,354,39
70,55,59,96
723,716,724,182,39,107,200,196,109,725,443,66,165,197,96,41,112,224,167
490,70,84,162,55,284,652,653,159,241,307,1,2
496,440,726,92,584,158,340,161,399,91,171,159,665,145,447,605
727,25,284
234,39,174,165,109,41
728,185,407,723,443,189,167,40,165,200,490,143,66,96,41,224,109
58,59
324,658
18,94
396,690,94,88
21,74,22,729,70,20,730,430,7,284,423,731,13,25,306,65,175,732,23,73,37
733,236,734,50
95,735,21,67,736,66,118,284,41,84,670,96,737,42,433,8,50,464,196,738,23,732
80,739,49,148,67
84,740,236,67,51
1,155
1,252,295,134,293,671
741,59
639,275,135,141,675,59,561,270
433,742,58
84,94,684,44,368,51,743,284,69,404,10,238,400,744,59,60
25,553,135
75,464
745,376,104,285,132,93,709,557,59,1
746,102,169,263
236,4,91,490,747,14,652,59,58,94,396,336,68,19,640,324,76,340,422,167
58,252,90,65
136,295,748,241,63,1
528,50,646,562,70,328,749,305,25,40,54,5,678,578
14,25,75,278
93,225
268,690,501
624,513,167
69,257
371,136,227,340,91,128,226,161,10
183,344,25,732,237
93,275,152,58,1,555
135,59
750,306,159,93,134,173,467,656,7,340,524,59,319,25
69,238,80,38,21,321,13,751,55
70,752
646,368,278,589,88,19,314,134,96,73,85,665
192,193,385,443,166,194,66,204,142,195,753,96,39,109,184,224
474,319,754,702,755,69
58,135,88,100,133,310,123,93
756,459
94,10
271,225,309,743,135,58,93,59
271,497,757,82,144,275,93,58,59
135,93,129
14,71
684,464,236,740,50,55
4,58
234,646
222,70,219,67,75,118,624,233,69,33,716,96,149,68,7,109,282,278,80,66,148
69,629,714,23,21,148
306,217
743,137,129,131,758,759,132,133,58,130
96,760
1,258
553,58,66,16,159,59
531,1,18
321,416
367,118,474,7
761,762,2,211,763,764,307,87,765,177,766,104,767,169
768,263,4,554,169,581,173,769,2,102,3,103
155,58
636,1,92,33,723,494,71,770,93,109,14,322,307,59,193,314
111,109,40
532,299,462,771,285,366,2,87,772,173,214,307,3,177,271,18
50,74,217
3,697,252,59,654,4,402,623,152,58
44,324
340,161,92,697,339,171,91
412,14,15,303,38,773,389,12
282,54,22,207,774,528,305,74,148,79,23,217,81,21,69
756,130,93,59,558
371,401,775,311
733,50
93,492,621,3,776,271
33,175,80
2,145,159
777,588,778,423,217,69,79,23,74,306,65,118,629
779,488
3,674,212,709,92,512
579,553,109,224
104,105,780,781,4,782,783,488,102,169
240,25
226,93,225,124,271,59,381,784
785,594,622
42,55,174,50,624,324
786,729
109,39,21,54,51,69
787,94
100,674
59,324
92,709
282,788,278,732,321,8
252,292
133,58
695,538,779
286,697,158,341,340,19,623
158,789,459,371,19,92
790,543
514,362,459,286,92,3,695,173,340,791,19,91,104,161,693
70,51
217,282
214,19
143,71,314,34,81
93,94,792,59,100
343,71,75,25
93,612,38,284,128
25,94,305
155,130
226,135
740,135
148,4
284,15,301,665,82,160,96,148,170,93
21,54,284,453
254,392,134
50,236
148,23
674,94,100,457
292,227,457,270,90,58,93,137,0,793,59
132,794,294,59,340,131,3,92,58,795,87
19,163,286,641,448,584
94,727,311,512,481,168,59,175,128,138,796,156,235,373,19,55
96,66,306,189,465,79,6,69,233,324,282,51,38,200,797,71,798,37,235,240,109
799,91
571,39,800
252,271,311,263,646,167,13
57,248,130,58,410
206,55,45,422
55,608,740,482,67
760,39,801,385,234,28,167,41,66
324,51,240
448,340
695,3,171,510,135,529,371,173,94,397,93,396,266,159,271,268,59
167,50,100,214,25,135,93,148,119,341,18,461,3,398,85,560,59,394,633
4,91
177,59
54,319,40,49
104,802
247,86,84,636,803,50
7,218
19,91,502,87
689,231,67,51,644,50,304
284,25
466,109,96
71,69,81,804,732
91,805,94,161,159,806,19
615,165
282,5,22,15,193,74,608,25,67,314,80,807
340,524,366,155,145,277
416,53,67,50,642,479,51,49,808,247,84,237,240,55
780,263
96,744,188,809,513,117,760,203,165,66,196,41,109,490,143
732,238,284,454,24,75,25,477,478,148,38,12,718,355,69,6,314
443,109,50
271,58,155,270,100
96,332,69,23,50,75,303,422
693,161,459,810,529,339,371,341,171,698,159,811,812,301,145,19,813,603,340,92
459,340,92,159
71,737
74,91
690,21
637,143,590,306,223,814,165,74
75,602,815,70,62,278,108,320,284,749,80,25,816
314,182,165,55,22,21,319,306,117,96,148,742,224
58,230
477,429,817,68,26,238,38,13,16,33,14,456,72,175,12,15,818,819,303,37,601
55,236
195,175,742
331,117,303,284,394,191
396,94,541
131,575,58
490,540
58,820,380,536,130
151,268,70,67,54
27,821,26,175
361,553
822,59
249,231,638,94,58,278,457,286,271,3,275,823,282,118,284,19,131,732,727
1,93,59,100
83,824,226,63,19,825,1,94,745,292
826,248,129,127,120,827,353,230,668,828,829,269,795,60,131,57,133,130,830,144,123,126,823,83,336,225,58
173,831,104,832,672
25,278
47,114,833,50,247,206,51,67,245,85,240,55,465,608,673,324
58,70,284,19,800,275,63,54,1,238
80,25,306,803,465,148
104,226,4,19,135,764,93,88,173,100,286,58,338,3,59
55,630
59,88
528,7,66,79
233,187,349,592,66,834,245,165,67,553,232,200,324,224,55,50,41,552,109,195,234,519,96,724
58,226
295,365,376,144
59,144,124
173,256
91,105,340
321,217,7,607,98
554,358,835,672,307,87,362,102,583,4,104,836
135,58,94,271,60,93
25,71,634,148,837
578,394,55,838,631
278,505,167,240,145,668,342
93,459,59,130
282,839
102,278,1,117,264,18,217,167,3,55,109,93,59,49
438,4,361,710,169,2
38,25,594,21,314,34,71,242,16,219,80,434,65,426,818
468,760,200,723,167
2,200
55,840,278,148,7,51,303,321,20
80,841,314
401,270
159,842,538,399,459,487,91
340,584,621,843,708,810,341,311,92,91
71,777,148,474
21,217,25,148,118,306,69,71
240,844
758,227,93,270,128,58
845,74
211,271,57
173,145,846,286,448
608,55,240,42,803,154,49,40,51,194,200
384,175,130,437,241,3
847,638
1,848,93,134,124,59,787,387
849,445
154,1
177,794,703,104
25,594,75,12,16,278
433,80,160
590,278,222
117,66
497,93
94,633
200,271,242,59,566
93,58
828,668
523,96,50
642,753,324,200,240,96
173,104,2,145,152,358,850,307,3,4,851,92,805,341,785
538,4
225,806,401,58,852
88,118
40,94,282,67,853,549,607,322,54
95,21
155,249,428,275
504,854,163,103,4,104,762
130,1,58,94,59,100
93,79,13,855,69,232,271,200,429,306
135,59
67,51
69,65,73,23,508,54
184,66
74,330,148,69
54,148
829,133,296,229,757,132,125,828,230,129,130,848,122,127,225,123,58,57,131
49,97,550,684,324,89,856,114,592
40,66
857,93,59,741,58,500
284,303,25,80,314
349,151
374,151,858,403,136,859,295,252,88,585,100,268,1,625,860,94,861
700,416,215
12,175
303,62
594,16,37,175,278,862,25,71,284,863
1,633
271,94,109,637,286,135,464,175,131,121,148,282,363,93
145,217,864,173,117
324,167,608
227,93,675,560,59
182,168,167
41,66,112,760,174,109,724
130,104
55,69,109,217
42,96,182,40
133,100,144,291,252,270,93,58,155,94,123,865,866,254,59
177,2,162,764,277,87,18,307,271,3,173
4,58,93
94,10,569,1
35,436,322,278,13,25,80,284
286,19,311,340,173,18
794,159
93,603,143,224,54
81,23
723,40,14,50,25,167
541,94,134
388,69
268,65,490,288,377,618,93,330,295
153,92
358,867,4,104,489
174,724
286,152,311,341,514,19,623,868
233,869,96
271,234,220,65,59,402,870,324,146,349,446,4,192,378,13,93
10,371
342,148
11,690,374
396,130,133,93,457,356,59
104,144,135,559,93,230,58,554,92,258,585
39,167,109
171,271,799,153,58
75,871
54,228,319,120,25
421,263,92,776,286,1,2,19,771
22,315,148,51,41
69,872,23,25,752
243,133,104,183,19
23,873
557,155,387,226,334,270,275,93,59
200,80,148,240
545,570
69,81,314,95
39,278,667,224
25,337,445,54,321
376,690
19,286,18,387
16,303
39,814,490
785,362,3,173,307,2,271,18
307,173
135,25
306,528
854,264,763,360,358,695,4,102,103
74,109,51,306
135,656
339,19,694,526,399,286,621,874,402,91,152,171,159,92,340
87,102,4
74,400,59,302,130,513,25
1,292,88,711,94
74,6
117,240,40,803,42,85,97,167,327,407,51,247,55,109
102,251,91,399,1
275,134,93,535,270,228,225,144,274,1,130,875,241,88,59,155,94,58
808,243,736,483,427,742,236,46,50,85,416,247,67,240,481,51,468,84,740,876,485,733
25,82,2,148,159,19,71
44,740,240,51,50
114,416,67,247,49,663
217,278,148,69,752,21
616,423,71,69,597,750,25
286,399,301
564,853,138
877,93
878,58
167,39,143,66
305,148,732,23,110
204,166,187
67,879,324,687
880,79,21,81
94,292,88,881,251,1,274
504,363,94,58,400,3,585,130,171,19
674,882,93,152
577,690,570,100,376,10,88,825,134,268,94,674,787
221,28,187,883,109,66,39,41,165,723,624,327
324,55
225,59,271,144,274,93,155
135,58,268,690,270
173,450,159,420,180,171,91,584,782,341,884,4
107,50
118,423
885,578
846,148,226,93
337,482,481,71
200,51
159,92
21,681,282,886,887,54,167,888,14,109,889,236,890,25,200,38,453,224,355,26,71,55,891
776,892
93,271,727,6,371,58,81,665,130,143,71,818,33,25,893,553
339,894,104,895,896,897,307,271
159,148,100
69,319,256,463,74
9,159,291,33,93,524,152,204,466,357,14,1,278,286,59,605
271,3,177
324,534,306,25,69,23,236,240,797,66,50
16,25
608,339,340,889,282,25,684
716,55,898,624,89,608,224,50,109,490,67,427
235,240,67,742,349,465,51,85,325,46,236,50,608,636,84
103,899,780,263,4
270,723,310,293,879,148
268,58,152,39,81,71,102,66
74,54,148
152,225
93,226,161,340,91,700,104,275,3,159,92,94,58,213,59
900,559,656,585,134,570,90,275,135,256,93,128,94,58,59,271
71,19
167,901,41,197,753,195,589,224,66,200,196,96
318,51
457,11,396,134,100,569,852,88,860,10,268,274,756,138,94
455,62,204,251,745,655,175
307,10
1,93,275,103,58,155,177,902,132,59
217,284
177,531,3,764,102,173,18,903,307
340,665,904,905,895,92
268,906,907,747,3,59,409,19,145,229,92,58,215,171
54,191
841,93,49
526,524,271,858,875,92,908,743,59,775,371,286,1,645,144,134,135
327,188,324,117,592,481,523,198,41,55,51,66,39,416,739
415,55
81,109,25
226,29,93,376,59,575,58,561,1,457
1,241
324,523
909,226
449,447,341,459,312,910,311
4,402,307,603,173,781,911,145,912,92,913,286,372
341,914,622
136,69
278,284,25
304,66,154,96,612,51,69,16,845
242,6,148,21
278,25,730
23,732,118,54,453,65,306,7,889,22,319,21,279,69,305,74
16,6
224,109
915,315,872,15,12,14,238,303,37,429,33,38,477,175,611,16
54,282,7,542,22,702,118,731,79
135,263,546,553,282,40,80,667,331
270,65,866,92
284,19,916,25,226
7,531,288,96
25,200,152,130,917,55,321
85,278,81,109
93,4
18,102,918,4
447,145
725,66,109
216,211,769,359,762,487,919,581,831,263,920,781,102,106,780,104,358,260,4
152,726,19
23,118
148,887
528,817,54,319,21,542,921,284,150,426,98,303,722,13,25,75,148,23,321
109,458,50,107,394,184,85
753,466
159,341
234,39,66
228,922,675,226,93,10,268,923,131,58
362,531,87,277,2,546,307,173,583,878,3,271,924,18
37,594,71,25,597
93,226
135,55,94,62,481,925,424
926,340
109,55,96,733,513
371,927,459,427,566,451
54,135,354,238,270,670
429,148
413,167,19,297,209,85,324
74,81,242,69
158,928,19
49,25,173,59,307,88,6
178,586,449,526,19
145,288
70,606,611,355,62,238,616,686,786,314,37,80,369,13,25,38
93,929,25,226
25,6
518,109,41,869,107,197,165,96,930,40,66,199,233,490,234
93,586
87,271
78,6
97,663,324,55
19,18
378,1
207,522,607,25,107
723,66,165,109,801
870,89,324,422,394,464,156,55
224,148,39,324
509,214
792,497,249,276,396,133,144,254,271,59,1,93,135,252,701,155,58,94,130,410
449,340,706,931,19,399,159,288,371,92,514,158,932
50,117,84,245
371,58
225,152,69,453,271,697,883,88,80,91,1
665,709,340,286,91,171
55,303,131,295,585,25
92,559,102,933,69
134,271,512,132,94,1,365,93
834,613
934,37
69,935,74,234,71,109
575,10,381,853,860,368,94,1,635,936,241
12,80
134,376
16,236,8
937,136,371,938,133
596,278
136,135
79,321
37,92,55,70
114,49,97,422,637,324
59,94,278,66,50,23,719,417,118
749,96,233,44
284,69,233
58,21,33,433
447,158,376,152
860,820
466,281,55,154,41,233,96,332,939,117,42
7,252,92,41
255,1
41,647,626,85,940,109,50,39,234,468,466,349,941,370
20,24
44,200,278,217,23,80,75,284,942,458,25,540
154,186,221,109,55,66,166,174,490,112,52,165,182,200,196
69,458,66,305,490,58,25,21,241,55,79,693
159,286,92
464,55,47,833,844,549
58,102
96,25,777,647,921
91,340,641,3,665,19,943,510,152,693,104
585,860
376,41,118,57,18,836
905,59,117,131,944,159,148,94,58,93,22,945,187
167,360,162,51,54
340,19
173,1,665,91,268,0,946,4,105,19,335,93,59,92,58,155,94,10,792
33,62,71,284,70,616,25,355
565,569,10,1,88,575,392,138,853,382,94,618
514,538,171,371,931,400,502,449,92,159,640,794,340,19,145
214,58,94,10,693,270,4,130,311,666,259,286,145,341,93
96,481,200,331,97,482
6,23,54,355,37,319
12,303,25,71,818
6,877,305,62,175,538,148,19,448,25,9,234,94,59,7,785,481,22
612,21,350,528
843,286,340,153,694,91,371,693
187,66
665,440,2,899,103,312,510,18,895,265,173,341,19
2,764,173,271
259,255
321,80
92,19
148,479,118
23,6,542
860,374,541,94,138,575,88,382,947,134,100,569,268
305,7,54
324,224
948,839,240,156,96,109,343,53,657,69,22
93,58
869,636
586,307,105,780,693,340,532
69,681,70,54,75,31,32,949,284
217,54,404,118,662,148
44,231,427,84,663,553,240,236,55,50,950
51,144
1,59,559,291,216,159,93,158,538,268,951,227,622,295
575,138,100,860,633,569,268,376,524,741,825,94,428,952,134
224,739,348
314,205,155,109,12,585
468,598,278,648,14,423
93,271
234,23,237
349,160
598,568,25,284,80,12,600,37,217,238,319,314,34,118,321,594,74,305,148,220
102,224,341,278,93
358,18,103,169,307,780,953,2,211,216,3,263,173,104,492,4,390,214
25,50,331,41
282,37,96,221
96,916,315,311,763,58,79,131,793,451,67
447,4,286,3,210,299,373,360,832,340,92,173,954,161
213,177,87,173,18,2,3,764,307,271
21,118
67,165
145,19
131,57,955,124,144,269,58
143,204,224,200
286,178
66,117,25
177,99
191,109,67,232,117,369,33
196,109,62,956,786,319,107,21,278,629,628,240,282,71,476,455,197,957,12,80,721,205
69,119,148,81
340,311,514,145,19
307,263,130,645,93
588,25,278,21
1,450,51,23,59
59,92,138
343,80,71,284
958,175,67,289,124,556,171
25,63,305,226
96,117
93,1
22,282,959,238,54,505,71,69,25,21,80,81,315,77
102,301,399,531,514,91,341,763,159
93,179,341,100,155,91,226,59
66,41,39
216,907,263
497,120,130,270,848,135,226,59,227,82,155,58,93
148,305
66,466,234,589
468,85,328,960,885,235,50,67,97,236,44,49,961,644,154,630,240,324,51,206,55,465
