29675,27077
32805,60451,43436
77225,63916,19721,46772,4000
52212,2496
955,81158,29675
2218,14479,5151
4620,21262,34837
30983,77237
1705,13786
56542,28353
72873,1950,77177,57284
9291,41801,8374
58973,16062,12547
9312,44533,296,29321,88007,34302
68682,78615
81158,105
40024,41801,2260
41801,26913,87410
70865,81158,35321
2260,32607,29675,44050
58862,15291,60648
41801,2260
6456,29675,61597,78737
2029,57296,13311
29675,57874,3384,6581
66261,32113,15527
41801,86705,29675
30042,55878,16421
56389,19762
59823,5413,3382,24174
48280,54207,57921
29042,47867
62451,69611
45061,32805,41801
19575,58046,2016
80850,15565
53312,20039
33197,31745
59304,48917
6456,4641,46966
41801,81450,67560
45932,65933,70969
22500,19403
2260,5311
34432,16235
23305,2266
21023,9643
35568,20360
1432,38377
34526,41801
17560,10147
65171,23305,9058
28267,47052,27433
73693,87055
47732,59553,68721
56492,29647
81810,45472,30186
21179,80850,28299
5744,41801,77237,18738
2283,49118,13579
12353,40808
9749,6836
79547,87094,52054,20013
43331,20178,48033
31339,74346,7241
34892,10932
30,11314,23708,37994
89525,84425,63963,70292
58963,13578,10123,779
62451,29858
2637,33298,48339
59630,32657,76428
40575,71388,20312,9643
31204,13579
25817,7648,6581,9457
28589,57936,58202,54773,55936,45914,81756,45015,58963
68682,41801
73886,29376,31088
3702,6474,53385
66848,10687,32854
65753,16421
16421,81158,3197
9141,22754,57874
84490,80202
35546,42891
51607,54776
84729,16333
16334,105,6975
42066,10932
2934,19029
59630,70592,27477,43424
61557,59238
29675,30983
1950,44195,54784,76992
81158,89296
58517,58973,3700
78931,62307,42917
47957,41801,13265,12400
58973,50822
50788,65219
27599,27066,62236
41801,22685,74634,29675
79333,41801,43032,31196,80850
7659,61663
63688,80850
53917,8374
41594,51355
2030,63930,78419
54630,42733
49359,9255,8374,41395,19947,59238
7427,81158,2973,29675,12816
81463,76992
70084,82939
46544,11848,67236,56377
40401,23393
48353,55448,49946,26906,81158,22414
63374,7344
82090,38644,7704
83122,85562
63154,31221
82464,20113,78640,54776
19819,52874
38617,79333
1789,43424,59238,40808
78615,34006,29675,53317
29675,85127,89687,18175
31174,2297
61672,21466,27142,22250
15571,36579
47867,62101,62073
65485,38617,74763,13288
52869,16299,60086
72873,674
9164,42874,4051,53259
1918,29675,21179
5239,2934,26590
35793,72044,14870,54230
25098,41801
23006,12437,41421,16421
34084,61748,2260
62073,78615,77237,41801,26913
58963,33498
42420,26679
9242,19897
10706,19349
38931,29647,70156
54883,58963,23321,59717
29675,44881
66777,58963,44640
87124,1708,38105
30630,2260
8408,47755,39730
37647,454,10034
23372,66459
47608,69150
25974,37048,40814
47235,5484
41801,43368,14309,7704
1543,51888
70689,1775,81158
78337,56883,14292
32657,69214
80850,19108,72455
2973,12702,18932,28631
82678,62451,7648,12718
81286,4816,16489
10378,41801
38105,27778,34860,44458
17447,22754,12961
79197,39117,59444
53631,25475,45094
8467,68469,13579
56570,7663,25629
41801,3577,67741
33423,57881
8503,41801
78931,74114,12043,33002
41801,149
8503,7496
66317,50809,85857
72807,6662
81158,73186,9220
12852,61444,10932
26003,52098
54043,29675,13898
89240,36369
36974,83340,41801,54392
81810,22754,52168
22302,38564,64557,85506
26085,21573,28893
6071,86307
70879,41889
105,282,54776
2608,23305
40808,88557,7520
35793,58963
9590,79955,54039,35642,58963
80158,13579
85921,75115
78807,12019
41801,62391,59368
48046,51888,71962
65557,47372
66508,29642,27433
8503,39626,9086
47507,45764,5506
34526,33528,71296,77003
29675,19098
46179,36184
71727,58963
15149,4567,36783
2260,41801,2362,42013
41801,50921
45847,5837,4992,52805
26913,79378,14517
51023,1929,11319,69465
29675,36438,62920
22153,7934,13666,7568,44277,87770
9935,19484
21568,45592
85290,66508,52123
77237,2673,6517,15412
16275,24802,89922,41801
29675,5936
63953,5034,21223,58963
27360,51303
57935,29675,16498
54691,31221
30983,24993
30874,82093
41799,27462
17354,872
45817,23305
39890,11775
2260,80850
15899,54792,32854
84131,52707,2218
73447,66405
45211,42320,51481
58973,16421,41801,40451
83895,24450
25050,58325
81158,22754,921,41549
16333,41801,77983
77704,30983,11046
5064,73161,77011,46544
21076,36867,90029,75420
46830,1330
62087,69420,81158,31088
6165,15140
58963,49674,78704,13579
49571,73973,25444,31088
613,58171,78615
52980,31002
24090,33554
29675,62451,13579,3631
1302,78649,27478
77587,68175
58973,86748,65177,33770
26641,5413,62819
32058,25479,82048
77237,7496,41801
34201,20836,58963
17303,64198
15291,5726
36310,9245,30983,54230,35092
29675,71658
63411,13738,29376
45956,44578
22754,29647
30186,21526
62236,29675
89655,2796
10123,55717,4983
16208,36307
4732,13579,22983,68682,47995
4896,12603,71013,70752
1523,22617,39827,105,49537
13579,46463,23305
779,69642
84412,9717,41801
56492,46850,29675
13579,29675
49153,83880,35312
6054,39198,24777
25212,44889,53323
70404,71825,22754
76436,45239,61913
84651,42054,37704
62040,84290,105
27731,53312,46582,12976
13579,41913,16346,93
31784,33318,10899
5151,30,77237
54123,30832
27433,16500
34379,8503
41801,38684
59202,20178,45604,66249
41801,50429
14841,2971,55518
15699,12858
2179,6094
30042,20178,13852
62537,17174,31088,29675
61610,13143
65438,4117
44640,41801,81911
33488,70337,3361
48871,54021,5935,31043
54210,29900,19403
4231,29675,17174
78026,12400,57587,39117,27433,13579
85416,60219,70029,6275,3286
43918,84829,68529,41762,20286
54007,70973
43711,78615
54381,41801,81158
13579,35793
6421,14309
3665,2934,23120
81158,67706
58973,58963
29675,51023
948,80850
41801,29675
30961,70834,8503
59238,15681
13579,29675
57700,60885
59489,72906,8747
27598,82116,48216
47962,81163
79547,86358
72394,42992,66811,58963
18185,24241,14479
81265,39730,58973
81158,20329,28975,63154,25170
4914,25436,2654,69718,59630
2218,2511,71460
75648,32854
80850,81158
54796,6570,64140,31221
31105,22754,41801
12362,53657
72518,36184,14568,41306
46255,58963
51023,57874
8785,41434,81158
29675,81482
38286,921,5413
1589,2260
31395,29675
77237,20383
85290,65145,20080
63076,80850,19003,57874
85294,2973
26261,35793,57921,5090,22820
13579,26261
29675,77237,35375
80850,5663
40812,44298
18008,40763
82116,30983,66235,71585,72163
52259,7953,12362
69354,84132,41549
56903,6155
57510,81158
22937,668
78615,27433,59238
57296,23625,81035,70938
55717,16107,45340
18237,87554
50299,56458
2179,80554,80850
668,17609
72586,58973
27077,22754
58963,84634,34201
20936,32086
71886,19636,30383,15515,84490,13336
31174,26913,50894
1467,147
105,81920
79950,35685,67763
17273,19445,63411
54400,29675
89830,8191,73645
39626,39343
74304,41801
78984,57249,3528
63168,27
42406,67256,18143
38617,87862
29675,75161,3361
31204,51023,18275
38105,62073
47867,29675
58963,3595
58973,6977
79722,2218
27077,9610
7725,27525
81158,79406
42891,1950,13579
29079,45989
6126,55576,72488
2973,76307
62269,76943,78615,47545
41801,74044,54595
68868,59356,58907
51198,57851,55920
41801,24562,70405
20418,70219
1068,81158
52708,73969
8507,9743,7599
2218,10846,66389
41801,27524,29675
36637,24703
31648,76735
35793,51108,54198,7853
86219,59238,7725
60368,57557
74763,70750
12140,78615,75631
7934,78615
779,31088
83984,80850,5056,27788
8374,31186,35327
48954,78686
74072,78448
16948,13579
15747,33085
37644,71296
68762,34195
36184,69559
31221,41801,81158
33322,83987,68790,70984,88223
29675,11540
2123,70872,25299
4620,24619,29675
17727,3835
76418,2680,89067
45328,77237
39022,65616
24993,87508
56325,1905
67832,34526
59238,60823,65642
779,78425,81007
282,17766,40617
201,32805,77012
32915,29673,2414,15291,52802
13579,28653
33477,77237
70648,34075,64554
5484,28015
43629,16508
40814,1375,1201
20254,75200,70095
6767,14023
70325,62453,58963
34526,49952
52034,57130,76661
55205,24101,87209
2285,13081
67256,44272
7496,62391
15660,83766
24699,22862
46503,41521
12811,30656
48876,27207
12890,39352
8348,63941
31937,36881
6680,87953
27727,11713
28526,21652
35869,11798
81158,89468
18734,19375
8586,72968
8680,30552,79130,81158
82224,73393
12308,41801
59348,1004
67836,20966
75998,78783
66164,2973
25170,41801,32058
41801,47867
22357,44640,35926
21852,25539
52663,59238,29004
45817,40303
31088,34727
35292,72629,81370
54642,55014,60984
16585,13081
77983,38136
36184,7767
59791,147
86393,10932
32805,2854
62819,29136,52214
51051,28676
80850,31552
21823,63420
6382,74064
64596,80184
27259,15818,66405
13579,53944
35546,61672,16500
39723,25757,89067
30951,15378,14014
3361,57874,67647
33293,25212,46850
18275,65831,71825,81158
10932,26142,1789,29675
30469,73402,29737,53657,41801,12713
27524,54314,58329,78615
18540,16062
34201,23006,65263,24440,6456
80850,30913,25187
40020,22587
37741,16346,139
26261,36094
17809,12713,33008
72484,81158,37565
38931,17809,2260
41801,74609,67464,46544
1020,30186,44640,84406
41801,78060
65959,90042
53944,46255
29256,42420
66097,68387
84613,53756
85176,29675,10329
75716,55101,41801,58963,58963,41801
46996,34526
16421,31757,41801,38617
64557,36412,72473,4620
12872,2488
7934,56468
62190,668,9963,12789
8374,14292,38408
37899,35825,31174
67664,66305,22639
43720,38539,43546,85697,43535
7028,34270,9033
51621,51234
6852,16421
34727,27983
60026,4565
58963,72724
35727,17653,79148
43762,58963
19041,12713,80516,70507
75907,80184,13579
23393,74916
3906,45313
55849,48357,2179
18536,53192
30,27548
16421,66143,25909
29641,61672
81158,17171,21434,34727
38931,65068
71058,46322
13287,52568
69901,2260,18237
3493,5506,21423,15747,51355,698
20796,77237
30983,41801
78950,77237
35546,87426,29136
58973,87555,23211
86622,10555,1712
83599,54210
47867,81105,42596
36524,5873,76579
34526,83987,77237,37451,74726
66850,89524
81979,24354,19762
45604,51554
1950,61767
921,34201,12713
66923,29675,74259
43227,7572,80850,69815
41801,29675
2960,23708
81158,51416
20373,779,26135
81158,13899,82668,31220,63935,44845
65673,31174,30874
41801,41801,44738,64557,2080,88503
41549,65270
74034,41801,59238
51455,77379
89193,13579
88686,13579
21827,13579,80850,70868
23787,15291
41801,66249,17749
51284,2260
58973,66807,35053,66933
73482,14309
13712,39216,74698
47487,54329,4914,62835
20244,67663
54143,14479
8191,74539
30,4983,40873
81158,18908
6126,32463,57874,32912,47076
3361,41801
1330,48489,70292
52156,5989
45094,36738,49153,46965,81158
15831,18918
18412,70498,41801
57874,21797,22249
921,9255,1203,23974
2283,48645
81282,68578
17985,22971
35881,34712,51688
41801,13598,2532
84490,22156
24993,73800
68301,43418,39721
18143,89416,23519
396,28256
54796,30051,13579
41801,86988
65186,55062,15818
62236,5778,15030
15378,87647,26227,58963
41801,84926,13237
21498,58265
1901,88580
71397,43795
12400,9706
6155,52379
25338,49539
81158,50288
70039,41801
60646,79970
62238,13669
41421,6382,75420,20178,794,86221
89234,42964,41130
47867,81962,29675,25830
42964,55237
41801,19883
88152,15173
22559,10378
81158,6054,85355,60654,5420
68973,20190
52845,33883,47333,75293
41801,46309
24374,1099,87055
61261,28609,35922
10866,74641,41801
84611,64483,3725,9068,41801
13638,41801,6488,82265
32463,37910,66823
11194,41801
53944,74218,41801,53729,62073,75161
57296,74764,59743,58963,76187
55717,38559,21981,7551,23046
20996,54210,26823,80817
9595,57719,53370
15747,38050,6078,88375
72873,12086,49439,30983
13579,78943,34315
68882,36655,58963,56878,32463
44428,9237
8625,21071,41801
9194,29675
69866,22669,82080,2229,80850
15685,36457
7314,45051
7648,58973,50259
32621,47662
46176,46205,48885
27843,75764
34075,21080,40947
67340,7702,29673
31086,78376,70634,51670
14304,68171,41934
41801,36771,6456
59974,44685,77237
45669,11366,41549
47669,29675
23770,57922
53651,41801,49225,68977,89934,42656,62391
8336,27360
57296,17830
29768,81158,49153
7663,44423
21135,50958,65361,40829
68082,81158,87055
921,21722
39343,85597,79803
69226,39117,60566
61554,7725,34234,105,12406
3906,75204,2260
31536,29675
56969,84619,87929
6456,26913
41801,594,84104
50647,8932
58231,41801
62140,15605,1789
58973,71288,41249
83874,7572,66508,2297,41801,26808
43316,42966,1595
57510,62537
44493,8503
43206,43,11658,21554
66197,71825,28589,63523
70973,12877,30983
19762,41801,28195
20932,2260
84490,2531
2260,73387
6065,38610,85078
12725,13852,82513,74591,35547
963,50861,29675,12789,41329,15116,11600
86819,24620,5349
6972,13579,76436,56878
23104,28299,61132
4959,2746,89739
37141,56903,12614
66430,8263,71217
84299,4914,24103
17522,39957,44428,29675
10170,43795
49642,77669
69976,7346
27433,20013,30980
28169,38458,37020
105,4231,87490
88546,2973,7934
88518,41801
32093,4231
29548,18520,40946
296,30
70287,2260
61672,50571,85310
13579,3648
29675,32438
62451,28171,44965,41801
4620,79737,20178
46971,30349
44554,79997,46850
83899,41970,41801
7353,3478,34046,8319
23132,28941
38822,54314
61923,81158
51607,66097,10770
85723,38626
81158,83199,34727,63422
17466,75176
73489,39116,21466
42964,80657
24178,27438
41762,74493
24993,13579,42177,27964
7135,51198
57510,47867,87967
14444,49029,58963,68721
57874,9245
68766,57041,32805,69791
37675,77354
2854,53944
55717,41801,30937
34727,66221
4688,81678,87055,79913
12992,63124,32137
72580,29675
2173,11829
39793,78857,23882,84490
42420,74786
27234,8612,25356,60280
48599,40380,82874,69625
64384,80942,59630
83117,27043,44898,40136
17237,65598,62629
41801,31724
2973,27077
2637,87055,89502
20013,16247
29675,62073,60024,4858,70103
78615,67503,72854
17777,36477,84490,33325
77237,68992
26475,54784
3648,53944,8374
84490,19375,66961,1850,87965
4569,19403,32854
22608,30381
41801,78686
41801,6034
29675,12558
36184,74604
30536,12860,67084
57874,51806
2608,85761
77237,39540
69333,42903,72873,29675,5651
41801,34219
29675,75735
30791,80987
24066,12269,22153
48716,89065,2973
80220,2465,839,61339
50507,10497,86484,54883
6972,80850
32823,7318
14125,57001,56655
4620,72,79305
40791,72458,71063,57510,8374,13852
105,81541
84490,11164,20560,1950,59126
2496,41913
81158,88711,45059
35928,9245
75611,47838
23800,8374,86264
41845,23389
109,54516
60237,3267
77840,30768,4227,58202,53268
20705,12176
77237,59238
54784,54540,46850
46850,46243
15074,32805,57874
87511,60972,779
77277,4452
81158,3361
62220,26157
29675,65691,56054,4920,49974
65343,63344
1388,2496
921,2525
13579,39076,42750,87999
2362,6126,18472
31088,19295,64095
20178,70325
65627,62160,70084,87563
34727,6581
65627,24612
56009,105,43025
10217,2379
78713,41801
7872,1343
77237,50390,3700,31896
12159,20178
52980,34779,2179
36524,25086
46557,79283,64736,41801
28398,16508,82955
77379,85521
38943,8565
42810,12362
84490,31454,81158,58963
32463,40669,47130
26983,44658
59041,88531
21152,80850
13801,71486,61371,54776
13184,35479
24138,41801
41097,3334,81158
78615,76133,3035
79803,11686
22676,62819,67503,48650
9237,32555,38344
77237,76988,47837,18540
33548,22754
51417,77237,46679
11110,62073
32533,38669
64678,23261,3648
41801,83982
44428,70808,8680
17809,84276
22165,74999,57874,59543
44423,53393,61109
58347,12280,8503
1850,3382
50204,60432,77616
2496,34084
83709,38534,78615
955,80718
58981,29673
63930,70973,44665,71439,81158
81158,2173,18696
47995,67170,82719,59202,10976,42749
23936,42062
60062,58342,41801
77336,80850,29675
17462,52152,75057
30681,17855,23625
25656,29305
55095,53926
44060,2854
36466,42228,48144
66267,80746
41801,23162,17985,30715
5998,78302,41801,29675
81158,62073,63374,75162,57964
61362,6588,16500
33570,5506
20578,32533
72163,17666,10497
30183,60973
71825,34330
60801,79414
72696,47995,72526
57648,54210,4983
70498,58760,27077
31088,41801
77340,59552
3339,29647
67595,17653
59449,75464,59630
4914,2260,17836,52398
16346,61019
55936,84244,56854
89331,19255,2772
56492,3361,57616
68450,4220
27109,80850
67814,29675,29768
30983,73428,54475,40111,3238
79970,81158
70817,86653,49352,26261
24993,15030,37791,53190
24983,15747
31888,27433
33186,12000
60770,63773,38736
38610,14014
29675,15794,8374,69743
58973,25284
68247,81079
17174,5096
68578,30042
29675,71509,33138
84173,71706
7167,70100
53657,12887
75766,1970,68149
40811,41801
18928,30628
29675,78931
62073,41801
18540,55948,80850
51173,48144,36184
48788,88375
34232,27939,28213,7332
24677,66460
7961,23445
57874,28701
6385,34201,57378
75422,41801,53190
80850,51011,470
45579,24066,41801
41801,41801,54633
8380,56866,41801
10275,9105
70879,35393
41801,59630
41754,63175
65045,42843,77123
76348,14546
2420,8189
54655,85240,34084
32796,84325,9595
82274,24657,37814
19403,89934,1644
28845,4103
36524,29675,79139
70752,57410,8408
58963,41801,51670,87399
45865,1145
63119,80850,81158
895,18275
36637,22705,3176
1050,98,74898
7934,80850,85030
59238,21121,81158,41801
1950,9990,76906,2776
55765,45230
43663,18928,37675
45383,16280
21900,22161
28589,14308
41861,8710,12222,1950
77272,10442,78276,79490,78615,42420
72629,29675
33250,16663,49897
34788,23305
29303,59238,66807
2934,7295,56437,49604
59892,29675
2934,8690,27727,37791,11251
89234,29675,36184
48157,5464
80111,54635,33384
6648,3531,12713
14309,47128,61441,45383
30510,29675
28508,27077,81158,41801
11196,84490,15
71825,29675,4995,74180,54923
58640,55787,2823,9220
40814,44824
2362,4147,28187,29675
10750,76227,14230
34270,31951
24993,54830,33043
26913,41801,53374,73260
71855,35051
18038,51023,18801
70084,29675,65844
17671,29675
21179,47507
60642,31025,11113
15278,41801,37648,68682
1789,54923
79435,26114,47487
61850,86551,4983
17155,25512
80850,22255,31350
41801,18275,80383
66508,9831
66341,2814,17742,31088,41801
11280,19816,46179
56022,78615
41801,23494,8408
23652,17985,7069
31854,10080,29042
78302,56492
14670,59474,62608
8484,50629,3107
27433,4478
73278,47867,51554
63930,58973
84874,71743,40814
50299,10671
57296,8503,2789
78425,6126
1835,60983
6259,57874
24830,56514
41068,19947
43005,69538
37143,11637
62307,58760
62451,39617,28899,38669
10648,42596
22092,60850
64652,60646,49205
68845,39462,74697
62799,89934
48830,36829
57874,50062,20368
28899,45166,42596
69642,50507
63401,72429
37172,24553
56478,56244
88679,69354,67354
2260,68929
52369,38408,17399
4858,17370
41801,84369
84490,16333,81203
21722,83807
46255,47139
51012,80825
1448,74470,16052
79340,70752
3471,81158
59238,27862
42814,72411,16421
54776,36184,25671,60856,54776
3361,24677,3616
58973,2531
8680,38210
40020,30,9245
76303,40615,81158,19089
42891,13427
2286,80092,66360
48013,81158,52386,30640
47299,20560,86264
81158,28398,6648,86219,8193,2260
66508,77237,69613
9,22616,50100,47300
42,7496
68300,57887
31043,59238,28045
57874,17174,51244
13579,52233
66508,81158
31204,8864
31874,2854,78615
36184,29675,60654,41801
16421,2010
61470,46255,11234
22558,33322,43227,6161
16673,300,84053
84490,42816
41801,44989
17378,62073,29675,13729,41801,23748
41801,47422,36184
58046,20938,4478
51458,88679,29480,28845,57874
80362,47794,998
75854,20398,12362,46500
33843,62950
14309,62537
29673,8001,42185,55717
28813,1789
48745,44458
81158,82969,75959,57851
58747,4563,62255
13578,40020
62073,27264
62073,60974
6638,7572,45956
86393,2297
51023,9215,41801
33659,46850
59268,83542,26051
87475,23128,22414,58202
83793,5700
58973,81915,81296,45340
1042,41801
80555,52156
36184,63351,45865
37619,82595,34270
6687,105
58963,64934,73800
69662,17479,44726
20178,2283
36699,31088,2887,46544,83354,12295
32158,41421
53672,77237,22575,6975
51643,32805,58973
57092,27077
36184,80912
81158,57446
7758,3554
78615,81158,89419,47297,9595
29675,9743
41801,59238,56123,81387
29675,50473
75485,29063,71209,63900
61286,88546,5780,14309
56325,26345
51883,21824
46850,64901,56468,24777
18237,63119
45361,45472
80850,53657
80202,66228
84490,18275
41801,41801,75632
46222,14512,2505
60953,81864,10164
35778,3671
41801,69333
41801,75705
84246,2067,77237
22926,12199
3361,57548,7147
35123,21835,81158
63787,30
40814,47235,41801
77950,21876,14675
51957,30472,75631
1789,85548,43585,2854
72873,36365,48659
57692,46679
4563,9350
50169,42656
38032,65915,32805
12872,36184,16421
13167,42125
41801,2796
2654,82623
84490,78615,26458,29675
53915,15605,66405
17977,74609
89067,1902
41801,84476,50623,59042,5971,60056,83982
28609,42814
19380,45763,19753
41801,39561,23449
12369,38011,88386,44276,18638
85450,16333,74044
872,69694,75181,58202
13852,38011,46503
84490,53773,42771,4992,80850
29869,58973,19541
297,30983
86579,1805,89924,30983,58963
68838,60972
84490,41801,81345,61010,25266
28431,88656
60085,60929
27433,45472
49697,47867,1795,61672
57407,6942
6889,24864
13579,74020,38274
2934,39343
41817,83107
59590,23163,56394,11641
470,72873,13405,29223
29675,77237
77379,30983,10687
88175,52156,78615
21151,37720
921,62204,2075,70686
26076,82668
13394,17231
36184,33726
40575,23967
81158,16421
13579,36184,36455
49225,22213,40303
36838,74928
58963,41829,4280,84927
58963,25859,69441
4688,85562
74328,77237,84449,10982
36073,72238
71262,24715
15094,54784
62447,33575
33901,1926
17809,61597
36184,41801,8322
58963,921,44238
27076,779,48657
68915,86503
70325,46205,47279,30183
27222,81488,1371
39730,13579
46952,86729,89532
88503,54332
71825,35016,15393,47195,82757
50443,2531,921
55042,47943
65466,77237
59238,28267,84508
2310,17174,63891
59001,54260,56437,13579
29675,36455,17691,41801
84271,5658,41832,15747,13579
59238,67585,62549
74762,41681
2260,31854
3648,2218,2420,57296,1650
58804,7928,19026
9245,59908,9242
779,78823
23305,70028,55161
1950,78238,78823
29675,75312,5720,8734
21948,60654
81158,20713
61639,13715,39161,10500,86665
22729,73024
17089,74763,75132
29675,3525,921,30
50390,77237
36965,53717,77237,58973
25170,75181
65813,19041,21474
23305,35114
8374,61165
30611,74389,61672
28045,9544
8191,41801
65508,38931,85085
86845,16421,12400
15543,81158,16881
30983,33614,41829,3361
20196,29675
41801,59238
63001,62936
19528,17653
29675,51957
30169,13715
73360,61016,85546
6685,87055,2260,81158
39531,81158
29675,27717
14309,10982,4983
22104,57510
18143,84490,63098
81296,9389
53944,59078,24064
27433,1432
522,74703,57874
71082,51065
81158,2260
35546,1432
71393,64291
14309,4692,14502
40016,16421,29675
27171,79251
38617,57874,62950,29675
3769,5852
74641,49069,4620,83409
2260,8191,58423
16333,105,28195
84215,77691,921
47867,31393,25590,69833
25004,8374,30055
18143,20378
20178,43183
2260,3648
50391,11894
29675,17985,77237
81889,65468
47082,38096,25203
57510,60549,79722,14624,66555
62423,74658
2731,82720
29675,29900,41801
61472,12763
67603,80383,24993
70069,61467,84490
53927,82090,35793,1950,59055
75688,14546,67456
31854,19403,64883,79193,7725
30042,51451,5311,81034,19108,2934,29675
11441,3382,83073
84195,71728,38114
7332,67399
56437,38105,9248,53254,42964
16421,18185
29140,690
35856,35888,35937
47457,85580
22593,30596
74190,47333
55062,34269
16421,64652
20938,70318,83236
41801,12872,81158
46799,13394,80850,9245
2996,40020,81158,54697
59011,86393
2173,454,30983
54381,86132
7344,28412
296,26505
45016,41801
23522,84490
62886,41801
79669,46679
14713,3906,64808
80850,30800
32657,29258
41801,29675,20860
50374,29675
41692,82955
80200,12845
5962,11234
45015,41801,86486
77237,34002
25535,17251,33730
10932,26590,18696
4876,373
61928,72914,75999
89166,779,11561
28609,41855
2817,80648,30081
13465,22299
31730,19077
62451,62950,57623
49726,3361,23840
21325,36184,39143
31141,83378,39117
5928,65321
58963,24132,11230
67304,2746,58973
13579,73428
1789,47867,12918,84490
62451,43759
13715,7725,54329
87511,41801,65508
779,32,29208
41801,66656,29673,29675,47995
41801,79970
29711,52707
14309,71490
80850,31454
52123,36587,83743,45644,64652
41801,73820
61928,58973
41421,76943
41913,67750
23132,62391
1950,22754
72629,9623
14309,80226,18908
75439,71454,16500
28471,14304
55593,38105,37009
80850,14365,921
397,28884
12813,66737,41421
15291,74681
58126,47333
6492,47128
3330,20178,45740,69524,22669,71825
2173,68741
53672,79657,18038
356,36466
921,81158
71962,23717,41801,33568
88284,45016,58963
26913,44060,72081,37531
32140,53535,8191
41801,46850
49952,79247
62093,22379
33152,55717,62451
44371,77237
39003,83160
80850,69763
81492,80745
58973,87343
78841,30983,32941,62537,16102
31454,44674,65976
70872,14309
74841,71825
63649,75884
62671,31174
70752,79450,81158
8734,8710
779,47837,2260
77230,7946,41801
39236,1149,27433
19052,71557
45290,64223
1813,20901,23718,77374
79025,8408,50034,51011
34797,35793,58973
77715,33901,60654,51023,23144,83823
38617,70752,81158
54776,7102
83129,26042,6581,74608
78770,81158
12872,75511
76870,19375
2260,72429
41671,73926,62950,78825
58963,34661,17171
9847,87696,2854
16421,32935
70825,7344,41801
41801,79722
55556,22622,18148,80447
54397,32805,4711
88631,212,47251
1323,2779
75,5976,7704
54028,15291
48708,41801
58963,61652,921
1469,24723,41801
47338,29675,17070
9639,19606
9198,72873,58973
46772,82569,44255
34179,40952,19731,23238,16544,34075,76617,41801
7719,39002,70337,61403
61019,50375
57863,81158,27729
70655,7825,76436,4914
66267,58963,22069,43210
87572,70752
85895,67336
10275,22357,45669,57407
30031,47333
21023,31858,33960
80383,41801
62537,23652,88224,56454,17777
62582,57093
28580,29675,56492
32806,7057
79287,83359,17985
53548,44891,81108
77237,76160,14309
34730,89459,16535
6202,9129
2179,36078,3361
22754,87758
55093,21745,41801
28402,8538
79803,12387,89248
78770,67413
22726,8503
48936,31085,29675,78615,6469
62236,29673
80642,70635,41496
49715,24720
87758,29675,70313
4914,63654,70872
2607,62537,48771
71658,74480,20721,39762
594,86490
87746,29675
84490,39780
27077,41801,3585
63152,19509
4168,33498,15396,3906
56396,12341
7496,44276,89816,41801
29900,12605,85884
86205,3595
57874,85548,5014
29641,5463,55504,16202
67717,56969
77272,36197,75611,1950,61778
921,32749,89209
89248,46322,56447,79913
53045,49140,75611,36783,12501,55849
79722,78425,27077
84490,7322
63152,50726,11444,29255
33334,17552
2285,52916,64668,34727
77444,23984,3342,21906
19927,67260
50191,66563
14010,9138
17121,87099,2637
9674,23211,41801
13579,28203
55717,74945
13186,63152,81158,55358,13919
23305,18312
7648,23406,10642
42054,40303
67335,2854,74233
30983,5719,19738,35496
78615,538,72873
46543,37827
80850,81962,77237
65879,81265
40452,13705,32854
62391,11421,87094
8018,9245
11829,40303
84490,18143
41801,7496,733
86421,56861
84490,2496,22483,78854
6263,8004
47799,31316,34727
10169,81158,24816
19927,69811,27964,54011
81255,35114,14014
105,71485
8039,59461
83981,80850,80850,960,60185,23305
12872,5744
56878,2319,33623
10123,58963
46850,2733,12361
73428,60930
48780,10803,53481
32657,71685
1432,9643
65177,47995,41801
7279,12713
55290,29508,57874
16421,7716
58963,2854,34270
76517,25266
66853,48320,62236
78825,41819
47447,1330,41801
66058,80711,72873
29675,23625,39140,32854
26114,14033
10572,35573,969
51957,4983,65042,32228
60915,57698
3361,36184,33480
27506,5511,2
58392,4453,47452,39980
80850,58963
30791,19535
36936,36524
75625,54776
3361,26261
2260,50211,41801
66971,21526,13579
17498,14309,76635
15175,14230
7725,65438,65637
39740,79693
29641,54635
54776,65018,15685
53234,81189
27712,55093
30741,13704,921
29672,779,13408,63411
80850,58963,36668
80433,70498,41801
9643,62391,54138
776,36672
37814,47274,2420,62319
34270,88826
2179,38105
19762,58963
81552,85548,57874,79423
13103,11372
6130,9743,43579
29675,114,2111
80630,28199
6094,2854,872,46209,81158,9750
36859,3189
82116,38142,87965
72163,779,2260
68112,74641,54796,50390
42967,38931
29673,8182
30444,6584,883
58972,81158
41801,53317
4620,9643
29675,7794,20178,34403
65068,44238,20326
20560,6814,1069,7725
31352,31552
62451,12805,28631,27433
77972,13579
2260,24238,11100,41801,18536
54633,41686,53860
39236,56065
36184,8503
83678,54776,31757
73243,21046
4712,86314
47255,59482,18992,41042,8258
58963,8859,34526,12281,13579
57698,1568
2633,79722,85562,44296
64585,47128,9994
6054,82909
83542,2420
78615,71611
51506,28127
57772,44493,55277,35546
43792,50949
17960,66,47995
42185,60763,34324,82582
20938,29462,41834
84417,11444
1950,13864
52682,73028
30,64542
12394,80850,48302,10464,31585
80850,17918,83122
59602,23120
23206,57874
66220,81158
4983,9743,28490
58963,13995
9138,69322,29675
39890,53944,58963
38408,56325
41801,56730,7417
76436,15291
1655,66768
