num_hes,num_nodes,egonet density
75,76,0.986842
67,66,1.015152
122,103,1.184466
69,70,0.985714
29,31,0.935484
24,34,0.705882
76,77,0.987013
43,46,0.934783
61,52,1.173077
55,52,1.057692
32,34,0.941176
85,76,1.118421
61,58,1.051724
56,64,0.875000
69,61,1.131148
49,52,0.942308
23,27,0.851852
31,38,0.815789
74,63,1.174603
96,76,1.263158
61,64,0.953125
58,55,1.054545
50,43,1.162791
88,80,1.100000
75,66,1.136364
56,60,0.933333
86,81,1.061728
83,68,1.220588
86,74,1.162162
53,54,0.981481
81,72,1.125000
79,76,1.039474
90,74,1.216216
67,69,0.971014
61,51,1.196078
36,42,0.857143
101,87,1.160920
25,28,0.892857
84,64,1.312500
19,26,0.730769
67,53,1.264151
56,56,1.000000
110,85,1.294118
46,42,1.095238
60,50,1.200000
69,67,1.029851
63,57,1.105263
82,74,1.108108
96,75,1.280000
51,58,0.879310
38,50,0.760000
95,88,1.079545
69,59,1.169492
19,24,0.791667
70,64,1.093750
70,73,0.958904
48,51,0.941176
48,62,0.774194
85,73,1.164384
115,94,1.223404
46,42,1.095238
64,53,1.207547
68,57,1.192982
69,57,1.210526
75,67,1.119403
30,40,0.750000
53,58,0.913793
33,37,0.891892
29,28,1.035714
49,54,0.907407
169,110,1.536364
78,57,1.368421
76,69,1.101449
66,58,1.137931
55,53,1.037736
86,76,1.131579
75,60,1.250000
79,67,1.179104
62,55,1.127273
45,52,0.865385
56,60,0.933333
35,45,0.777778
69,69,1.000000
91,79,1.151899
26,28,0.928571
73,65,1.123077
22,30,0.733333
92,72,1.277778
84,72,1.166667
53,58,0.913793
118,101,1.168317
79,74,1.067568
104,72,1.444444
42,45,0.933333
91,77,1.181818
47,46,1.021739
86,85,1.011765
36,35,1.028571
78,67,1.164179
111,88,1.261364
52,52,1.000000
37,47,0.787234
68,73,0.931507
53,57,0.929825
50,57,0.877193
63,63,1.000000
66,69,0.956522
27,34,0.794118
83,79,1.050633
88,88,1.000000
102,93,1.096774
107,85,1.258824
33,41,0.804878
116,101,1.148515
43,39,1.102564
15,19,0.789474
72,64,1.125000
123,96,1.281250
112,89,1.258427
62,71,0.873239
68,60,1.133333
88,84,1.047619
112,85,1.317647
117,97,1.206186
60,58,1.034483
98,84,1.166667
74,69,1.072464
68,60,1.133333
29,38,0.763158
39,45,0.866667
43,54,0.796296
43,44,0.977273
72,68,1.058824
47,54,0.870370
55,69,0.797101
36,34,1.058824
81,57,1.421053
45,50,0.900000
87,72,1.208333
102,92,1.108696
78,67,1.164179
94,92,1.021739
65,64,1.015625
55,62,0.887097
87,82,1.060976
51,51,1.000000
137,106,1.292453
36,39,0.923077
24,36,0.666667
31,32,0.968750
59,57,1.035088
40,49,0.816327
39,45,0.866667
56,58,0.965517
19,25,0.760000
31,37,0.837838
25,34,0.735294
52,57,0.912281
64,71,0.901408
60,56,1.071429
87,78,1.115385
30,37,0.810811
36,37,0.972973
43,55,0.781818
85,75,1.133333
52,61,0.852459
30,41,0.731707
35,42,0.833333
27,28,0.964286
40,41,0.975610
52,47,1.106383
29,34,0.852941
77,75,1.026667
60,61,0.983607
91,78,1.166667
38,38,1.000000
65,58,1.120690
77,77,1.000000
49,52,0.942308
92,78,1.179487
51,57,0.894737
76,76,1.000000
66,63,1.047619
63,63,1.000000
40,43,0.930233
84,79,1.063291
63,63,1.000000
27,35,0.771429
98,82,1.195122
38,41,0.926829
66,65,1.015385
63,66,0.954545
96,77,1.246753
79,74,1.067568
72,68,1.058824
39,41,0.951220
36,44,0.818182
39,44,0.886364
60,56,1.071429
49,53,0.924528
38,41,0.926829
76,74,1.027027
49,49,1.000000
62,60,1.033333
55,58,0.948276
53,53,1.000000
37,50,0.740000
82,79,1.037975
67,67,1.000000
12,17,0.705882
22,26,0.846154
84,84,1.000000
27,35,0.771429
65,55,1.181818
21,29,0.724138
83,66,1.257576
21,28,0.750000
39,42,0.928571
143,94,1.521277
41,42,0.976190
31,39,0.794872
63,60,1.050000
28,33,0.848485
83,78,1.064103
90,76,1.184211
112,90,1.244444
44,48,0.916667
36,38,0.947368
51,61,0.836066
29,38,0.763158
58,59,0.983051
42,45,0.933333
46,51,0.901961
58,57,1.017544
42,53,0.792453
62,69,0.898551
55,55,1.000000
80,74,1.081081
36,42,0.857143
67,60,1.116667
91,85,1.070588
32,40,0.800000
45,49,0.918367
47,49,0.959184
24,25,0.960000
51,64,0.796875
48,56,0.857143
6,10,0.600000
39,47,0.829787
29,34,0.852941
55,56,0.982143
57,64,0.890625
79,77,1.025974
50,60,0.833333
37,46,0.804348
8,10,0.800000
55,54,1.018519
80,66,1.212121
98,90,1.088889
46,49,0.938776
75,64,1.171875
30,33,0.909091
59,47,1.255319
39,44,0.886364
20,25,0.800000
48,48,1.000000
80,79,1.012658
24,32,0.750000
40,42,0.952381
57,60,0.950000
79,62,1.274194
54,53,1.018868
51,49,1.040816
106,74,1.432432
61,66,0.924242
36,38,0.947368
33,37,0.891892
26,37,0.702703
24,31,0.774194
80,75,1.066667
16,25,0.640000
46,49,0.938776
39,41,0.951220
55,52,1.057692
21,24,0.875000
61,60,1.016667
35,37,0.945946
43,49,0.877551
9,10,0.900000
9,14,0.642857
9,13,0.692308
23,28,0.821429
43,54,0.796296
37,46,0.804348
46,45,1.022222
62,58,1.068966
46,54,0.851852
68,66,1.030303
54,60,0.900000
34,42,0.809524
27,35,0.771429
32,36,0.888889
21,22,0.954545
32,36,0.888889
33,35,0.942857
12,17,0.705882
8,9,0.888889
12,15,0.800000
17,18,0.944444
30,32,0.937500
37,44,0.840909
11,15,0.733333
30,38,0.789474
28,29,0.965517
8,13,0.615385
38,46,0.826087
22,24,0.916667
11,16,0.687500
19,31,0.612903
11,17,0.647059
7,12,0.583333
11,16,0.687500
17,22,0.772727
24,25,0.960000
13,20,0.650000
4,5,0.800000
