num_hes,num_nodes,egonet density
0,1,0.000000
556,576,0.965278
3298,1419,2.324172
242,334,0.724551
485,545,0.889908
1119,843,1.327402
79,161,0.490683
1217,906,1.343267
2988,1305,2.289655
2907,1347,2.158129
3301,1416,2.331215
562,597,0.941374
472,546,0.864469
470,532,0.883459
1150,884,1.300905
6556,1745,3.757020
2348,1212,1.937294
10,28,0.357143
64,123,0.520325
272,381,0.713911
1268,908,1.396476
660,627,1.052632
55,124,0.443548
2332,1186,1.966273
799,739,1.081191
58,128,0.453125
403,481,0.837838
1516,985,1.539086
1589,1016,1.563976
136,227,0.599119
455,529,0.860113
852,712,1.196629
455,499,0.911824
468,499,0.937876
748,659,1.135053
205,312,0.657051
1228,903,1.359911
16,44,0.363636
644,623,1.033708
53,117,0.452991
97,180,0.538889
24,66,0.363636
175,277,0.631769
216,305,0.708197
4219,1506,2.801461
30,70,0.428571
413,469,0.880597
7,22,0.318182
964,782,1.232737
123,235,0.523404
309,429,0.720280
113,207,0.545894
987,807,1.223048
262,345,0.759420
44,88,0.500000
339,411,0.824818
7284,1851,3.935170
329,417,0.788969
19,42,0.452381
33,81,0.407407
514,553,0.929476
996,793,1.255990
155,249,0.622490
158,254,0.622047
228,321,0.710280
1064,800,1.330000
2891,1319,2.191812
172,266,0.646617
1689,1051,1.607041
175,278,0.629496
20,50,0.400000
3171,1404,2.258547
463,522,0.886973
53,106,0.500000
290,367,0.790191
1125,868,1.296083
406,489,0.830266
36,89,0.404494
1428,933,1.530547
160,269,0.594796
334,402,0.830846
306,378,0.809524
274,362,0.756906
441,528,0.835227
158,246,0.642276
13,38,0.342105
1200,882,1.360544
1225,883,1.387316
534,552,0.967391
7236,1861,3.888232
1316,939,1.401491
12,30,0.400000
279,372,0.750000
72,145,0.496552
365,455,0.802198
327,405,0.807407
287,390,0.735897
23,54,0.425926
1694,1008,1.680556
233,330,0.706061
124,227,0.546256
448,522,0.858238
209,308,0.678571
64,138,0.463768
52,114,0.456140
292,388,0.752577
6,15,0.400000
337,451,0.747228
396,460,0.860870
317,405,0.782716
1012,809,1.250927
503,542,0.928044
67,131,0.511450
192,303,0.633663
130,221,0.588235
123,211,0.582938
294,404,0.727723
147,247,0.595142
936,779,1.201540
6202,1782,3.480359
571,579,0.986183
177,286,0.618881
6,16,0.375000
72,138,0.521739
5071,1642,3.088307
2807,1354,2.073117
4,14,0.285714
1846,1065,1.733333
391,451,0.866962
11,27,0.407407
290,388,0.747423
4027,1511,2.665122
73,140,0.521429
3926,1498,2.620828
477,525,0.908571
34,69,0.492754
68,127,0.535433
79,156,0.506410
939,770,1.219481
294,405,0.725926
287,381,0.753281
18,41,0.439024
116,213,0.544601
1550,1020,1.519608
2309,1171,1.971819
2396,1197,2.001671
4990,1605,3.109034
488,525,0.929524
4422,1553,2.847392
2221,1183,1.877430
7,19,0.368421
608,642,0.947040
1293,906,1.427152
7279,1834,3.968920
70,134,0.522388
13,37,0.351351
3050,1342,2.272727
28,65,0.430769
2,7,0.285714
19,45,0.422222
114,190,0.600000
109,199,0.547739
1000,791,1.264223
122,221,0.552036
80,150,0.533333
11,28,0.392857
337,434,0.776498
1631,1002,1.627745
133,222,0.599099
110,204,0.539216
7,15,0.466667
2425,1220,1.987705
78,153,0.509804
118,201,0.587065
197,299,0.658863
86,163,0.527607
4,12,0.333333
6,16,0.375000
101,182,0.554945
725,680,1.066176
2372,1220,1.944262
1217,851,1.430082
61,118,0.516949
131,224,0.584821
12,35,0.342857
26,62,0.419355
1577,983,1.604273
448,515,0.869903
2339,1210,1.933058
986,800,1.232500
85,168,0.505952
571,608,0.939145
1036,799,1.296621
180,271,0.664207
313,399,0.784461
918,778,1.179949
295,395,0.746835
1125,880,1.278409
1031,805,1.280745
1894,1079,1.755329
406,473,0.858351
778,691,1.125904
1219,852,1.430751
199,310,0.641935
41,100,0.410000
11,28,0.392857
169,269,0.628253
206,305,0.675410
17,39,0.435897
732,669,1.094170
35,71,0.492958
71,152,0.467105
668,627,1.065391
96,180,0.533333
196,323,0.606811
191,283,0.674912
817,713,1.145863
227,330,0.687879
41,96,0.427083
239,353,0.677054
15,37,0.405405
44,95,0.463158
1386,920,1.506522
1969,1103,1.785131
735,690,1.065217
272,357,0.761905
1742,1062,1.640301
123,238,0.516807
151,245,0.616327
190,293,0.648464
3625,1458,2.486283
27,64,0.421875
66,131,0.503817
619,597,1.036851
2858,1321,2.163512
389,458,0.849345
695,648,1.072531
1112,867,1.282584
68,142,0.478873
235,342,0.687135
879,758,1.159631
223,335,0.665672
82,167,0.491018
320,392,0.816327
750,702,1.068376
70,152,0.460526
46,97,0.474227
486,507,0.958580
102,182,0.560440
1446,946,1.528541
195,309,0.631068
1169,871,1.342135
58,112,0.517857
480,523,0.917782
524,575,0.911304
366,455,0.804396
461,535,0.861682
45,93,0.483871
308,419,0.735084
112,194,0.577320
1273,918,1.386710
1251,911,1.373216
56,119,0.470588
31,74,0.418919
4061,1527,2.659463
306,398,0.768844
390,457,0.853392
60,119,0.504202
15,37,0.405405
47,113,0.415929
394,481,0.819127
222,314,0.707006
5784,1724,3.354988
148,250,0.592000
132,224,0.589286
999,789,1.266160
60,133,0.451128
369,452,0.816372
72,142,0.507042
1048,843,1.243179
183,268,0.682836
43,89,0.483146
8,21,0.380952
601,596,1.008389
432,495,0.872727
211,326,0.647239
539,541,0.996303
1140,887,1.285231
401,498,0.805221
1904,1073,1.774464
1061,863,1.229432
862,749,1.150868
65,133,0.488722
3,8,0.375000
675,640,1.054688
4521,1556,2.905527
104,180,0.577778
1270,937,1.355390
656,656,1.000000
133,227,0.585903
155,248,0.625000
285,381,0.748031
142,245,0.579592
242,359,0.674095
182,284,0.640845
379,445,0.851685
82,173,0.473988
36,75,0.480000
85,165,0.515152
98,179,0.547486
357,437,0.816934
14,39,0.358974
487,544,0.895221
556,583,0.953688
86,174,0.494253
106,198,0.535354
24,57,0.421053
124,216,0.574074
32,78,0.410256
125,215,0.581395
1,2,0.500000
24,59,0.406780
530,560,0.946429
22,58,0.379310
62,131,0.473282
114,205,0.556098
124,223,0.556054
165,271,0.608856
59,132,0.446970
146,231,0.632035
84,171,0.491228
371,471,0.787686
102,186,0.548387
44,97,0.453608
120,213,0.563380
15,35,0.428571
119,198,0.601010
9,26,0.346154
231,335,0.689552
643,619,1.038772
44,108,0.407407
373,466,0.800429
138,242,0.570248
446,518,0.861004
919,766,1.199739
369,462,0.798701
65,126,0.515873
1178,878,1.341686
1316,909,1.447745
67,127,0.527559
2478,1229,2.016273
710,647,1.097372
156,249,0.626506
2000,1147,1.743679
96,170,0.564706
83,161,0.515528
241,353,0.682720
767,710,1.080282
2623,1254,2.091707
27,65,0.415385
734,679,1.081001
654,637,1.026688
1325,900,1.472222
15,40,0.375000
483,521,0.927063
128,242,0.528926
280,369,0.758808
33,78,0.423077
45,96,0.468750
179,295,0.606780
368,458,0.803493
144,240,0.600000
32,71,0.450704
184,286,0.643357
300,410,0.731707
101,194,0.520619
283,395,0.716456
83,156,0.532051
924,797,1.159348
31,73,0.424658
91,167,0.544910
619,621,0.996779
727,653,1.113323
775,664,1.167169
135,230,0.586957
490,549,0.892532
430,496,0.866935
202,305,0.662295
217,312,0.695513
31,68,0.455882
23,57,0.403509
27,62,0.435484
31,80,0.387500
18,39,0.461538
52,108,0.481481
45,98,0.459184
86,181,0.475138
10,28,0.357143
30,74,0.405405
1643,1016,1.617126
39,90,0.433333
150,262,0.572519
1540,985,1.563452
860,744,1.155914
33,76,0.434211
31,67,0.462687
1340,928,1.443966
170,265,0.641509
474,526,0.901141
38,74,0.513514
1706,1105,1.543891
138,227,0.607930
49,104,0.471154
299,408,0.732843
149,245,0.608163
138,234,0.589744
1230,861,1.428571
20,41,0.487805
81,147,0.551020
54,99,0.545455
84,163,0.515337
126,213,0.591549
147,259,0.567568
58,124,0.467742
16,42,0.380952
3,11,0.272727
60,132,0.454545
121,224,0.540179
58,122,0.475410
40,89,0.449438
152,237,0.641350
100,186,0.537634
140,233,0.600858
11,31,0.354839
66,127,0.519685
95,181,0.524862
33,81,0.407407
147,252,0.583333
102,173,0.589595
39,81,0.481481
51,119,0.428571
45,94,0.478723
225,329,0.683891
458,488,0.938525
153,255,0.600000
53,125,0.424000
28,65,0.430769
11,33,0.333333
401,466,0.860515
178,285,0.624561
175,279,0.627240
1504,1003,1.499501
1533,1009,1.519326
12,32,0.375000
21,48,0.437500
85,155,0.548387
43,93,0.462366
58,128,0.453125
18,52,0.346154
33,84,0.392857
135,240,0.562500
4,13,0.307692
12,33,0.363636
75,137,0.547445
50,111,0.450450
43,99,0.434343
123,223,0.551570
77,145,0.531034
704,661,1.065053
216,305,0.708197
36,98,0.367347
116,192,0.604167
77,141,0.546099
110,186,0.591398
10,28,0.357143
17,44,0.386364
385,472,0.815678
2,5,0.400000
632,591,1.069374
207,308,0.672078
26,67,0.388060
103,183,0.562842
7,21,0.333333
298,402,0.741294
83,165,0.503030
255,366,0.696721
66,127,0.519685
124,233,0.532189
42,87,0.482759
2819,1306,2.158499
616,645,0.955039
82,169,0.485207
37,80,0.462500
146,227,0.643172
746,685,1.089051
22,55,0.400000
103,187,0.550802
512,548,0.934307
45,95,0.473684
50,119,0.420168
79,155,0.509677
23,53,0.433962
86,169,0.508876
13,40,0.325000
300,411,0.729927
801,715,1.120280
129,219,0.589041
81,156,0.519231
257,352,0.730114
169,268,0.630597
36,84,0.428571
51,108,0.472222
86,150,0.573333
20,46,0.434783
2,7,0.285714
244,343,0.711370
30,68,0.441176
6,16,0.375000
19,53,0.358491
30,71,0.422535
1104,839,1.315852
20,48,0.416667
88,170,0.517647
358,431,0.830626
22,56,0.392857
44,96,0.458333
141,247,0.570850
706,655,1.077863
902,735,1.227211
131,226,0.579646
139,244,0.569672
47,89,0.528090
7,19,0.368421
618,608,1.016447
63,130,0.484615
33,83,0.397590
31,62,0.500000
125,222,0.563063
209,320,0.653125
36,75,0.480000
90,169,0.532544
182,289,0.629758
194,310,0.625806
8,15,0.533333
35,84,0.416667
145,237,0.611814
164,270,0.607407
92,173,0.531792
57,121,0.471074
6,13,0.461538
90,177,0.508475
47,95,0.494737
143,235,0.608511
399,494,0.807692
86,160,0.537500
36,87,0.413793
10,29,0.344828
161,259,0.621622
1015,810,1.253086
52,111,0.468468
80,168,0.476190
29,69,0.420290
78,155,0.503226
348,431,0.807425
241,351,0.686610
19,41,0.463415
357,441,0.809524
211,301,0.700997
84,157,0.535032
8,20,0.400000
100,189,0.529101
63,129,0.488372
205,303,0.676568
72,146,0.493151
39,91,0.428571
78,151,0.516556
115,212,0.542453
39,87,0.448276
13,36,0.361111
71,145,0.489655
37,90,0.411111
383,481,0.796258
67,143,0.468531
73,142,0.514085
120,220,0.545455
380,466,0.815451
1394,942,1.479830
49,118,0.415254
327,416,0.786058
8,23,0.347826
10,24,0.416667
75,149,0.503356
12,30,0.400000
29,68,0.426471
117,221,0.529412
112,212,0.528302
101,193,0.523316
46,104,0.442308
184,307,0.599349
44,91,0.483516
26,66,0.393939
31,63,0.492063
42,88,0.477273
3,7,0.428571
205,319,0.642633
486,542,0.896679
154,246,0.626016
775,686,1.129738
76,154,0.493506
60,124,0.483871
186,288,0.645833
63,127,0.496063
61,123,0.495935
76,150,0.506667
59,130,0.453846
177,287,0.616725
104,198,0.525253
367,452,0.811947
426,497,0.857143
42,91,0.461538
20,42,0.476190
29,71,0.408451
63,126,0.500000
289,390,0.741026
318,388,0.819588
72,146,0.493151
66,133,0.496241
383,450,0.851111
204,313,0.651757
504,560,0.900000
157,236,0.665254
31,76,0.407895
29,62,0.467742
297,376,0.789894
16,43,0.372093
170,264,0.643939
7,18,0.388889
124,210,0.590476
5,17,0.294118
36,93,0.387097
978,794,1.231738
39,88,0.443182
114,207,0.550725
94,186,0.505376
128,213,0.600939
28,62,0.451613
117,206,0.567961
101,190,0.531579
602,600,1.003333
12,26,0.461538
34,81,0.419753
10,23,0.434783
8,20,0.400000
161,260,0.619231
227,338,0.671598
15,40,0.375000
297,372,0.798387
12,31,0.387097
606,602,1.006645
39,89,0.438202
1517,1005,1.509453
123,216,0.569444
196,309,0.634304
496,527,0.941176
37,85,0.435294
74,133,0.556391
61,140,0.435714
15,41,0.365854
586,587,0.998296
1284,918,1.398693
544,581,0.936317
27,67,0.402985
32,74,0.432432
134,241,0.556017
194,289,0.671280
68,139,0.489209
190,303,0.627063
171,280,0.610714
204,303,0.673267
71,140,0.507143
33,75,0.440000
114,194,0.587629
99,193,0.512953
329,417,0.788969
9,23,0.391304
11,31,0.354839
3,9,0.333333
46,108,0.425926
50,109,0.458716
64,135,0.474074
389,467,0.832976
136,241,0.564315
26,62,0.419355
23,59,0.389831
224,336,0.666667
241,340,0.708824
90,171,0.526316
161,250,0.644000
456,520,0.876923
26,59,0.440678
32,76,0.421053
754,685,1.100730
16,46,0.347826
23,47,0.489362
214,312,0.685897
266,360,0.738889
110,202,0.544554
331,424,0.780660
9,26,0.346154
150,261,0.574713
0,1,0.000000
5,17,0.294118
15,42,0.357143
811,717,1.131102
155,284,0.545775
152,260,0.584615
649,617,1.051864
6,16,0.375000
6,19,0.315789
103,192,0.536458
70,143,0.489510
12,34,0.352941
539,554,0.972924
16,40,0.400000
5,14,0.357143
768,689,1.114659
66,131,0.503817
32,69,0.463768
88,172,0.511628
25,58,0.431034
36,83,0.433735
468,534,0.876404
234,344,0.680233
2158,1153,1.871639
100,172,0.581395
410,464,0.883621
133,241,0.551867
62,124,0.500000
28,72,0.388889
33,70,0.471429
63,136,0.463235
6,17,0.352941
220,331,0.664653
30,74,0.405405
22,57,0.385965
80,146,0.547945
69,129,0.534884
10,28,0.357143
2,7,0.285714
59,124,0.475806
55,112,0.491071
216,319,0.677116
20,53,0.377358
7,15,0.466667
195,294,0.663265
771,693,1.112554
59,132,0.446970
47,105,0.447619
281,384,0.731771
232,332,0.698795
184,293,0.627986
108,199,0.542714
37,86,0.430233
129,218,0.591743
173,269,0.643123
43,88,0.488636
239,339,0.705015
39,81,0.481481
95,178,0.533708
564,570,0.989474
158,251,0.629482
204,300,0.680000
90,176,0.511364
4,11,0.363636
62,121,0.512397
125,213,0.586854
87,166,0.524096
66,140,0.471429
225,327,0.688073
66,122,0.540984
38,85,0.447059
331,426,0.776995
236,352,0.670455
124,228,0.543860
635,646,0.982972
372,471,0.789809
5,16,0.312500
3,11,0.272727
88,160,0.550000
2,5,0.400000
29,74,0.391892
45,98,0.459184
500,560,0.892857
214,310,0.690323
16,36,0.444444
97,186,0.521505
24,61,0.393443
103,187,0.550802
12,32,0.375000
100,185,0.540541
45,87,0.517241
341,435,0.783908
2088,1142,1.828371
7,19,0.368421
562,570,0.985965
3580,1468,2.438692
76,147,0.517007
37,94,0.393617
35,75,0.466667
13,36,0.361111
20,46,0.434783
6,14,0.428571
207,302,0.685430
6,17,0.352941
196,303,0.646865
85,158,0.537975
38,94,0.404255
60,123,0.487805
264,401,0.658354
183,295,0.620339
254,360,0.705556
5,14,0.357143
30,72,0.416667
60,127,0.472441
9,28,0.321429
38,88,0.431818
113,201,0.562189
28,66,0.424242
26,55,0.472727
61,127,0.480315
72,140,0.514286
71,137,0.518248
99,203,0.487685
154,257,0.599222
20,51,0.392157
43,96,0.447917
7,20,0.350000
6,13,0.461538
52,117,0.444444
81,157,0.515924
45,114,0.394737
53,103,0.514563
37,85,0.435294
11,30,0.366667
0,1,0.000000
9,24,0.375000
8,20,0.400000
12,31,0.387097
72,135,0.533333
48,108,0.444444
320,429,0.745921
10,25,0.400000
14,36,0.388889
39,100,0.390000
115,208,0.552885
31,75,0.413333
22,58,0.379310
37,81,0.456790
170,281,0.604982
8,25,0.320000
21,55,0.381818
110,197,0.558376
58,125,0.464000
56,113,0.495575
244,341,0.715543
14,38,0.368421
113,208,0.543269
60,125,0.480000
62,142,0.436620
364,414,0.879227
89,149,0.597315
126,229,0.550218
164,264,0.621212
118,228,0.517544
268,369,0.726287
74,131,0.564885
78,155,0.503226
45,92,0.489130
252,336,0.750000
99,186,0.532258
281,364,0.771978
60,123,0.487805
0,1,0.000000
212,302,0.701987
28,71,0.394366
62,126,0.492063
69,145,0.475862
73,139,0.525180
50,102,0.490196
71,135,0.525926
75,146,0.513699
58,124,0.467742
5,15,0.333333
75,148,0.506757
95,187,0.508021
49,112,0.437500
253,358,0.706704
46,98,0.469388
48,103,0.466019
26,62,0.419355
1642,1005,1.633831
41,85,0.482353
125,213,0.586854
440,510,0.862745
36,86,0.418605
78,149,0.523490
7,27,0.259259
12,29,0.413793
864,735,1.175510
8,20,0.400000
22,50,0.440000
48,101,0.475248
23,59,0.389831
41,87,0.471264
77,154,0.500000
97,196,0.494898
253,351,0.720798
0,1,0.000000
236,336,0.702381
157,251,0.625498
26,62,0.419355
58,130,0.446154
11,26,0.423077
38,83,0.457831
135,236,0.572034
26,61,0.426230
235,320,0.734375
12,28,0.428571
138,240,0.575000
5,14,0.357143
56,112,0.500000
10,24,0.416667
53,112,0.473214
9,24,0.375000
38,74,0.513514
148,243,0.609053
99,192,0.515625
59,121,0.487603
16,41,0.390244
20,53,0.377358
34,88,0.386364
46,111,0.414414
115,216,0.532407
54,118,0.457627
44,98,0.448980
82,179,0.458101
4,14,0.285714
27,58,0.465517
128,217,0.589862
99,192,0.515625
3,9,0.333333
60,123,0.487805
7,21,0.333333
10,27,0.370370
157,239,0.656904
151,244,0.618852
4,12,0.333333
133,223,0.596413
246,339,0.725664
25,57,0.438596
36,87,0.413793
20,50,0.400000
3,8,0.375000
34,79,0.430380
12,30,0.400000
158,271,0.583026
8,21,0.380952
10,27,0.370370
134,226,0.592920
189,304,0.621711
237,357,0.663866
618,646,0.956656
26,64,0.406250
162,248,0.653226
19,50,0.380000
95,183,0.519126
16,34,0.470588
44,97,0.453608
77,155,0.496774
59,122,0.483607
79,150,0.526667
45,95,0.473684
142,229,0.620087
236,325,0.726154
160,246,0.650407
77,161,0.478261
8,24,0.333333
47,99,0.474747
18,41,0.439024
28,66,0.424242
12,30,0.400000
4,10,0.400000
161,254,0.633858
42,93,0.451613
28,70,0.400000
14,41,0.341463
103,180,0.572222
160,280,0.571429
14,37,0.378378
11,27,0.407407
15,36,0.416667
42,85,0.494118
135,228,0.592105
81,166,0.487952
188,318,0.591195
9,22,0.409091
4,13,0.307692
56,110,0.509091
12,34,0.352941
71,139,0.510791
329,426,0.772300
4,16,0.250000
13,37,0.351351
34,72,0.472222
33,80,0.412500
24,54,0.444444
14,32,0.437500
200,294,0.680272
70,133,0.526316
57,142,0.401408
9,26,0.346154
102,199,0.512563
79,146,0.541096
73,151,0.483444
437,505,0.865347
7,17,0.411765
87,160,0.543750
112,205,0.546341
38,84,0.452381
96,182,0.527473
83,153,0.542484
55,113,0.486726
11,28,0.392857
44,96,0.458333
57,124,0.459677
22,56,0.392857
5,13,0.384615
69,157,0.439490
45,95,0.473684
16,42,0.380952
10,24,0.416667
72,151,0.476821
11,31,0.354839
98,183,0.535519
3,10,0.300000
102,191,0.534031
4,11,0.363636
145,246,0.589431
48,103,0.466019
15,37,0.405405
52,108,0.481481
40,93,0.430108
19,47,0.404255
3,6,0.500000
9,23,0.391304
25,61,0.409836
276,390,0.707692
34,85,0.400000
62,121,0.512397
134,230,0.582609
2,8,0.250000
1,3,0.333333
28,64,0.437500
192,297,0.646465
106,176,0.602273
42,89,0.471910
79,162,0.487654
9,25,0.360000
21,54,0.388889
14,45,0.311111
22,56,0.392857
104,196,0.530612
21,51,0.411765
93,183,0.508197
45,96,0.468750
97,170,0.570588
14,35,0.400000
21,58,0.362069
44,95,0.463158
7,21,0.333333
90,181,0.497238
119,208,0.572115
118,221,0.533937
174,280,0.621429
64,132,0.484848
47,102,0.460784
204,312,0.653846
458,508,0.901575
62,121,0.512397
74,144,0.513889
73,141,0.517730
124,211,0.587678
98,191,0.513089
3,9,0.333333
40,85,0.470588
32,78,0.410256
29,69,0.420290
45,104,0.432692
25,56,0.446429
64,132,0.484848
141,244,0.577869
17,40,0.425000
179,278,0.643885
3,11,0.272727
63,143,0.440559
271,363,0.746556
123,212,0.580189
20,53,0.377358
68,145,0.468966
2,7,0.285714
30,65,0.461538
153,246,0.621951
73,142,0.514085
80,157,0.509554
30,79,0.379747
9,27,0.333333
55,111,0.495495
77,149,0.516779
12,33,0.363636
49,104,0.471154
24,57,0.421053
61,127,0.480315
105,197,0.532995
49,100,0.490000
84,162,0.518519
7,20,0.350000
3,8,0.375000
46,113,0.407080
16,42,0.380952
7,19,0.368421
88,169,0.520710
41,96,0.427083
8,21,0.380952
32,67,0.477612
528,569,0.927944
52,101,0.514851
10,27,0.370370
197,303,0.650165
57,111,0.513514
201,286,0.702797
10979,2072,5.298745
74,151,0.490066
91,181,0.502762
37,94,0.393617
220,330,0.666667
119,222,0.536036
44,100,0.440000
181,274,0.660584
15,40,0.375000
515,540,0.953704
49,109,0.449541
7,21,0.333333
28,71,0.394366
8,20,0.400000
197,288,0.684028
34,76,0.447368
2,6,0.333333
139,236,0.588983
16,46,0.347826
2,5,0.400000
10,26,0.384615
8,20,0.400000
12,28,0.428571
15,40,0.375000
15,35,0.428571
97,196,0.494898
1,4,0.250000
49,114,0.429825
93,164,0.567073
30,68,0.441176
183,300,0.610000
194,285,0.680702
32,78,0.410256
2,5,0.400000
102,189,0.539683
59,134,0.440299
124,204,0.607843
98,177,0.553672
24,56,0.428571
2,6,0.333333
9,23,0.391304
80,158,0.506329
64,130,0.492308
10,31,0.322581
339,428,0.792056
4,7,0.571429
21,50,0.420000
149,261,0.570881
46,96,0.479167
260,363,0.716253
63,123,0.512195
95,178,0.533708
60,139,0.431655
96,167,0.574850
25,58,0.431034
262,381,0.687664
118,207,0.570048
14,33,0.424242
7,19,0.368421
15,38,0.394737
5,15,0.333333
9,27,0.333333
14,31,0.451613
19,53,0.358491
239,348,0.686782
2,7,0.285714
25,57,0.438596
135,223,0.605381
69,148,0.466216
30,67,0.447761
62,133,0.466165
46,105,0.438095
46,94,0.489362
4,14,0.285714
16,35,0.457143
16,30,0.533333
64,121,0.528926
22,49,0.448980
6,19,0.315789
32,66,0.484848
3,7,0.428571
127,217,0.585253
1,3,0.333333
4,13,0.307692
40,100,0.400000
294,398,0.738693
44,103,0.427184
63,120,0.525000
37,77,0.480519
8,26,0.307692
292,410,0.712195
46,106,0.433962
34,77,0.441558
84,168,0.500000
1091,855,1.276023
15,40,0.375000
50,118,0.423729
53,101,0.524752
82,153,0.535948
316,406,0.778325
16,37,0.432432
42,94,0.446809
46,90,0.511111
48,103,0.466019
49,113,0.433628
7,20,0.350000
49,108,0.453704
34,74,0.459459
38,83,0.457831
129,224,0.575893
10,27,0.370370
159,262,0.606870
20,42,0.476190
12,34,0.352941
99,191,0.518325
181,290,0.624138
41,83,0.493976
255,354,0.720339
75,155,0.483871
121,218,0.555046
15,34,0.441176
133,236,0.563559
12,26,0.461538
163,245,0.665306
206,323,0.637771
115,186,0.618280
231,348,0.663793
33,69,0.478261
34,72,0.472222
72,146,0.493151
33,65,0.507692
8,23,0.347826
32,73,0.438356
120,217,0.552995
2,4,0.500000
32,77,0.415584
132,235,0.561702
77,156,0.493590
41,102,0.401961
16,31,0.516129
120,204,0.588235
17,48,0.354167
7,18,0.388889
104,187,0.556150
15,42,0.357143
74,155,0.477419
8,24,0.333333
71,139,0.510791
87,168,0.517857
20,52,0.384615
99,190,0.521053
81,151,0.536424
101,202,0.500000
68,133,0.511278
28,66,0.424242
73,125,0.584000
14,33,0.424242
565,578,0.977509
35,82,0.426829
31,77,0.402597
6,19,0.315789
237,341,0.695015
38,82,0.463415
15,39,0.384615
51,107,0.476636
37,87,0.425287
13,30,0.433333
166,260,0.638462
11,27,0.407407
32,75,0.426667
120,209,0.574163
5,14,0.357143
17,37,0.459459
87,172,0.505814
136,222,0.612613
81,150,0.540000
107,203,0.527094
26,61,0.426230
51,111,0.459459
291,372,0.782258
211,313,0.674121
67,135,0.496296
74,138,0.536232
498,540,0.922222
45,102,0.441176
4,11,0.363636
329,427,0.770492
54,110,0.490909
189,286,0.660839
62,126,0.492063
0,1,0.000000
155,270,0.574074
631,616,1.024351
5,16,0.312500
726,657,1.105023
27,72,0.375000
33,84,0.392857
44,91,0.483516
56,117,0.478632
15,43,0.348837
1,5,0.200000
45,101,0.445545
67,138,0.485507
17,44,0.386364
28,66,0.424242
111,202,0.549505
290,386,0.751295
0,1,0.000000
4,11,0.363636
6,19,0.315789
92,178,0.516854
97,168,0.577381
16,42,0.380952
5,17,0.294118
14,42,0.333333
77,148,0.520270
171,276,0.619565
52,99,0.525253
0,1,0.000000
21,52,0.403846
20,44,0.454545
32,71,0.450704
45,89,0.505618
51,107,0.476636
41,88,0.465909
10,27,0.370370
111,207,0.536232
26,64,0.406250
32,75,0.426667
20,51,0.392157
121,210,0.576190
3,9,0.333333
6,19,0.315789
61,112,0.544643
5,16,0.312500
42,98,0.428571
33,77,0.428571
187,298,0.627517
25,61,0.409836
64,134,0.477612
70,140,0.500000
21,51,0.411765
2790,1267,2.202052
13,33,0.393939
687,635,1.081890
12,34,0.352941
26,68,0.382353
28,66,0.424242
181,281,0.644128
47,96,0.489583
25,63,0.396825
15,39,0.384615
27,67,0.402985
25,60,0.416667
69,133,0.518797
95,183,0.519126
124,213,0.582160
7,16,0.437500
10,30,0.333333
4,9,0.444444
26,64,0.406250
25,65,0.384615
1,4,0.250000
153,245,0.624490
61,127,0.480315
8,16,0.500000
7,20,0.350000
23,54,0.425926
20,54,0.370370
108,191,0.565445
15,40,0.375000
5,14,0.357143
23,53,0.433962
30,71,0.422535
74,147,0.503401
13,35,0.371429
20,46,0.434783
236,339,0.696165
11,30,0.366667
40,89,0.449438
11,34,0.323529
126,216,0.583333
34,80,0.425000
32,74,0.432432
13,34,0.382353
32,74,0.432432
7,21,0.333333
318,410,0.775610
113,210,0.538095
26,59,0.440678
50,107,0.467290
68,143,0.475524
25,59,0.423729
350,437,0.800915
21,49,0.428571
42,90,0.466667
94,192,0.489583
12,30,0.400000
13,39,0.333333
3,11,0.272727
14,39,0.358974
169,270,0.625926
66,120,0.550000
83,151,0.549669
20,43,0.465116
11,28,0.392857
11,29,0.379310
69,147,0.469388
118,206,0.572816
3,7,0.428571
57,129,0.441860
13,38,0.342105
15,38,0.394737
5,13,0.384615
3,9,0.333333
61,125,0.488000
5,14,0.357143
3,7,0.428571
22,49,0.448980
131,229,0.572052
2,8,0.250000
6,17,0.352941
292,391,0.746803
56,122,0.459016
95,182,0.521978
26,61,0.426230
65,133,0.488722
29,65,0.446154
92,190,0.484211
4,10,0.400000
27,58,0.465517
2,6,0.333333
3,10,0.300000
105,202,0.519802
41,85,0.482353
40,88,0.454545
20,50,0.400000
27,59,0.457627
82,162,0.506173
16,45,0.355556
23,55,0.418182
11,29,0.379310
34,77,0.441558
54,101,0.534653
37,87,0.425287
3,10,0.300000
12,34,0.352941
21,57,0.368421
5,14,0.357143
15,39,0.384615
26,53,0.490566
415,496,0.836694
8,18,0.444444
48,104,0.461538
7,18,0.388889
40,85,0.470588
11,32,0.343750
75,145,0.517241
5,9,0.555556
6,14,0.428571
82,175,0.468571
71,155,0.458065
2,6,0.333333
83,153,0.542484
18,50,0.360000
18,48,0.375000
210,306,0.686275
14,31,0.451613
67,139,0.482014
5,16,0.312500
102,175,0.582857
4,12,0.333333
2,8,0.250000
3,10,0.300000
10,24,0.416667
28,65,0.430769
3,6,0.500000
22,48,0.458333
21,52,0.403846
12,30,0.400000
30,64,0.468750
292,389,0.750643
7,18,0.388889
77,154,0.500000
42,102,0.411765
63,140,0.450000
5,12,0.416667
18,49,0.367347
40,92,0.434783
21,56,0.375000
4,14,0.285714
13,32,0.406250
1,4,0.250000
59,122,0.483607
19,54,0.351852
34,77,0.441558
12,32,0.375000
12,29,0.413793
17,45,0.377778
40,99,0.404040
85,162,0.524691
4,11,0.363636
23,65,0.353846
59,120,0.491667
78,166,0.469880
2,8,0.250000
0,1,0.000000
20,52,0.384615
64,122,0.524590
18,44,0.409091
152,254,0.598425
39,93,0.419355
9,24,0.375000
15,34,0.441176
135,224,0.602679
62,115,0.539130
79,141,0.560284
142,228,0.622807
52,105,0.495238
10,21,0.476190
11,27,0.407407
5,13,0.384615
163,274,0.594891
32,60,0.533333
20,51,0.392157
21,53,0.396226
1028,797,1.289837
233,332,0.701807
8,22,0.363636
6,16,0.375000
18,43,0.418605
15,40,0.375000
1,3,0.333333
67,141,0.475177
63,138,0.456522
10,23,0.434783
13,35,0.371429
10,24,0.416667
38,81,0.469136
13,35,0.371429
19,50,0.380000
19,46,0.413043
185,290,0.637931
23,60,0.383333
128,225,0.568889
52,128,0.406250
63,118,0.533898
52,105,0.495238
19,47,0.404255
16,41,0.390244
29,72,0.402778
15,40,0.375000
34,70,0.485714
29,74,0.391892
19,50,0.380000
283,386,0.733161
89,161,0.552795
3,11,0.272727
20,51,0.392157
13,33,0.393939
35,87,0.402299
9,19,0.473684
22,57,0.385965
7,16,0.437500
60,128,0.468750
9,20,0.450000
87,161,0.540373
4,10,0.400000
18,47,0.382979
108,202,0.534653
236,321,0.735202
21,55,0.381818
310,394,0.786802
12,33,0.363636
37,89,0.415730
5,10,0.500000
94,177,0.531073
11,29,0.379310
13,40,0.325000
4,11,0.363636
107,191,0.560209
5,15,0.333333
16,34,0.470588
51,103,0.495146
236,342,0.690058
7,20,0.350000
6,18,0.333333
63,129,0.488372
17,41,0.414634
17,45,0.377778
242,359,0.674095
6,18,0.333333
20,51,0.392157
82,156,0.525641
50,102,0.490196
19,49,0.387755
10,25,0.400000
8,25,0.320000
11,23,0.478261
153,252,0.607143
59,113,0.522124
38,85,0.447059
75,152,0.493421
6,20,0.300000
24,65,0.369231
11,25,0.440000
5,15,0.333333
38,100,0.380000
8,23,0.347826
39,97,0.402062
28,65,0.430769
56,117,0.478632
2,7,0.285714
109,206,0.529126
4,10,0.400000
10,24,0.416667
14,39,0.358974
18,49,0.367347
25,67,0.373134
21,43,0.488372
126,211,0.597156
4,12,0.333333
3,8,0.375000
14,33,0.424242
5,11,0.454545
4,10,0.400000
124,225,0.551111
27,64,0.421875
25,63,0.396825
24,55,0.436364
6,16,0.375000
34,67,0.507463
80,159,0.503145
40,90,0.444444
19,43,0.441860
36,85,0.423529
3,11,0.272727
5,14,0.357143
123,208,0.591346
9,19,0.473684
0,1,0.000000
20,55,0.363636
19,49,0.387755
16,40,0.400000
29,65,0.446154
66,141,0.468085
9,21,0.428571
7,17,0.411765
322,398,0.809045
4,12,0.333333
28,69,0.405797
1,3,0.333333
19,55,0.345455
42,99,0.424242
3,9,0.333333
11,26,0.423077
39,82,0.475610
39,85,0.458824
3,8,0.375000
7,24,0.291667
74,145,0.510345
5,14,0.357143
26,60,0.433333
5,16,0.312500
38,98,0.387755
6,14,0.428571
4,10,0.400000
8,23,0.347826
10,30,0.333333
26,61,0.426230
12888,2170,5.939171
45,102,0.441176
52,108,0.481481
80,169,0.473373
104,203,0.512315
32,77,0.415584
68,139,0.489209
17,37,0.459459
10,25,0.400000
8991,1996,4.504509
98,174,0.563218
25,61,0.409836
5,15,0.333333
0,1,0.000000
25,62,0.403226
5,12,0.416667
30,72,0.416667
91,161,0.565217
107,189,0.566138
204,310,0.658065
104,180,0.577778
60,123,0.487805
53,107,0.495327
32,78,0.410256
30,75,0.400000
9,26,0.346154
16,45,0.355556
2,4,0.500000
0,1,0.000000
18,45,0.400000
9,26,0.346154
14,32,0.437500
24,56,0.428571
34,82,0.414634
19,44,0.431818
9,22,0.409091
457,500,0.914000
9,23,0.391304
27,71,0.380282
31,77,0.402597
12,23,0.521739
2,5,0.400000
24,55,0.436364
3,9,0.333333
419,497,0.843058
24,54,0.444444
141,225,0.626667
50,104,0.480769
13,27,0.481481
7,18,0.388889
10,26,0.384615
35,85,0.411765
171,262,0.652672
32,79,0.405063
41,88,0.465909
29,72,0.402778
34,71,0.478873
61,123,0.495935
55,106,0.518868
4,11,0.363636
0,1,0.000000
32,73,0.438356
83,158,0.525316
9,23,0.391304
35,68,0.514706
29,61,0.475410
29,75,0.386667
5,16,0.312500
14,36,0.388889
11,29,0.379310
340,417,0.815348
46,103,0.446602
8,21,0.380952
3,8,0.375000
2,6,0.333333
44,96,0.458333
3,9,0.333333
39,89,0.438202
16,47,0.340426
12,31,0.387097
156,259,0.602317
2,4,0.500000
3,7,0.428571
6,22,0.272727
79,156,0.506410
22,54,0.407407
12,30,0.400000
19,50,0.380000
39,93,0.419355
20,53,0.377358
22,50,0.440000
98,188,0.521277
20,50,0.400000
10,25,0.400000
31,69,0.449275
15,37,0.405405
44,97,0.453608
3,10,0.300000
32,74,0.432432
7,18,0.388889
57,120,0.475000
106,199,0.532663
62,133,0.466165
15,39,0.384615
16,37,0.432432
25,49,0.510204
4,10,0.400000
22,51,0.431373
97,190,0.510526
4,10,0.400000
4,11,0.363636
32,72,0.444444
3,9,0.333333
43,94,0.457447
35,81,0.432099
32,71,0.450704
20,53,0.377358
59,125,0.472000
126,236,0.533898
73,144,0.506944
12,29,0.413793
85,168,0.505952
55,114,0.482456
55,121,0.454545
34,87,0.390805
58,124,0.467742
23,58,0.396552
18,47,0.382979
5,13,0.384615
207,314,0.659236
5,13,0.384615
4,13,0.307692
7,18,0.388889
34,69,0.492754
81,161,0.503106
32,82,0.390244
167,255,0.654902
31,70,0.442857
6,19,0.315789
11,28,0.392857
5,14,0.357143
8,25,0.320000
26,65,0.400000
66,140,0.471429
16,37,0.432432
24,61,0.393443
0,1,0.000000
144,234,0.615385
411,484,0.849174
6,18,0.333333
1,4,0.250000
14,33,0.424242
7,18,0.388889
1,4,0.250000
9,23,0.391304
39,83,0.469880
54,112,0.482143
4,12,0.333333
16,31,0.516129
11,31,0.354839
9,22,0.409091
4,14,0.285714
4,11,0.363636
49,93,0.526882
32,82,0.390244
3,6,0.500000
8,24,0.333333
56,122,0.459016
13,35,0.371429
29,72,0.402778
64,122,0.524590
28,75,0.373333
42,91,0.461538
7,18,0.388889
11,27,0.407407
6,21,0.285714
18,46,0.391304
12,35,0.342857
26,65,0.400000
12,30,0.400000
13,31,0.419355
22,45,0.488889
12,31,0.387097
16,41,0.390244
63,135,0.466667
2606,1279,2.037529
2,5,0.400000
135,230,0.586957
34,87,0.390805
62,134,0.462687
15,39,0.384615
55,122,0.450820
37,85,0.435294
12,31,0.387097
18,48,0.375000
14,39,0.358974
19,51,0.372549
51,105,0.485714
35,90,0.388889
24,63,0.380952
92,166,0.554217
1,5,0.200000
9,24,0.375000
17,45,0.377778
12,33,0.363636
24,58,0.413793
6,15,0.400000
17,40,0.425000
17,46,0.369565
38,88,0.431818
2,5,0.400000
7,20,0.350000
17,36,0.472222
23,54,0.425926
26,61,0.426230
4,13,0.307692
18,45,0.400000
19,50,0.380000
4,10,0.400000
9,21,0.428571
14,32,0.437500
1,4,0.250000
9,21,0.428571
5,12,0.416667
20,57,0.350877
11,26,0.423077
64,136,0.470588
10,28,0.357143
67,139,0.482014
180,298,0.604027
39,91,0.428571
64,143,0.447552
20,52,0.384615
105,190,0.552632
72,138,0.521739
1,2,0.500000
17,44,0.386364
52,108,0.481481
134,231,0.580087
4,12,0.333333
36,87,0.413793
3,11,0.272727
320,407,0.786241
50,104,0.480769
0,1,0.000000
17,43,0.395349
11,26,0.423077
35,78,0.448718
30,74,0.405405
27,59,0.457627
77,143,0.538462
9,25,0.360000
12,31,0.387097
5,16,0.312500
3,8,0.375000
15,42,0.357143
27,66,0.409091
7,18,0.388889
5,13,0.384615
29,67,0.432836
10,28,0.357143
10,21,0.476190
60,113,0.530973
43,98,0.438776
165,279,0.591398
21,48,0.437500
9,24,0.375000
38,93,0.408602
935,742,1.260108
39,91,0.428571
5,17,0.294118
550,567,0.970018
7,18,0.388889
52,107,0.485981
28,66,0.424242
12,29,0.413793
1,4,0.250000
39,95,0.410526
18,45,0.400000
42,93,0.451613
17,45,0.377778
100,199,0.502513
8,22,0.363636
32,71,0.450704
20,51,0.392157
13,33,0.393939
1,5,0.200000
42,91,0.461538
27,64,0.421875
9,23,0.391304
12,36,0.333333
55,115,0.478261
25,59,0.423729
6,17,0.352941
2,3,0.666667
26,65,0.400000
55,121,0.454545
1,5,0.200000
28,59,0.474576
5,18,0.277778
7,19,0.368421
17,48,0.354167
3,7,0.428571
8,17,0.470588
12,32,0.375000
29,70,0.414286
26,62,0.419355
43,108,0.398148
108,209,0.516746
25,58,0.431034
42,95,0.442105
95,184,0.516304
29,57,0.508772
5,16,0.312500
26,58,0.448276
85,146,0.582192
1,3,0.333333
13,34,0.382353
12,30,0.400000
8,23,0.347826
7,24,0.291667
127,208,0.610577
6,20,0.300000
20,55,0.363636
4,13,0.307692
11,33,0.333333
128,219,0.584475
10,27,0.370370
10,26,0.384615
7,18,0.388889
14,33,0.424242
57,121,0.471074
276,371,0.743935
49,103,0.475728
9,26,0.346154
3,8,0.375000
11,30,0.366667
3,9,0.333333
128,222,0.576577
12,26,0.461538
8,27,0.296296
37,94,0.393617
25,51,0.490196
1,3,0.333333
1,3,0.333333
178,303,0.587459
450,544,0.827206
0,1,0.000000
9,27,0.333333
18,46,0.391304
55,124,0.443548
2,8,0.250000
6,17,0.352941
46,97,0.474227
8,22,0.363636
4,11,0.363636
9,26,0.346154
3,10,0.300000
11,35,0.314286
36,82,0.439024
83,154,0.538961
8,22,0.363636
10,28,0.357143
39,91,0.428571
2,7,0.285714
28,72,0.388889
46,106,0.433962
34,69,0.492754
42,90,0.466667
32,82,0.390244
106,185,0.572973
6,18,0.333333
21,56,0.375000
11,28,0.392857
6,17,0.352941
30,70,0.428571
34,91,0.373626
8,21,0.380952
19,53,0.358491
16,41,0.390244
38,86,0.441860
6,15,0.400000
15,33,0.454545
6,18,0.333333
14,31,0.451613
4,8,0.500000
11,30,0.366667
27,66,0.409091
17,43,0.395349
13,34,0.382353
45,100,0.450000
16,48,0.333333
5,17,0.294118
57,113,0.504425
2,6,0.333333
49,105,0.466667
20,52,0.384615
3,9,0.333333
23,50,0.460000
12,31,0.387097
31,75,0.413333
13,35,0.371429
38,87,0.436782
8,20,0.400000
22,62,0.354839
6,21,0.285714
29,59,0.491525
9,22,0.409091
74,149,0.496644
1,4,0.250000
5,9,0.555556
25,64,0.390625
1,5,0.200000
2,9,0.222222
73,133,0.548872
6,18,0.333333
24,59,0.406780
7,17,0.411765
2,8,0.250000
6,16,0.375000
18,48,0.375000
14,41,0.341463
6,16,0.375000
92,162,0.567901
24,62,0.387097
10,26,0.384615
2,7,0.285714
47,96,0.489583
7,19,0.368421
2,9,0.222222
20,49,0.408163
28,72,0.388889
14,39,0.358974
2,5,0.400000
33,71,0.464789
43,93,0.462366
13,30,0.433333
34,83,0.409639
67,130,0.515385
6,19,0.315789
1,3,0.333333
122,217,0.562212
51,107,0.476636
1,3,0.333333
13,41,0.317073
0,1,0.000000
24,58,0.413793
2,5,0.400000
7,18,0.388889
59,136,0.433824
591,599,0.986644
13,34,0.382353
13,38,0.342105
12,32,0.375000
58,115,0.504348
12,28,0.428571
4,14,0.285714
41,88,0.465909
32,81,0.395062
13,33,0.393939
23,57,0.403509
5,16,0.312500
51,109,0.467890
22,54,0.407407
1,4,0.250000
319,420,0.759524
26,58,0.448276
25,59,0.423729
10,28,0.357143
28,69,0.405797
11,28,0.392857
10,27,0.370370
49,110,0.445455
15,41,0.365854
6,16,0.375000
11,32,0.343750
12,24,0.500000
12,32,0.375000
37,84,0.440476
1,4,0.250000
162,250,0.648000
12,35,0.342857
23,51,0.450980
91,166,0.548193
5,11,0.454545
5,15,0.333333
53,119,0.445378
2,7,0.285714
11,24,0.458333
6,19,0.315789
12,30,0.400000
5,14,0.357143
2,6,0.333333
5,9,0.555556
16,39,0.410256
50,118,0.423729
5,14,0.357143
8,22,0.363636
139,224,0.620536
17,44,0.386364
11,28,0.392857
2,6,0.333333
4,9,0.444444
54,115,0.469565
20,48,0.416667
5,12,0.416667
1969,1104,1.783514
59,124,0.475806
9,27,0.333333
9,22,0.409091
1,5,0.200000
8,20,0.400000
65,125,0.520000
13,34,0.382353
0,1,0.000000
8,17,0.470588
84,161,0.521739
22,52,0.423077
0,1,0.000000
13,36,0.361111
2,6,0.333333
22,53,0.415094
9,22,0.409091
23,52,0.442308
3,9,0.333333
0,1,0.000000
9,28,0.321429
21,45,0.466667
288,366,0.786885
1,2,0.500000
10,21,0.476190
48,91,0.527473
75,156,0.480769
24,56,0.428571
2,7,0.285714
20,52,0.384615
2,6,0.333333
3,12,0.250000
45,94,0.478723
76,135,0.562963
0,1,0.000000
2,9,0.222222
15,37,0.405405
6,17,0.352941
31,78,0.397436
16,41,0.390244
1,5,0.200000
34,74,0.459459
22,54,0.407407
2,4,0.500000
4,14,0.285714
6,20,0.300000
9,21,0.428571
50,111,0.450450
2,8,0.250000
12,33,0.363636
77,159,0.484277
0,1,0.000000
1,3,0.333333
55,112,0.491071
2,6,0.333333
11,35,0.314286
5,9,0.555556
6,20,0.300000
20,48,0.416667
9,32,0.281250
10,26,0.384615
5,17,0.294118
0,1,0.000000
11,27,0.407407
4,14,0.285714
26,64,0.406250
7,20,0.350000
6,17,0.352941
45,106,0.424528
24,59,0.406780
0,1,0.000000
21,51,0.411765
7,22,0.318182
0,1,0.000000
4,13,0.307692
1,3,0.333333
69,129,0.534884
8,21,0.380952
7,19,0.368421
10,22,0.454545
11,28,0.392857
18,45,0.400000
14,36,0.388889
8,22,0.363636
6,15,0.400000
7,13,0.538462
8,23,0.347826
11,28,0.392857
4,11,0.363636
4,15,0.266667
9,22,0.409091
3,8,0.375000
7,21,0.333333
0,1,0.000000
8,22,0.363636
36,76,0.473684
4,12,0.333333
4,10,0.400000
42,86,0.488372
5,14,0.357143
127,239,0.531381
16,41,0.390244
8,22,0.363636
0,1,0.000000
4,9,0.444444
0,1,0.000000
11,25,0.440000
3,9,0.333333
5,16,0.312500
7,20,0.350000
4,12,0.333333
13,34,0.382353
43,89,0.483146
0,1,0.000000
8,20,0.400000
9,28,0.321429
70,139,0.503597
7,20,0.350000
1,4,0.250000
2,8,0.250000
30,70,0.428571
68,138,0.492754
3,8,0.375000
5,16,0.312500
2,5,0.400000
3,9,0.333333
15,34,0.441176
1,4,0.250000
7,20,0.350000
3,7,0.428571
14,40,0.350000
3,10,0.300000
5,12,0.416667
9,23,0.391304
2,4,0.500000
24,57,0.421053
2,8,0.250000
14,41,0.341463
16,42,0.380952
28,64,0.437500
20,45,0.444444
23,57,0.403509
14,40,0.350000
7,19,0.368421
11,25,0.440000
3,11,0.272727
47,96,0.489583
16,34,0.470588
7,23,0.304348
10,29,0.344828
57,123,0.463415
13,34,0.382353
6,21,0.285714
10,24,0.416667
15,32,0.468750
39,81,0.481481
1,3,0.333333
1817,1083,1.677747
1007,822,1.225061
3,9,0.333333
56,117,0.478632
46,99,0.464646
1,4,0.250000
139,250,0.556000
8,17,0.470588
38,95,0.400000
11,33,0.333333
6,22,0.272727
4,8,0.500000
1,2,0.500000
1,4,0.250000
30,65,0.461538
63,129,0.488372
17,37,0.459459
3,9,0.333333
10,33,0.303030
15,46,0.326087
4,11,0.363636
11,29,0.379310
37,87,0.425287
10,24,0.416667
0,1,0.000000
12,26,0.461538
3,7,0.428571
37,87,0.425287
3,8,0.375000
47,100,0.470000
4,10,0.400000
8,22,0.363636
8,24,0.333333
4,9,0.444444
1,2,0.500000
13,34,0.382353
41,88,0.465909
9,25,0.360000
16,38,0.421053
37,87,0.425287
12,33,0.363636
3,10,0.300000
8,24,0.333333
9,24,0.375000
6,14,0.428571
10,26,0.384615
22,56,0.392857
10,30,0.333333
5,15,0.333333
13,38,0.342105
1,4,0.250000
1,4,0.250000
7,25,0.280000
39,85,0.458824
9,17,0.529412
9,21,0.428571
15,38,0.394737
9,25,0.360000
3,10,0.300000
19,44,0.431818
3,11,0.272727
21,52,0.403846
5,11,0.454545
59,114,0.517544
26,61,0.426230
5,12,0.416667
10,28,0.357143
11,37,0.297297
6,17,0.352941
80,154,0.519481
9,24,0.375000
12,32,0.375000
4,10,0.400000
9,22,0.409091
45,91,0.494505
5,11,0.454545
12,34,0.352941
6,18,0.333333
1,2,0.500000
18,43,0.418605
36,72,0.500000
11,32,0.343750
52,105,0.495238
413,464,0.890086
18,44,0.409091
25,67,0.373134
33,89,0.370787
5,15,0.333333
11,28,0.392857
17,36,0.472222
8,22,0.363636
40,84,0.476190
47,108,0.435185
5,16,0.312500
14,30,0.466667
14,32,0.437500
17,38,0.447368
3,9,0.333333
12,35,0.342857
15,34,0.441176
1,4,0.250000
7,12,0.583333
47,106,0.443396
4,15,0.266667
67,129,0.519380
2,5,0.400000
2,8,0.250000
96,175,0.548571
3,10,0.300000
22,57,0.385965
20,48,0.416667
19,36,0.527778
3,10,0.300000
119,216,0.550926
44,104,0.423077
29,58,0.500000
12,37,0.324324
9,24,0.375000
9,23,0.391304
1,5,0.200000
17,43,0.395349
22,59,0.372881
19,43,0.441860
135,237,0.569620
11,30,0.366667
5,15,0.333333
2,7,0.285714
2,6,0.333333
14,40,0.350000
1,3,0.333333
27,62,0.435484
8,23,0.347826
5,17,0.294118
28,62,0.451613
15,39,0.384615
1,4,0.250000
3,8,0.375000
33,71,0.464789
74,137,0.540146
8,22,0.363636
35,81,0.432099
13,41,0.317073
13,32,0.406250
60,126,0.476190
1,2,0.500000
3,10,0.300000
17,45,0.377778
5,15,0.333333
0,1,0.000000
133,248,0.536290
9,27,0.333333
9,20,0.450000
1,3,0.333333
5,15,0.333333
17,42,0.404762
12,34,0.352941
38,84,0.452381
8,22,0.363636
9,25,0.360000
7,19,0.368421
45,96,0.468750
104,189,0.550265
1,3,0.333333
18,48,0.375000
16,41,0.390244
30,72,0.416667
14,37,0.378378
7,13,0.538462
7,15,0.466667
14,36,0.388889
19,48,0.395833
5,17,0.294118
193,299,0.645485
1490,981,1.518858
16,44,0.363636
21,48,0.437500
4,13,0.307692
16,42,0.380952
50,98,0.510204
12,34,0.352941
2,7,0.285714
2,9,0.222222
11,31,0.354839
2,7,0.285714
1,4,0.250000
34,83,0.409639
17,38,0.447368
2,8,0.250000
8,27,0.296296
31,73,0.424658
7,20,0.350000
8,17,0.470588
28,62,0.451613
3,9,0.333333
11,36,0.305556
4,10,0.400000
10,19,0.526316
14,34,0.411765
2,6,0.333333
48,106,0.452830
1,4,0.250000
9,22,0.409091
17,44,0.386364
6,17,0.352941
18,47,0.382979
1,5,0.200000
38,87,0.436782
10,29,0.344828
28,71,0.394366
2,8,0.250000
10,27,0.370370
3,9,0.333333
4,12,0.333333
14,37,0.378378
12,28,0.428571
14,28,0.500000
2,8,0.250000
25,64,0.390625
14,37,0.378378
17,45,0.377778
5,15,0.333333
5,14,0.357143
9,22,0.409091
5,14,0.357143
7,19,0.368421
42,95,0.442105
5,10,0.500000
3,7,0.428571
22,59,0.372881
4,14,0.285714
1,5,0.200000
0,1,0.000000
1,5,0.200000
16,39,0.410256
6,19,0.315789
8,22,0.363636
34,68,0.500000
13,29,0.448276
4,8,0.500000
11,32,0.343750
1,3,0.333333
37,84,0.440476
22,56,0.392857
9,22,0.409091
14,35,0.400000
18,48,0.375000
2,6,0.333333
23,60,0.383333
10,26,0.384615
3,10,0.300000
12,32,0.375000
131,212,0.617925
81,166,0.487952
6,20,0.300000
9,20,0.450000
127,202,0.628713
0,1,0.000000
13,39,0.333333
14,34,0.411765
2,5,0.400000
9,27,0.333333
14,31,0.451613
8,21,0.380952
15,42,0.357143
17,49,0.346939
3,8,0.375000
2,5,0.400000
11,31,0.354839
5,15,0.333333
12,38,0.315789
12,27,0.444444
19,53,0.358491
24,59,0.406780
11,27,0.407407
11,34,0.323529
17,45,0.377778
9,27,0.333333
12,33,0.363636
4,11,0.363636
8,23,0.347826
10,24,0.416667
5,14,0.357143
12,34,0.352941
4,14,0.285714
1,4,0.250000
8,23,0.347826
11,28,0.392857
25,57,0.438596
10,26,0.384615
24,55,0.436364
20,41,0.487805
25,63,0.396825
7,12,0.583333
41,94,0.436170
8,22,0.363636
11,29,0.379310
14,29,0.482759
13,32,0.406250
7,19,0.368421
14,37,0.378378
21,59,0.355932
75,158,0.474684
2,6,0.333333
8,16,0.500000
1,5,0.200000
4,13,0.307692
2,6,0.333333
15,39,0.384615
68,144,0.472222
17,47,0.361702
3,11,0.272727
14,39,0.358974
5,15,0.333333
7,20,0.350000
3,8,0.375000
14,42,0.333333
20,51,0.392157
10,26,0.384615
1,3,0.333333
249,355,0.701408
2,8,0.250000
19,46,0.413043
29,60,0.483333
3,11,0.272727
3,8,0.375000
14,41,0.341463
3,9,0.333333
5,15,0.333333
1,4,0.250000
8,22,0.363636
276,385,0.716883
5,14,0.357143
2,7,0.285714
5,12,0.416667
11,34,0.323529
0,1,0.000000
2,4,0.500000
6,18,0.333333
2,6,0.333333
3,8,0.375000
13,36,0.361111
12,32,0.375000
5,16,0.312500
16,33,0.484848
9,22,0.409091
25,63,0.396825
15,42,0.357143
14,35,0.400000
4,11,0.363636
4,9,0.444444
0,1,0.000000
44,102,0.431373
5,14,0.357143
43,90,0.477778
5,12,0.416667
78,155,0.503226
16,45,0.355556
17,42,0.404762
7,17,0.411765
12,26,0.461538
2,6,0.333333
77,160,0.481250
84,169,0.497041
8,23,0.347826
6,18,0.333333
22,53,0.415094
1,4,0.250000
4,10,0.400000
5,16,0.312500
8,23,0.347826
9,22,0.409091
1,5,0.200000
3,9,0.333333
0,1,0.000000
10,26,0.384615
0,1,0.000000
15,40,0.375000
3,9,0.333333
12,23,0.521739
43,97,0.443299
7,23,0.304348
1,5,0.200000
0,1,0.000000
1,3,0.333333
1,3,0.333333
3,12,0.250000
44,97,0.453608
13,37,0.351351
3,7,0.428571
2,7,0.285714
1,3,0.333333
2,5,0.400000
4,14,0.285714
16,35,0.457143
0,1,0.000000
4,13,0.307692
10,29,0.344828
8,19,0.421053
53,113,0.469027
2,7,0.285714
4,11,0.363636
2,8,0.250000
13,33,0.393939
20,41,0.487805
23,58,0.396552
70,145,0.482759
1,5,0.200000
6,20,0.300000
2,7,0.285714
8,20,0.400000
38,88,0.431818
12,35,0.342857
12,29,0.413793
0,1,0.000000
87,154,0.564935
10,26,0.384615
1,3,0.333333
3,10,0.300000
2,6,0.333333
13,35,0.371429
4,15,0.266667
2,7,0.285714
3,11,0.272727
6,18,0.333333
9,19,0.473684
6,16,0.375000
2,7,0.285714
14,42,0.333333
0,1,0.000000
1,3,0.333333
33,73,0.452055
5,15,0.333333
2,6,0.333333
1,5,0.200000
11,31,0.354839
13,31,0.419355
3,12,0.250000
5,20,0.250000
2,5,0.400000
9,22,0.409091
1,2,0.500000
1,4,0.250000
6,13,0.461538
0,1,0.000000
7,19,0.368421
6,15,0.400000
18,48,0.375000
3,11,0.272727
13,32,0.406250
5,15,0.333333
1107,833,1.328932
3,9,0.333333
1,3,0.333333
25,58,0.431034
35,82,0.426829
4,13,0.307692
2,5,0.400000
15,35,0.428571
5,12,0.416667
44,88,0.500000
42,101,0.415842
3,12,0.250000
2,6,0.333333
1,4,0.250000
2,6,0.333333
20,43,0.465116
13,32,0.406250
8,22,0.363636
7,22,0.318182
91,175,0.520000
9,24,0.375000
21,54,0.388889
9,26,0.346154
6,16,0.375000
11,27,0.407407
2,4,0.500000
75,162,0.462963
3,6,0.500000
6,16,0.375000
42,109,0.385321
25,68,0.367647
28,74,0.378378
3,7,0.428571
19,48,0.395833
1,4,0.250000
3,7,0.428571
1,4,0.250000
3,12,0.250000
7,25,0.280000
18,39,0.461538
12,34,0.352941
16,36,0.444444
5,15,0.333333
136,224,0.607143
2,9,0.222222
21,60,0.350000
3,8,0.375000
6,21,0.285714
9,21,0.428571
19,46,0.413043
8,21,0.380952
7,24,0.291667
1,3,0.333333
8,19,0.421053
4,13,0.307692
10,26,0.384615
0,1,0.000000
3,8,0.375000
10,31,0.322581
1,3,0.333333
6,13,0.461538
4,12,0.333333
18,42,0.428571
2,7,0.285714
22,50,0.440000
7,19,0.368421
7,18,0.388889
5,17,0.294118
3,6,0.500000
33,79,0.417722
8,22,0.363636
4,11,0.363636
2,7,0.285714
1,4,0.250000
1,3,0.333333
9,26,0.346154
8,22,0.363636
21,54,0.388889
14,32,0.437500
3,13,0.230769
1,3,0.333333
38,86,0.441860
7,19,0.368421
5,17,0.294118
11,32,0.343750
1,3,0.333333
1,3,0.333333
2,6,0.333333
3,7,0.428571
3,8,0.375000
6,17,0.352941
8,22,0.363636
0,1,0.000000
27,57,0.473684
98,192,0.510417
5,13,0.384615
0,1,0.000000
3,8,0.375000
56,112,0.500000
1,3,0.333333
10,25,0.400000
5,13,0.384615
4,12,0.333333
7,21,0.333333
26,62,0.419355
35,82,0.426829
10,27,0.370370
6,13,0.461538
0,1,0.000000
3,9,0.333333
5,11,0.454545
0,1,0.000000
8,23,0.347826
9,19,0.473684
7,21,0.333333
19,42,0.452381
3,8,0.375000
12,32,0.375000
27,65,0.415385
22,56,0.392857
0,1,0.000000
2,6,0.333333
5,13,0.384615
0,1,0.000000
0,1,0.000000
7,20,0.350000
2,7,0.285714
6,17,0.352941
4,11,0.363636
2,7,0.285714
3,12,0.250000
3,7,0.428571
5,12,0.416667
2,6,0.333333
0,1,0.000000
13,34,0.382353
20,42,0.476190
2,6,0.333333
14,32,0.437500
16,44,0.363636
1,2,0.500000
12,34,0.352941
2,9,0.222222
5,15,0.333333
9,25,0.360000
4,12,0.333333
10,25,0.400000
0,1,0.000000
0,1,0.000000
10,30,0.333333
6,17,0.352941
1,5,0.200000
1,3,0.333333
2,5,0.400000
1,5,0.200000
0,1,0.000000
4,12,0.333333
3,10,0.300000
2,6,0.333333
1,3,0.333333
3,11,0.272727
4,9,0.444444
1,4,0.250000
0,1,0.000000
12,37,0.324324
3,11,0.272727
1,3,0.333333
0,1,0.000000
14,38,0.368421
12,33,0.363636
13,38,0.342105
5,12,0.416667
0,1,0.000000
7,19,0.368421
1,5,0.200000
1,4,0.250000
0,1,0.000000
1,2,0.500000
0,1,0.000000
10,26,0.384615
9,27,0.333333
18,47,0.382979
0,1,0.000000
1,5,0.200000
16,43,0.372093
47,97,0.484536
1,5,0.200000
0,1,0.000000
0,1,0.000000
5,12,0.416667
3,5,0.600000
0,1,0.000000
0,1,0.000000
6,15,0.400000
0,1,0.000000
1,3,0.333333
3,8,0.375000
1,3,0.333333
