sum_hyperedge_size,num_nodes,egonet overlapness
12965,242,53.574380
7726,166,46.542169
2963,126,23.515873
14201,148,95.952703
4281,129,33.186047
646,64,10.093750
56,18,3.111111
2275,97,23.453608
110,36,3.055556
35655,299,119.247492
11554,177,65.276836
5534,155,35.703226
11495,181,63.508287
15865,184,86.222826
4145,120,34.541667
17387,141,123.312057
11053,141,78.390071
12482,134,93.149254
65422,141,463.985816
39432,141,279.659574
2253,148,15.222973
265,64,4.140625
239,59,4.050847
329,70,4.700000
6215,195,31.871795
714,92,7.760870
5315,157,33.853503
13058,174,75.045977
4044,146,27.698630
16933,192,88.192708
722,94,7.680851
753,102,7.382353
633,103,6.145631
331,70,4.728571
160787,143,1124.384615
136,33,4.121212
27334,139,196.647482
16700,132,126.515152
1715,95,18.052632
5182,130,39.861538
4,4,1.000000
2578,115,22.417391
7994,197,40.578680
273,55,4.963636
1225,166,7.379518
340,64,5.312500
1947,230,8.465217
7896,271,29.136531
195,76,2.565789
3301,249,13.257028
543,130,4.176923
1054,176,5.988636
965,154,6.266234
3545,144,24.618056
3304,141,23.432624
717,131,5.473282
636,124,5.129032
34685,139,249.532374
17736,132,134.363636
3801,109,34.871560
28370,274,103.540146
1674,111,15.081081
7770,171,45.438596
12772,185,69.037838
4045,148,27.331081
1863,90,20.700000
597,80,7.462500
377,66,5.712121
10098,170,59.400000
12510,128,97.734375
15875,135,117.592593
58677,142,413.218310
2678,206,13.000000
517,121,4.272727
1137,167,6.808383
10532,333,31.627628
680,129,5.271318
3297,108,30.527778
648,62,10.451613
3722,117,31.811966
73,31,2.354839
11599,177,65.531073
8973,126,71.214286
3994,116,34.431034
31282,137,228.335766
69,21,3.285714
9558,130,73.523077
2087,208,10.033654
2203,203,10.852217
12567,291,43.185567
1511,184,8.211957
1357,203,6.684729
5076,156,32.538462
5320,150,35.466667
252,56,4.500000
1645,110,14.954545
1828,83,22.024096
884,74,11.945946
5932,125,47.456000
232,40,5.800000
2646,108,24.500000
53,22,2.409091
511,71,7.197183
1556,119,13.075630
930,73,12.739726
1580,79,20.000000
10664,129,82.666667
1001,66,15.166667
1373,178,7.713483
746,87,8.574713
293,62,4.725806
3319,225,14.751111
369,42,8.785714
821,67,12.253731
1035,80,12.937500
641,66,9.712121
5883,119,49.436975
11302,140,80.728571
799,87,9.183908
427,63,6.777778
3885,153,25.392157
73,30,2.433333
16564,135,122.696296
6861,131,52.374046
19496,142,137.295775
9424,135,69.807407
495,66,7.500000
2879,249,11.562249
748,154,4.857143
3394,231,14.692641
1094,113,9.681416
1400,115,12.173913
32,16,2.000000
1202,76,15.815789
1285,108,11.898148
921,102,9.029412
43,23,1.869565
119,41,2.902439
13,11,1.181818
2805,236,11.885593
457,84,5.440476
148,33,4.484848
169,42,4.023810
2546,112,22.732143
1469,79,18.594937
1220,94,12.978723
1624,91,17.846154
2653,107,24.794393
10333,171,60.426901
652,87,7.494253
664,82,8.097561
9940,230,43.217391
5664,158,35.848101
2848,142,20.056338
1183,78,15.166667
5488,125,43.904000
3100,174,17.816092
12057,184,65.527174
3390,111,30.540541
28197,142,198.570423
5548,120,46.233333
1880,94,20.000000
3591,103,34.864078
9281,139,66.769784
4194,121,34.661157
3727,118,31.584746
1153,80,14.412500
285,46,6.195652
477,63,7.571429
3439,141,24.390071
1449,113,12.823009
814,93,8.752688
367,73,5.027397
617,148,4.168919
2095,98,21.377551
5796,266,21.789474
90,32,2.812500
728,129,5.643411
6979,289,24.148789
2087,97,21.515464
935,80,11.687500
5370,135,39.777778
1501,96,15.635417
778,74,10.513514
13,8,1.625000
4706,151,31.165563
7430,174,42.701149
5403,204,26.485294
529,80,6.612500
72,22,3.272727
140,33,4.242424
1725,140,12.321429
10700,203,52.709360
5891,185,31.843243
1117,79,14.139241
447,69,6.478261
624,67,9.313433
946,110,8.600000
2462,246,10.008130
366,106,3.452830
847,94,9.010638
1165,110,10.590909
3298,249,13.244980
1873,227,8.251101
3031,164,18.481707
3549,169,21.000000
454,56,8.107143
6508,156,41.717949
571,128,4.460938
719,147,4.891156
104,32,3.250000
3790,129,29.379845
509,60,8.483333
2633,157,16.770701
618,130,4.753846
6544,263,24.882129
966,167,5.784431
10306,275,37.476364
2342,206,11.368932
447,71,6.295775
563,89,6.325843
167,46,3.630435
3309,105,31.514286
926,169,5.479290
1842,90,20.466667
7891,193,40.886010
414,59,7.016949
423,72,5.875000
17411,191,91.157068
1825,101,18.069307
263,85,3.094118
921,84,10.964286
87,26,3.346154
835,84,9.940476
4676,120,38.966667
1598,121,13.206612
308,64,4.812500
2516,131,19.206107
8469,171,49.526316
120,35,3.428571
2587,240,10.779167
53,32,1.656250
1825,118,15.466102
5225,185,28.243243
244,55,4.436364
126,35,3.600000
3066,155,19.780645
666,81,8.222222
610,80,7.625000
778,92,8.456522
2292,102,22.470588
2100,85,24.705882
1011,84,12.035714
1699,216,7.865741
82,33,2.484848
213,56,3.803571
825,90,9.166667
862,99,8.707071
3666,108,33.944444
2131,98,21.744898
896,69,12.985507
1061,103,10.300971
2560,132,19.393939
157,43,3.651163
480,80,6.000000
3828,162,23.629630
4245,168,25.267857
752,90,8.355556
42,21,2.000000
370,74,5.000000
420,62,6.774194
3119,101,30.881188
805,90,8.944444
386,69,5.594203
288,59,4.881356
224,53,4.226415
1227,106,11.575472
59,33,1.787879
1265,194,6.520619
537,128,4.195312
52,18,2.888889
167,29,5.758621
115,32,3.593750
339,56,6.053571
438,117,3.743590
381,104,3.663462
352,63,5.587302
312,50,6.240000
8591,124,69.282258
257,104,2.471154
899,75,11.986667
140,58,2.413793
5025,118,42.584746
340,87,3.908046
75,27,2.777778
28,17,1.647059
367,65,5.646154
2186,213,10.262911
685,134,5.111940
327,100,3.270000
2751,217,12.677419
264,87,3.034483
1809,92,19.663043
3588,117,30.666667
509,55,9.254545
132,27,4.888889
490,58,8.448276
541,56,9.660714
1850,135,13.703704
303,72,4.208333
131,47,2.787234
227,52,4.365385
1529,113,13.530973
876,80,10.950000
2468,119,20.739496
226,46,4.913043
373,112,3.330357
1612,121,13.322314
1985,130,15.269231
70,32,2.187500
395,54,7.314815
64,21,3.047619
1169,80,14.612500
1495,80,18.687500
443,58,7.637931
69,20,3.450000
1183,85,13.917647
1131,74,15.283784
410,50,8.200000
53,22,2.409091
6902,128,53.921875
2733,99,27.606061
119,60,1.983333
733,154,4.759740
673,100,6.730000
2313,101,22.900990
1744,225,7.751111
1825,220,8.295455
579,137,4.226277
644,75,8.586667
2238,116,19.293103
187,47,3.978723
819,92,8.902174
540,75,7.200000
179,51,3.509804
131,36,3.638889
392,86,4.558140
1756,137,12.817518
306,61,5.016393
96,34,2.823529
1032,75,13.760000
308,44,7.000000
772,72,10.722222
768,154,4.987013
2356,127,18.551181
32,15,2.133333
45,21,2.142857
1872,123,15.219512
65,27,2.407407
644,67,9.611940
955,148,6.452703
676,130,5.200000
1226,188,6.521277
3058,111,27.549550
998,78,12.794872
743,72,10.319444
949,92,10.315217
593,119,4.983193
319,70,4.557143
631,93,6.784946
32,17,1.882353
440,61,7.213115
441,59,7.474576
592,77,7.688312
374,69,5.420290
173,41,4.219512
367,79,4.645570
344,103,3.339806
994,157,6.331210
1651,204,8.093137
79,34,2.323529
464,78,5.948718
636,84,7.571429
89,33,2.696970
270,54,5.000000
524,67,7.820896
653,84,7.773810
231,46,5.021739
511,72,7.097222
822,142,5.788732
549,125,4.392000
508,78,6.512821
8,6,1.333333
101,36,2.805556
841,92,9.141304
196,50,3.920000
423,67,6.313433
306,54,5.666667
215,42,5.119048
1292,79,16.354430
229,54,4.240741
500,82,6.097561
1200,81,14.814815
557,76,7.328947
789,85,9.282353
2570,148,17.364865
501,78,6.423077
1184,109,10.862385
935,90,10.388889
362,98,3.693878
687,141,4.872340
445,75,5.933333
280,62,4.516129
146,42,3.476190
2467,103,23.951456
162,54,3.000000
200,64,3.125000
171,63,2.714286
213,42,5.071429
11,8,1.375000
387,78,4.961538
127,34,3.735294
1681,108,15.564815
922,93,9.913978
102,39,2.615385
732,71,10.309859
579,63,9.190476
307,48,6.395833
425,74,5.743243
117,32,3.656250
557,93,5.989247
993,108,9.194444
1069,107,9.990654
293,54,5.425926
398,114,3.491228
906,75,12.080000
303,95,3.189474
472,125,3.776000
171,78,2.192308
806,105,7.676190
2427,108,22.472222
553,92,6.010870
1066,116,9.189655
1140,94,12.127660
577,80,7.212500
49,25,1.960000
710,68,10.441176
102,25,4.080000
695,146,4.760274
311,77,4.038961
802,73,10.986301
3327,101,32.940594
1397,81,17.246914
99,51,1.941176
138,48,2.875000
1130,104,10.865385
164,50,3.280000
185,49,3.775510
380,66,5.757576
111,37,3.000000
324,42,7.714286
66,26,2.538462
263,63,4.174603
33,18,1.833333
308,58,5.310345
490,60,8.166667
389,110,3.536364
614,65,9.446154
310,56,5.535714
370,66,5.606061
1249,117,10.675214
719,66,10.893939
402,54,7.444444
307,58,5.293103
1132,164,6.902439
856,103,8.310680
248,56,4.428571
369,53,6.962264
300,58,5.172414
1857,136,13.654412
26,19,1.368421
1095,121,9.049587
1401,88,15.920455
422,75,5.626667
241,57,4.228070
245,53,4.622642
28,20,1.400000
1213,172,7.052326
1091,81,13.469136
973,94,10.351064
296,54,5.481481
411,76,5.407895
3348,100,33.480000
112,33,3.393939
656,88,7.454545
3163,151,20.947020
1886,118,15.983051
624,81,7.703704
290,52,5.576923
239,35,6.828571
118,35,3.371429
139,33,4.212121
212,54,3.925926
13,9,1.444444
234,48,4.875000
1878,195,9.630769
428,103,4.155340
1167,167,6.988024
369,54,6.833333
384,107,3.588785
627,84,7.464286
132,50,2.640000
90,41,2.195122
431,90,4.788889
1310,131,10.000000
660,147,4.489796
224,70,3.200000
1149,177,6.491525
544,71,7.661972
24,12,2.000000
1286,104,12.365385
1251,113,11.070796
993,77,12.896104
934,93,10.043011
576,82,7.024390
366,79,4.632911
368,76,4.842105
67,29,2.310345
841,154,5.461039
274,63,4.349206
9,6,1.500000
1271,112,11.348214
91,41,2.219512
48,30,1.600000
810,87,9.310345
740,91,8.131868
214,67,3.194030
601,141,4.262411
89,26,3.423077
130,46,2.826087
397,47,8.446809
1100,137,8.029197
3515,161,21.832298
1461,212,6.891509
52,22,2.363636
1767,89,19.853933
338,53,6.377358
196,44,4.454545
211,43,4.906977
1987,91,21.835165
196,41,4.780488
490,67,7.313433
62,24,2.583333
64,22,2.909091
15,9,1.666667
250,67,3.731343
409,68,6.014706
225,62,3.629032
1966,131,15.007634
234,56,4.178571
334,62,5.387097
190,44,4.318182
343,63,5.444444
1186,161,7.366460
421,111,3.792793
710,86,8.255814
749,90,8.322222
62,24,2.583333
392,70,5.600000
175,44,3.977273
408,60,6.800000
123,43,2.860465
263,69,3.811594
43,19,2.263158
36,19,1.894737
459,53,8.660377
191,42,4.547619
774,86,9.000000
744,141,5.276596
113,34,3.323529
827,96,8.614583
306,58,5.275862
49,22,2.227273
36,17,2.117647
173,37,4.675676
237,44,5.386364
125,31,4.032258
100,27,3.703704
36,16,2.250000
31,17,1.823529
67,31,2.161290
521,80,6.512500
203,47,4.319149
315,59,5.338983
485,56,8.660714
1118,72,15.527778
233,38,6.131579
520,58,8.965517
136,38,3.578947
22,13,1.692308
135,44,3.068182
27,16,1.687500
36,21,1.714286
851,103,8.262136
38,16,2.375000
411,65,6.323077
904,161,5.614907
363,49,7.408163
917,78,11.756410
14,10,1.400000
164,46,3.565217
534,86,6.209302
737,91,8.098901
54,23,2.347826
1380,85,16.235294
606,129,4.697674
129,64,2.015625
136,44,3.090909
237,56,4.232143
149,50,2.980000
40,20,2.000000
678,96,7.062500
1541,188,8.196809
270,89,3.033708
153,61,2.508197
488,122,4.000000
841,103,8.165049
511,129,3.961240
482,94,5.127660
9,6,1.500000
405,56,7.232143
984,152,6.473684
433,72,6.013889
185,56,3.303571
183,29,6.310345
49,24,2.041667
412,73,5.643836
125,37,3.378378
120,39,3.076923
1184,80,14.800000
1063,167,6.365269
970,177,5.480226
180,36,5.000000
412,58,7.103448
381,106,3.594340
308,90,3.422222
784,95,8.252632
272,55,4.945455
313,96,3.260417
391,53,7.377358
148,61,2.426230
1006,178,5.651685
277,42,6.595238
251,57,4.403509
5,5,1.000000
377,54,6.981481
316,39,8.102564
79,27,2.925926
275,50,5.500000
182,42,4.333333
81,41,1.975610
1154,181,6.375691
759,141,5.382979
385,107,3.598131
555,79,7.025316
528,77,6.857143
1070,183,5.846995
179,42,4.261905
621,78,7.961538
577,76,7.592105
217,53,4.094340
268,81,3.308642
102,29,3.517241
23,14,1.642857
115,31,3.709677
318,69,4.608696
186,58,3.206897
106,39,2.717949
93,36,2.583333
1132,75,15.093333
348,93,3.741935
23,17,1.352941
556,98,5.673469
68,28,2.428571
58,19,3.052632
339,69,4.913043
392,102,3.843137
199,51,3.901961
132,45,2.933333
47,22,2.136364
183,48,3.812500
1283,79,16.240506
805,73,11.027397
214,82,2.609756
255,70,3.642857
110,29,3.793103
218,51,4.274510
50,29,1.724138
469,75,6.253333
7,5,1.400000
152,41,3.707317
770,73,10.547945
1506,90,16.733333
139,55,2.527273
23,12,1.916667
170,56,3.035714
208,45,4.622222
1103,114,9.675439
227,81,2.802469
311,50,6.220000
78,28,2.785714
887,96,9.239583
102,28,3.642857
316,51,6.196078
39,16,2.437500
248,81,3.061728
62,18,3.444444
133,31,4.290323
82,40,2.050000
435,50,8.700000
1008,101,9.980198
7,6,1.166667
557,73,7.630137
79,42,1.880952
58,33,1.757576
309,81,3.814815
302,77,3.922078
237,66,3.590909
236,54,4.370370
182,69,2.637681
128,42,3.047619
190,60,3.166667
74,32,2.312500
13,8,1.625000
799,108,7.398148
252,89,2.831461
2,2,1.000000
1212,107,11.327103
81,28,2.892857
96,28,3.428571
640,82,7.804878
655,98,6.683673
142,41,3.463415
156,41,3.804878
410,74,5.540541
40,16,2.500000
411,57,7.210526
257,42,6.119048
203,41,4.951220
178,40,4.450000
55,29,1.896552
808,96,8.416667
193,40,4.825000
77,32,2.406250
19,11,1.727273
184,48,3.833333
700,94,7.446809
471,63,7.476190
124,35,3.542857
27,11,2.454545
143,39,3.666667
269,62,4.338710
349,53,6.584906
436,59,7.389831
716,74,9.675676
525,57,9.210526
17,11,1.545455
47,18,2.611111
111,47,2.361702
52,19,2.736842
73,32,2.281250
588,79,7.443038
553,68,8.132353
158,41,3.853659
293,60,4.883333
674,121,5.570248
261,58,4.500000
185,30,6.166667
79,36,2.194444
285,62,4.596774
321,64,5.015625
326,57,5.719298
561,60,9.350000
474,62,7.645161
58,25,2.320000
50,27,1.851852
40,21,1.904762
357,66,5.409091
419,52,8.057692
825,109,7.568807
681,90,7.566667
1114,87,12.804598
154,31,4.967742
948,100,9.480000
215,54,3.981481
903,69,13.086957
192,68,2.823529
212,75,2.826667
958,171,5.602339
259,67,3.865672
110,46,2.391304
393,67,5.865672
91,37,2.459459
457,94,4.861702
508,127,4.000000
1464,90,16.266667
416,52,8.000000
706,69,10.231884
96,46,2.086957
53,22,2.409091
120,40,3.000000
81,23,3.521739
698,72,9.694444
74,22,3.363636
188,35,5.371429
68,20,3.400000
555,88,6.306818
191,67,2.850746
373,58,6.431034
400,91,4.395604
128,60,2.133333
49,23,2.130435
7,5,1.400000
66,22,3.000000
280,56,5.000000
25,12,2.083333
814,102,7.980392
176,76,2.315789
197,72,2.736111
422,69,6.115942
101,37,2.729730
285,51,5.588235
5,5,1.000000
73,26,2.807692
87,31,2.806452
408,76,5.368421
482,74,6.513514
1424,81,17.580247
41,23,1.782609
798,99,8.060606
19,13,1.461538
486,77,6.311688
491,75,6.546667
84,24,3.500000
374,57,6.561404
374,48,7.791667
519,79,6.569620
87,30,2.900000
608,84,7.238095
375,71,5.281690
36,18,2.000000
590,90,6.555556
136,40,3.400000
733,115,6.373913
655,88,7.443182
93,39,2.384615
104,37,2.810811
116,33,3.515152
172,53,3.245283
73,30,2.433333
619,63,9.825397
310,56,5.535714
488,117,4.170940
147,34,4.323529
72,20,3.600000
38,19,2.000000
210,41,5.121951
84,32,2.625000
49,26,1.884615
465,80,5.812500
103,41,2.512195
108,30,3.600000
204,43,4.744186
36,15,2.400000
11,8,1.375000
370,66,5.606061
155,46,3.369565
472,82,5.756098
17,12,1.416667
333,72,4.625000
522,84,6.214286
139,46,3.021739
116,35,3.314286
158,46,3.434783
124,43,2.883721
125,45,2.777778
38,21,1.809524
56,21,2.666667
339,66,5.136364
152,38,4.000000
194,44,4.409091
119,37,3.216216
17,9,1.888889
207,48,4.312500
196,42,4.666667
447,116,3.853448
31,19,1.631579
173,76,2.276316
582,83,7.012048
8,7,1.142857
365,87,4.195402
17,11,1.545455
134,46,2.913043
348,80,4.350000
90,47,1.914894
24,12,2.000000
347,59,5.881356
324,111,2.918919
170,79,2.151899
44,16,2.750000
11,8,1.375000
90,29,3.103448
267,47,5.680851
681,86,7.918605
93,29,3.206897
40,19,2.105263
39,18,2.166667
251,75,3.346667
765,87,8.793103
333,45,7.400000
83,29,2.862069
190,62,3.064516
8,5,1.600000
102,36,2.833333
128,38,3.368421
486,83,5.855422
17,12,1.416667
183,52,3.519231
116,50,2.320000
175,52,3.365385
248,57,4.350877
52,21,2.476190
228,58,3.931034
447,127,3.519685
44,20,2.200000
174,49,3.551020
134,36,3.722222
87,30,2.900000
60,23,2.608696
492,116,4.241379
434,105,4.133333
262,88,2.977273
310,55,5.636364
228,41,5.560976
348,51,6.823529
230,75,3.066667
189,49,3.857143
300,62,4.838710
408,47,8.680851
54,31,1.741935
312,68,4.588235
25,15,1.666667
46,21,2.190476
494,70,7.057143
277,57,4.859649
578,116,4.982759
372,93,4.000000
76,33,2.303030
167,47,3.553191
114,43,2.651163
248,51,4.862745
80,31,2.580645
613,108,5.675926
79,24,3.291667
506,78,6.487179
282,61,4.622951
99,40,2.475000
291,67,4.343284
62,33,1.878788
169,43,3.930233
122,40,3.050000
176,65,2.707692
79,36,2.194444
135,33,4.090909
240,72,3.333333
12,7,1.714286
250,46,5.434783
401,68,5.897059
3,3,1.000000
284,60,4.733333
103,28,3.678571
36,18,2.000000
238,59,4.033898
63,18,3.500000
70,25,2.800000
202,82,2.463415
7,6,1.166667
24,12,2.000000
30,14,2.142857
168,58,2.896552
118,47,2.510638
625,93,6.720430
208,48,4.333333
94,28,3.357143
350,97,3.608247
135,53,2.547170
371,67,5.537313
286,63,4.539683
420,64,6.562500
43,17,2.529412
17,9,1.888889
476,63,7.555556
40,20,2.000000
119,26,4.576923
737,89,8.280899
213,47,4.531915
605,63,9.603175
262,69,3.797101
250,55,4.545455
383,49,7.816327
63,31,2.032258
310,77,4.025974
559,94,5.946809
68,32,2.125000
610,148,4.121622
245,84,2.916667
98,36,2.722222
88,35,2.514286
350,71,4.929577
165,50,3.300000
55,30,1.833333
78,35,2.228571
100,40,2.500000
165,44,3.750000
165,72,2.291667
226,81,2.790123
308,73,4.219178
320,64,5.000000
138,28,4.928571
65,27,2.407407
11,7,1.571429
76,19,4.000000
118,38,3.105263
775,66,11.742424
443,115,3.852174
257,78,3.294872
314,80,3.925000
6,5,1.200000
120,38,3.157895
130,38,3.421053
274,52,5.269231
63,26,2.423077
23,13,1.769231
282,70,4.028571
321,68,4.720588
388,57,6.807018
54,22,2.454545
189,49,3.857143
478,116,4.120690
112,50,2.240000
20,16,1.250000
81,41,1.975610
303,59,5.135593
229,53,4.320755
743,76,9.776316
101,38,2.657895
395,113,3.495575
769,148,5.195946
51,25,2.040000
14,10,1.400000
455,49,9.285714
70,26,2.692308
74,30,2.466667
12,7,1.714286
246,58,4.241379
255,54,4.722222
10,7,1.428571
28,14,2.000000
187,50,3.740000
124,46,2.695652
61,31,1.967742
327,59,5.542373
321,65,4.938462
62,26,2.384615
249,72,3.458333
295,65,4.538462
12,6,2.000000
14,10,1.400000
849,97,8.752577
245,79,3.101266
29,14,2.071429
152,47,3.234043
121,56,2.160714
10,8,1.250000
1005,105,9.571429
285,98,2.908163
450,120,3.750000
108,40,2.700000
125,56,2.232143
422,115,3.669565
355,67,5.298507
354,57,6.210526
103,35,2.942857
75,26,2.884615
9,7,1.285714
78,31,2.516129
25,11,2.272727
206,43,4.790698
68,32,2.125000
84,35,2.400000
214,69,3.101449
419,110,3.809091
30,14,2.142857
101,33,3.060606
180,58,3.103448
29,15,1.933333
182,43,4.232558
165,48,3.437500
135,36,3.750000
20,13,1.538462
80,37,2.162162
145,35,4.142857
149,56,2.660714
96,28,3.428571
38,18,2.111111
76,27,2.814815
64,28,2.285714
67,28,2.392857
240,51,4.705882
120,37,3.243243
35,19,1.842105
179,57,3.140351
485,60,8.083333
389,65,5.984615
84,29,2.896552
98,29,3.379310
86,29,2.965517
100,41,2.439024
35,17,2.058824
21,12,1.750000
541,73,7.410959
133,48,2.770833
41,19,2.157895
194,56,3.464286
188,55,3.418182
145,44,3.295455
21,13,1.615385
53,19,2.789474
152,37,4.108108
119,34,3.500000
192,42,4.571429
46,23,2.000000
30,13,2.307692
173,74,2.337838
61,22,2.772727
174,51,3.411765
100,32,3.125000
44,15,2.933333
115,40,2.875000
101,36,2.805556
109,33,3.303030
97,38,2.552632
111,33,3.363636
191,54,3.537037
126,47,2.680851
73,30,2.433333
219,39,5.615385
130,32,4.062500
131,38,3.447368
14,8,1.750000
515,97,5.309278
27,14,1.928571
96,30,3.200000
100,36,2.777778
141,33,4.272727
560,79,7.088608
40,18,2.222222
175,62,2.822581
452,90,5.022222
329,52,6.326923
32,22,1.454545
103,34,3.029412
48,25,1.920000
190,46,4.130435
171,48,3.562500
76,29,2.620690
27,15,1.800000
792,76,10.421053
16,10,1.600000
84,24,3.500000
24,14,1.714286
61,26,2.346154
190,41,4.634146
55,29,1.896552
38,19,2.000000
22,10,2.200000
290,54,5.370370
42,24,1.750000
101,40,2.525000
108,26,4.153846
119,33,3.606061
187,53,3.528302
268,58,4.620690
90,30,3.000000
5,4,1.250000
181,40,4.525000
20,13,1.538462
81,34,2.382353
298,45,6.622222
141,31,4.548387
13,9,1.444444
70,30,2.333333
27,15,1.800000
34,17,2.000000
136,31,4.387097
118,29,4.068966
289,75,3.853333
54,28,1.928571
637,88,7.238636
164,52,3.153846
56,24,2.333333
9,8,1.125000
56,35,1.600000
34,17,2.000000
335,64,5.234375
72,28,2.571429
198,46,4.304348
247,53,4.660377
103,36,2.861111
74,40,1.850000
114,51,2.235294
15,8,1.875000
103,39,2.641026
5,5,1.000000
489,127,3.850394
71,40,1.775000
301,68,4.426471
71,25,2.840000
192,51,3.764706
199,76,2.618421
42,19,2.210526
140,34,4.117647
77,30,2.566667
270,80,3.375000
25,18,1.388889
50,27,1.851852
40,16,2.500000
2,2,1.000000
74,28,2.642857
160,44,3.636364
16,12,1.333333
75,30,2.500000
46,26,1.769231
130,33,3.939394
240,54,4.444444
125,52,2.403846
292,94,3.106383
178,56,3.178571
131,45,2.911111
58,32,1.812500
77,25,3.080000
113,31,3.645161
25,13,1.923077
225,56,4.017857
644,66,9.757576
160,34,4.705882
59,26,2.269231
80,27,2.962963
168,47,3.574468
204,64,3.187500
18,13,1.384615
43,23,1.869565
134,46,2.913043
14,10,1.400000
116,35,3.314286
39,17,2.294118
254,52,4.884615
34,19,1.789474
112,40,2.800000
2,2,1.000000
157,44,3.568182
132,39,3.384615
171,61,2.803279
224,65,3.446154
75,30,2.500000
143,40,3.575000
33,18,1.833333
153,34,4.500000
84,28,3.000000
8,7,1.142857
32,21,1.523810
18,11,1.636364
9,6,1.500000
54,25,2.160000
8,7,1.142857
35,16,2.187500
150,53,2.830189
255,51,5.000000
165,50,3.300000
586,136,4.308824
95,38,2.500000
40,28,1.428571
26,15,1.733333
32,17,1.882353
22,12,1.833333
332,48,6.916667
70,28,2.500000
69,30,2.300000
78,34,2.294118
27,14,1.928571
57,21,2.714286
188,60,3.133333
73,39,1.871795
152,68,2.235294
82,30,2.733333
7,5,1.400000
154,51,3.019608
45,20,2.250000
59,32,1.843750
89,27,3.296296
87,26,3.346154
111,46,2.413043
251,64,3.921875
97,39,2.487179
185,31,5.967742
178,43,4.139535
355,81,4.382716
49,21,2.333333
53,19,2.789474
15,9,1.666667
15,10,1.500000
95,36,2.638889
39,22,1.772727
61,23,2.652174
118,47,2.510638
23,11,2.090909
92,29,3.172414
114,29,3.931034
46,18,2.555556
115,55,2.090909
108,39,2.769231
205,51,4.019608
66,33,2.000000
102,42,2.428571
41,24,1.708333
248,73,3.397260
77,25,3.080000
31,15,2.066667
60,26,2.307692
120,45,2.666667
250,53,4.716981
52,27,1.925926
27,15,1.800000
403,117,3.444444
216,51,4.235294
42,21,2.000000
112,39,2.871795
42,16,2.625000
162,40,4.050000
79,23,3.434783
91,34,2.676471
379,74,5.121622
69,39,1.769231
49,19,2.578947
79,25,3.160000
83,40,2.075000
98,43,2.279070
106,35,3.028571
155,48,3.229167
230,51,4.509804
27,15,1.800000
205,50,4.100000
98,33,2.969697
71,32,2.218750
95,30,3.166667
237,61,3.885246
82,27,3.037037
441,78,5.653846
45,23,1.956522
91,31,2.935484
120,50,2.400000
89,33,2.696970
73,25,2.920000
173,46,3.760870
353,67,5.268657
173,74,2.337838
138,27,5.111111
106,46,2.304348
3,3,1.000000
172,36,4.777778
19,12,1.583333
56,20,2.800000
97,52,1.865385
325,56,5.803571
138,40,3.450000
25,14,1.785714
45,21,2.142857
98,30,3.266667
36,19,1.894737
234,84,2.785714
221,51,4.333333
229,48,4.770833
5,5,1.000000
73,27,2.703704
8,6,1.333333
20,11,1.818182
82,27,3.037037
117,51,2.294118
58,29,2.000000
43,14,3.071429
19,9,2.111111
27,15,1.800000
84,28,3.000000
20,14,1.428571
22,12,1.833333
53,20,2.650000
44,22,2.000000
137,36,3.805556
100,54,1.851852
16,12,1.333333
184,36,5.111111
102,27,3.777778
130,39,3.333333
201,51,3.941176
42,20,2.100000
33,16,2.062500
419,92,4.554348
74,22,3.363636
30,13,2.307692
258,61,4.229508
25,15,1.666667
68,23,2.956522
247,86,2.872093
65,27,2.407407
61,32,1.906250
102,39,2.615385
89,24,3.708333
329,53,6.207547
4,4,1.000000
86,29,2.965517
43,17,2.529412
22,12,1.833333
104,27,3.851852
149,43,3.465116
353,57,6.192982
36,18,2.000000
37,18,2.055556
144,42,3.428571
54,24,2.250000
171,38,4.500000
92,31,2.967742
53,22,2.409091
125,37,3.378378
34,14,2.428571
46,21,2.190476
45,22,2.045455
50,27,1.851852
4,4,1.000000
124,39,3.179487
64,34,1.882353
52,24,2.166667
104,31,3.354839
110,28,3.928571
58,23,2.521739
34,13,2.615385
286,70,4.085714
70,19,3.684211
150,31,4.838710
53,17,3.117647
144,31,4.645161
5,5,1.000000
71,28,2.535714
30,18,1.666667
9,6,1.500000
55,24,2.291667
116,47,2.468085
212,72,2.944444
145,41,3.536585
80,44,1.818182
7,6,1.166667
42,20,2.100000
102,32,3.187500
143,49,2.918367
63,30,2.100000
28,14,2.000000
98,34,2.882353
213,60,3.550000
353,81,4.358025
48,24,2.000000
12,8,1.500000
14,11,1.272727
44,18,2.444444
115,38,3.026316
145,45,3.222222
2,2,1.000000
58,31,1.870968
10,6,1.666667
35,20,1.750000
20,15,1.333333
133,34,3.911765
128,34,3.764706
57,24,2.375000
92,23,4.000000
174,58,3.000000
129,31,4.161290
102,47,2.170213
42,21,2.000000
50,30,1.666667
4,4,1.000000
137,47,2.914894
351,68,5.161765
31,17,1.823529
40,26,1.538462
4,4,1.000000
27,13,2.076923
42,14,3.000000
204,40,5.100000
87,21,4.142857
23,17,1.352941
90,41,2.195122
44,20,2.200000
15,8,1.875000
2,2,1.000000
81,32,2.531250
74,27,2.740741
168,41,4.097561
64,28,2.285714
54,21,2.571429
114,44,2.590909
74,26,2.846154
31,17,1.823529
187,54,3.462963
25,17,1.470588
86,37,2.324324
37,11,3.363636
42,23,1.826087
36,22,1.636364
306,59,5.186441
168,35,4.800000
39,22,1.772727
115,47,2.446809
16,12,1.333333
21,12,1.750000
12,8,1.500000
195,50,3.900000
82,32,2.562500
16,10,1.600000
50,18,2.777778
58,23,2.521739
54,23,2.347826
179,54,3.314815
42,20,2.100000
86,46,1.869565
83,26,3.192308
18,12,1.500000
29,17,1.705882
40,17,2.352941
49,20,2.450000
164,29,5.655172
48,19,2.526316
9,7,1.285714
115,37,3.108108
11,8,1.375000
18,11,1.636364
124,35,3.542857
116,52,2.230769
48,21,2.285714
119,42,2.833333
74,30,2.466667
140,33,4.242424
11,7,1.571429
66,27,2.444444
24,15,1.600000
150,55,2.727273
21,12,1.750000
53,28,1.892857
41,21,1.952381
212,49,4.326531
90,36,2.500000
71,37,1.918919
6,5,1.200000
114,38,3.000000
9,8,1.125000
196,39,5.025641
51,23,2.217391
64,30,2.133333
11,8,1.375000
139,46,3.021739
16,8,2.000000
39,21,1.857143
77,37,2.081081
19,13,1.461538
27,20,1.350000
92,49,1.877551
14,8,1.750000
72,24,3.000000
59,17,3.470588
19,11,1.727273
8,7,1.142857
38,18,2.111111
12,9,1.333333
266,47,5.659574
27,16,1.687500
328,58,5.655172
12,9,1.333333
79,24,3.291667
35,13,2.692308
86,25,3.440000
75,32,2.343750
13,8,1.625000
57,21,2.714286
58,27,2.148148
104,38,2.736842
191,50,3.820000
88,48,1.833333
36,21,1.714286
61,26,2.346154
14,11,1.272727
12,9,1.333333
73,29,2.517241
41,23,1.782609
38,21,1.809524
40,15,2.666667
23,16,1.437500
20,13,1.538462
130,45,2.888889
85,24,3.541667
18,11,1.636364
143,44,3.250000
103,24,4.291667
33,16,2.062500
22,12,1.833333
48,23,2.086957
241,39,6.179487
118,37,3.189189
33,14,2.357143
31,12,2.583333
63,24,2.625000
289,61,4.737705
122,37,3.297297
58,21,2.761905
46,28,1.642857
62,24,2.583333
95,33,2.878788
45,24,1.875000
15,11,1.363636
130,50,2.600000
62,24,2.583333
17,10,1.700000
63,21,3.000000
10,8,1.250000
153,48,3.187500
78,31,2.516129
63,25,2.520000
15,11,1.363636
26,16,1.625000
153,63,2.428571
51,21,2.428571
30,16,1.875000
135,48,2.812500
22,14,1.571429
38,18,2.111111
9,7,1.285714
49,19,2.578947
15,12,1.250000
71,29,2.448276
17,11,1.545455
39,19,2.052632
16,9,1.777778
12,7,1.714286
20,12,1.666667
81,34,2.382353
69,26,2.653846
94,44,2.136364
138,50,2.760000
41,20,2.050000
62,26,2.384615
69,30,2.300000
107,29,3.689655
17,9,1.888889
20,13,1.538462
97,36,2.694444
8,7,1.142857
26,12,2.166667
90,35,2.571429
44,20,2.200000
25,12,2.083333
132,26,5.076923
75,25,3.000000
18,12,1.500000
72,28,2.571429
27,12,2.250000
20,16,1.250000
88,27,3.259259
139,42,3.309524
19,12,1.583333
17,10,1.700000
45,22,2.045455
20,13,1.538462
70,27,2.592593
153,33,4.636364
40,23,1.739130
146,38,3.842105
143,37,3.864865
46,24,1.916667
4,4,1.000000
66,33,2.000000
32,18,1.777778
15,11,1.363636
110,28,3.928571
23,10,2.300000
70,28,2.500000
19,14,1.357143
87,26,3.346154
72,30,2.400000
39,17,2.294118
35,19,1.842105
67,36,1.861111
26,18,1.444444
115,40,2.875000
82,24,3.416667
45,21,2.142857
116,27,4.296296
101,39,2.589744
4,4,1.000000
82,34,2.411765
29,15,1.933333
73,40,1.825000
57,30,1.900000
68,36,1.888889
20,14,1.428571
25,15,1.666667
31,18,1.722222
91,29,3.137931
94,28,3.357143
41,22,1.863636
11,8,1.375000
78,26,3.000000
23,11,2.090909
23,12,1.916667
95,31,3.064516
133,42,3.166667
7,4,1.750000
95,34,2.794118
28,18,1.555556
44,17,2.588235
63,24,2.625000
111,38,2.921053
26,13,2.000000
41,21,1.952381
18,12,1.500000
65,25,2.600000
83,33,2.515152
139,41,3.390244
79,30,2.633333
19,11,1.727273
45,27,1.666667
81,26,3.115385
22,12,1.833333
78,35,2.228571
131,32,4.093750
3,3,1.000000
22,13,1.692308
73,33,2.212121
74,31,2.387097
23,14,1.642857
137,57,2.403509
95,36,2.638889
53,24,2.208333
63,26,2.423077
49,25,1.960000
56,30,1.866667
9,6,1.500000
68,30,2.266667
97,33,2.939394
19,11,1.727273
32,17,1.882353
9,8,1.125000
71,37,1.918919
17,12,1.416667
22,17,1.294118
104,38,2.736842
71,39,1.820513
62,24,2.583333
25,18,1.388889
23,13,1.769231
37,18,2.055556
15,8,1.875000
85,36,2.361111
146,32,4.562500
22,13,1.692308
43,19,2.263158
46,20,2.300000
27,17,1.588235
132,40,3.300000
27,14,1.928571
24,10,2.400000
10,6,1.666667
98,34,2.882353
54,29,1.862069
21,11,1.909091
132,61,2.163934
10,8,1.250000
59,26,2.269231
13,10,1.300000
41,22,1.863636
15,10,1.500000
79,38,2.078947
7,5,1.400000
96,37,2.594595
11,7,1.571429
39,27,1.444444
50,30,1.666667
42,26,1.615385
64,19,3.368421
13,11,1.181818
22,10,2.200000
10,9,1.111111
10,9,1.111111
54,23,2.347826
54,20,2.700000
18,11,1.636364
46,24,1.916667
24,15,1.600000
25,17,1.470588
79,36,2.194444
76,24,3.166667
34,19,1.789474
22,15,1.466667
111,31,3.580645
16,12,1.333333
10,7,1.428571
43,25,1.720000
56,34,1.647059
38,21,1.809524
157,38,4.131579
53,28,1.892857
3,3,1.000000
6,5,1.200000
11,6,1.833333
120,58,2.068966
72,31,2.322581
52,27,1.925926
27,14,1.928571
81,27,3.000000
49,21,2.333333
17,12,1.416667
73,29,2.517241
39,18,2.166667
87,36,2.416667
29,12,2.416667
42,18,2.333333
84,28,3.000000
71,33,2.151515
58,27,2.148148
10,7,1.428571
38,20,1.900000
26,17,1.529412
58,25,2.320000
23,10,2.300000
36,18,2.000000
63,20,3.150000
65,22,2.954545
42,20,2.100000
20,14,1.428571
62,24,2.583333
82,43,1.906977
39,15,2.600000
41,27,1.518519
49,17,2.882353
30,15,2.000000
21,17,1.235294
73,26,2.807692
31,21,1.476190
6,4,1.500000
23,12,1.916667
22,14,1.571429
17,9,1.888889
20,13,1.538462
124,39,3.179487
29,17,1.705882
42,22,1.909091
189,64,2.953125
23,11,2.090909
26,15,1.733333
28,16,1.750000
174,39,4.461538
27,11,2.454545
65,36,1.805556
13,8,1.625000
69,36,1.916667
27,12,2.250000
12,9,1.333333
13,9,1.444444
87,32,2.718750
67,37,1.810811
33,14,2.357143
15,10,1.500000
7,5,1.400000
8,6,1.333333
33,18,1.833333
121,51,2.372549
34,26,1.307692
66,29,2.275862
90,37,2.432432
19,13,1.461538
40,17,2.352941
190,48,3.958333
5,5,1.000000
25,17,1.470588
61,23,2.652174
40,17,2.352941
22,14,1.571429
38,19,2.000000
22,15,1.466667
9,7,1.285714
84,30,2.800000
34,16,2.125000
56,17,3.294118
18,11,1.636364
43,20,2.150000
83,39,2.128205
69,30,2.300000
7,5,1.400000
68,28,2.428571
10,7,1.428571
48,29,1.655172
44,24,1.833333
238,76,3.131579
26,14,1.857143
82,25,3.280000
10,6,1.666667
75,24,3.125000
9,8,1.125000
14,11,1.272727
8,5,1.600000
130,57,2.280702
49,28,1.750000
23,12,1.916667
41,20,2.050000
27,17,1.588235
10,7,1.428571
47,22,2.136364
21,11,1.909091
4,4,1.000000
63,24,2.625000
105,45,2.333333
63,33,1.909091
23,11,2.090909
42,20,2.100000
10,6,1.666667
40,24,1.666667
70,32,2.187500
100,36,2.777778
125,32,3.906250
42,20,2.100000
42,21,2.000000
13,9,1.444444
25,13,1.923077
3,3,1.000000
71,26,2.730769
76,24,3.166667
14,8,1.750000
38,17,2.235294
42,21,2.000000
70,41,1.707317
29,16,1.812500
31,15,2.066667
46,17,2.705882
11,8,1.375000
58,25,2.320000
12,6,2.000000
48,20,2.400000
5,4,1.250000
101,34,2.970588
39,22,1.772727
46,16,2.875000
9,8,1.125000
33,23,1.434783
14,8,1.750000
65,31,2.096774
111,37,3.000000
29,18,1.611111
38,22,1.727273
23,17,1.352941
54,27,2.000000
118,28,4.214286
4,4,1.000000
9,8,1.125000
56,17,3.294118
90,25,3.600000
23,13,1.769231
49,23,2.130435
3,3,1.000000
18,13,1.384615
28,15,1.866667
70,33,2.121212
3,3,1.000000
80,32,2.500000
41,18,2.277778
46,25,1.840000
38,16,2.375000
36,19,1.894737
30,19,1.578947
76,32,2.375000
49,24,2.041667
53,28,1.892857
79,23,3.434783
16,10,1.600000
9,8,1.125000
19,14,1.357143
84,42,2.000000
31,15,2.066667
53,22,2.409091
33,22,1.500000
36,16,2.250000
25,11,2.272727
9,8,1.125000
17,9,1.888889
27,19,1.421053
29,18,1.611111
33,17,1.941176
8,6,1.333333
11,9,1.222222
7,6,1.166667
11,7,1.571429
18,13,1.384615
69,33,2.090909
5,4,1.250000
23,12,1.916667
40,19,2.105263
19,13,1.461538
17,13,1.307692
46,21,2.190476
46,24,1.916667
19,12,1.583333
5,5,1.000000
94,33,2.848485
21,12,1.750000
45,14,3.214286
56,23,2.434783
105,37,2.837838
104,29,3.586207
35,21,1.666667
60,24,2.500000
10,8,1.250000
70,27,2.592593
10,8,1.250000
180,49,3.673469
39,19,2.052632
27,18,1.500000
6,5,1.200000
61,25,2.440000
14,9,1.555556
34,15,2.266667
24,15,1.600000
8,7,1.142857
41,17,2.411765
34,16,2.125000
41,24,1.708333
12,9,1.333333
17,10,1.700000
46,26,1.769231
9,7,1.285714
33,17,1.941176
32,19,1.684211
8,7,1.142857
23,13,1.769231
38,18,2.111111
24,14,1.714286
8,7,1.142857
35,19,1.842105
6,5,1.200000
4,4,1.000000
45,14,3.214286
4,4,1.000000
29,13,2.230769
13,9,1.444444
18,11,1.636364
45,27,1.666667
29,17,1.705882
5,4,1.250000
9,8,1.125000
47,24,1.958333
11,6,1.833333
35,18,1.944444
19,16,1.187500
37,21,1.761905
22,13,1.692308
47,20,2.350000
15,9,1.666667
16,11,1.454545
59,22,2.681818
73,35,2.085714
31,15,2.066667
81,36,2.250000
108,25,4.320000
15,11,1.363636
17,12,1.416667
5,5,1.000000
79,34,2.323529
22,16,1.375000
39,21,1.857143
25,10,2.500000
17,9,1.888889
61,27,2.259259
50,20,2.500000
60,25,2.400000
7,6,1.166667
22,13,1.692308
51,23,2.217391
8,7,1.142857
29,13,2.230769
13,10,1.300000
71,30,2.366667
16,12,1.333333
26,15,1.733333
27,13,2.076923
32,18,1.777778
20,13,1.538462
17,9,1.888889
56,23,2.434783
29,18,1.611111
3,3,1.000000
3,3,1.000000
23,13,1.769231
34,14,2.428571
11,7,1.571429
45,22,2.045455
78,31,2.516129
13,8,1.625000
36,19,1.894737
14,9,1.555556
17,13,1.307692
13,9,1.444444
23,16,1.437500
72,27,2.666667
18,10,1.800000
30,19,1.578947
26,20,1.300000
70,25,2.800000
37,25,1.480000
18,13,1.384615
16,10,1.600000
14,9,1.555556
13,10,1.300000
20,10,2.000000
40,23,1.739130
35,18,1.944444
22,10,2.200000
3,3,1.000000
30,14,2.142857
32,18,1.777778
7,5,1.400000
26,21,1.238095
7,6,1.166667
8,6,1.333333
21,16,1.312500
18,13,1.384615
15,8,1.875000
19,14,1.357143
18,11,1.636364
5,3,1.666667
23,10,2.300000
16,11,1.454545
24,14,1.714286
18,13,1.384615
29,15,1.933333
6,5,1.200000
25,18,1.388889
53,22,2.409091
31,16,1.937500
24,15,1.600000
17,11,1.545455
52,22,2.363636
30,19,1.578947
52,20,2.600000
16,8,2.000000
28,16,1.750000
8,7,1.142857
51,19,2.684211
56,25,2.240000
9,8,1.125000
27,17,1.588235
16,9,1.777778
11,7,1.571429
5,5,1.000000
62,29,2.137931
7,5,1.400000
30,17,1.764706
22,10,2.200000
7,6,1.166667
15,9,1.666667
15,12,1.250000
43,17,2.529412
19,12,1.583333
64,28,2.285714
54,26,2.076923
10,7,1.428571
30,15,2.000000
137,47,2.914894
19,13,1.461538
33,18,1.833333
39,22,1.772727
22,11,2.000000
19,15,1.266667
7,6,1.166667
20,12,1.666667
40,17,2.352941
36,14,2.571429
12,7,1.714286
19,13,1.461538
5,5,1.000000
20,15,1.333333
5,5,1.000000
9,7,1.285714
48,24,2.000000
33,18,1.833333
34,16,2.125000
17,9,1.888889
38,16,2.375000
4,4,1.000000
51,22,2.318182
14,11,1.272727
10,8,1.250000
22,15,1.466667
74,32,2.312500
28,19,1.473684
7,6,1.166667
23,16,1.437500
14,11,1.272727
14,8,1.750000
10,7,1.428571
40,16,2.500000
6,5,1.200000
17,11,1.545455
12,9,1.333333
19,10,1.900000
12,9,1.333333
10,8,1.250000
25,11,2.272727
10,8,1.250000
28,13,2.153846
10,8,1.250000
7,6,1.166667
123,57,2.157895
5,4,1.250000
33,14,2.357143
15,9,1.666667
9,7,1.285714
7,6,1.166667
12,7,1.714286
38,20,1.900000
38,24,1.583333
31,19,1.631579
12,9,1.333333
10,7,1.428571
38,19,2.000000
6,4,1.500000
16,10,1.600000
35,16,2.187500
25,18,1.388889
29,15,1.933333
7,6,1.166667
31,11,2.818182
32,22,1.454545
8,6,1.333333
17,9,1.888889
3,3,1.000000
27,16,1.687500
11,7,1.571429
17,10,1.700000
17,12,1.416667
20,12,1.666667
33,20,1.650000
4,4,1.000000
43,18,2.388889
8,7,1.142857
15,11,1.363636
44,24,1.833333
29,16,1.812500
25,15,1.666667
14,8,1.750000
22,12,1.833333
9,7,1.285714
11,9,1.222222
34,17,2.000000
11,7,1.571429
16,10,1.600000
21,16,1.312500
22,15,1.466667
6,5,1.200000
21,10,2.100000
6,5,1.200000
5,4,1.250000
18,11,1.636364
9,5,1.800000
15,9,1.666667
15,8,1.875000
46,22,2.090909
21,13,1.615385
80,25,3.200000
28,11,2.545455
30,20,1.500000
17,12,1.416667
33,12,2.750000
2,2,1.000000
10,6,1.666667
23,12,1.916667
43,19,2.263158
14,8,1.750000
10,9,1.111111
9,7,1.285714
16,13,1.230769
5,5,1.000000
18,10,1.800000
27,8,3.375000
2,2,1.000000
22,16,1.375000
26,18,1.444444
13,8,1.625000
53,25,2.120000
25,20,1.250000
9,8,1.125000
9,8,1.125000
12,9,1.333333
7,5,1.400000
6,5,1.200000
10,6,1.666667
3,3,1.000000
24,15,1.600000
16,11,1.454545
12,10,1.200000
3,3,1.000000
8,6,1.333333
7,5,1.400000
13,10,1.300000
30,15,2.000000
27,15,1.800000
27,13,2.076923
18,12,1.500000
18,12,1.500000
7,6,1.166667
23,15,1.533333
27,19,1.421053
8,7,1.142857
5,5,1.000000
5,5,1.000000
10,7,1.428571
11,8,1.375000
8,7,1.142857
26,18,1.444444
25,12,2.083333
11,9,1.222222
19,11,1.727273
22,12,1.833333
8,7,1.142857
3,3,1.000000
12,7,1.714286
4,4,1.000000
12,10,1.200000
28,16,1.750000
22,12,1.833333
20,14,1.428571
7,5,1.400000
19,9,2.111111
5,5,1.000000
12,7,1.714286
8,6,1.333333
10,7,1.428571
26,15,1.733333
46,27,1.703704
13,8,1.625000
13,8,1.625000
8,6,1.333333
4,4,1.000000
5,4,1.250000
6,5,1.200000
10,9,1.111111
7,6,1.166667
10,7,1.428571
23,14,1.642857
5,5,1.000000
21,8,2.625000
3,3,1.000000
6,4,1.500000
38,22,1.727273
3,3,1.000000
17,12,1.416667
9,7,1.285714
2,2,1.000000
3,3,1.000000
20,10,2.000000
11,8,1.375000
31,15,2.066667
17,12,1.416667
12,8,1.500000
21,12,1.750000
3,3,1.000000
3,3,1.000000
20,10,2.000000
21,13,1.615385
3,3,1.000000
38,18,2.111111
20,11,1.818182
7,5,1.400000
5,4,1.250000
11,8,1.375000
7,6,1.166667
5,5,1.000000
5,5,1.000000
10,8,1.250000
18,12,1.500000
4,4,1.000000
13,10,1.300000
10,8,1.250000
5,5,1.000000
6,4,1.500000
20,13,1.538462
9,6,1.500000
16,10,1.600000
3,3,1.000000
3,3,1.000000
15,6,2.500000
7,6,1.166667
18,12,1.500000
7,5,1.400000
7,6,1.166667
30,18,1.666667
5,4,1.250000
23,13,1.769231
12,9,1.333333
10,8,1.250000
5,4,1.250000
8,6,1.333333
10,8,1.250000
8,6,1.333333
19,14,1.357143
28,14,2.000000
14,11,1.272727
10,8,1.250000
4,4,1.000000
7,6,1.166667
11,8,1.375000
3,3,1.000000
20,10,2.000000
3,3,1.000000
35,12,2.916667
5,5,1.000000
2,2,1.000000
8,7,1.142857
10,8,1.250000
15,10,1.500000
10,8,1.250000
12,9,1.333333
28,16,1.750000
7,6,1.166667
2,2,1.000000
23,13,1.769231
7,6,1.166667
19,13,1.461538
23,12,1.916667
3,3,1.000000
8,6,1.333333
6,5,1.200000
2,2,1.000000
10,9,1.111111
7,4,1.750000
22,15,1.466667
7,5,1.400000
5,4,1.250000
18,12,1.500000
27,13,2.076923
11,7,1.571429
2,2,1.000000
17,11,1.545455
3,3,1.000000
3,3,1.000000
5,5,1.000000
12,6,2.000000
4,4,1.000000
7,5,1.400000
9,6,1.500000
21,15,1.400000
14,12,1.166667
13,9,1.444444
10,7,1.428571
6,5,1.200000
14,10,1.400000
7,5,1.400000
8,6,1.333333
5,4,1.250000
13,8,1.625000
10,7,1.428571
7,5,1.400000
8,7,1.142857
7,6,1.166667
3,3,1.000000
9,6,1.500000
4,4,1.000000
4,4,1.000000
7,6,1.166667
7,5,1.400000
17,10,1.700000
20,10,2.000000
26,14,1.857143
26,16,1.625000
14,10,1.400000
3,3,1.000000
10,9,1.111111
9,7,1.285714
14,11,1.272727
6,5,1.200000
2,2,1.000000
7,6,1.166667
8,7,1.142857
7,5,1.400000
13,10,1.300000
10,8,1.250000
4,4,1.000000
11,6,1.833333
24,12,2.000000
3,3,1.000000
13,9,1.444444
24,14,1.714286
8,6,1.333333
11,9,1.222222
10,6,1.666667
5,5,1.000000
7,6,1.166667
16,9,1.777778
22,10,2.200000
13,8,1.625000
4,4,1.000000
5,5,1.000000
5,5,1.000000
3,3,1.000000
6,5,1.200000
4,4,1.000000
2,2,1.000000
15,11,1.363636
7,5,1.400000
7,5,1.400000
5,5,1.000000
3,3,1.000000
16,9,1.777778
13,10,1.300000
15,11,1.363636
4,4,1.000000
3,3,1.000000
4,4,1.000000
3,3,1.000000
6,5,1.200000
11,9,1.222222
8,7,1.142857
4,4,1.000000
4,4,1.000000
16,9,1.777778
30,18,1.666667
19,11,1.727273
10,7,1.428571
7,6,1.166667
5,4,1.250000
3,3,1.000000
6,4,1.500000
3,3,1.000000
9,7,1.285714
9,8,1.125000
16,13,1.230769
9,6,1.500000
2,2,1.000000
8,7,1.142857
10,8,1.250000
17,10,1.700000
5,5,1.000000
7,6,1.166667
8,5,1.600000
3,3,1.000000
4,4,1.000000
20,10,2.000000
3,3,1.000000
3,3,1.000000
9,7,1.285714
3,3,1.000000
5,5,1.000000
5,5,1.000000
8,7,1.142857
3,3,1.000000
5,4,1.250000
16,12,1.333333
3,3,1.000000
15,12,1.250000
9,7,1.285714
10,8,1.250000
3,3,1.000000
3,3,1.000000
14,6,2.333333
4,4,1.000000
8,7,1.142857
8,6,1.333333
9,8,1.125000
5,5,1.000000
4,4,1.000000
7,6,1.166667
3,3,1.000000
3,3,1.000000
6,5,1.200000
5,4,1.250000
5,5,1.000000
4,4,1.000000
4,4,1.000000
4,4,1.000000
3,3,1.000000
5,5,1.000000
3,3,1.000000
5,5,1.000000
4,4,1.000000
6,5,1.200000
5,4,1.250000
4,4,1.000000
3,3,1.000000
5,5,1.000000
4,4,1.000000
18,14,1.285714
3,3,1.000000
8,7,1.142857
4,4,1.000000
3,3,1.000000
3,3,1.000000
4,4,1.000000
5,5,1.000000
3,3,1.000000
3,3,1.000000
4,4,1.000000
4,4,1.000000
5,5,1.000000
4,4,1.000000
3,3,1.000000
5,5,1.000000
3,3,1.000000
10,7,1.428571
3,3,1.000000
4,4,1.000000
4,4,1.000000
12,9,1.333333
6,5,1.200000
6,4,1.500000
4,4,1.000000
8,7,1.142857
4,4,1.000000
4,4,1.000000
5,5,1.000000
4,4,1.000000
5,5,1.000000
5,5,1.000000
3,3,1.000000
3,3,1.000000
5,5,1.000000
5,5,1.000000
2,2,1.000000
5,5,1.000000
5,5,1.000000
5,5,1.000000
5,5,1.000000
4,4,1.000000
