sum_hyperedge_size,num_nodes,egonet overlapness
0,1,0.000000
2090,576,3.628472
12289,1419,8.660324
893,334,2.673653
1818,545,3.335780
4110,843,4.875445
286,161,1.776398
4498,906,4.964680
11141,1305,8.537165
10869,1347,8.069042
12258,1416,8.656780
2137,597,3.579564
1786,546,3.271062
1774,532,3.334586
4273,884,4.833710
24305,1745,13.928367
8743,1212,7.213696
38,28,1.357143
223,123,1.813008
1024,381,2.687664
4733,908,5.212555
2471,627,3.940989
206,124,1.661290
8693,1186,7.329680
2948,739,3.989175
219,128,1.710938
1487,481,3.091476
5596,985,5.681218
5891,1016,5.798228
498,227,2.193833
1703,529,3.219282
3159,712,4.436798
1694,499,3.394790
1743,499,3.492986
2759,659,4.186646
749,312,2.400641
4554,903,5.043189
63,44,1.431818
2373,623,3.808989
194,117,1.658120
363,180,2.016667
98,66,1.484848
650,277,2.346570
793,305,2.600000
15630,1506,10.378486
113,70,1.614286
1519,469,3.238806
29,22,1.318182
3552,782,4.542199
474,235,2.017021
1171,429,2.729604
438,207,2.115942
3678,807,4.557621
974,345,2.823188
161,88,1.829545
1278,411,3.109489
27060,1851,14.619125
1217,417,2.918465
68,42,1.619048
129,81,1.592593
1903,553,3.441230
3641,793,4.591425
571,249,2.293173
588,254,2.314961
833,321,2.595016
3961,800,4.951250
10689,1319,8.103867
627,266,2.357143
6289,1051,5.983825
631,278,2.269784
78,50,1.560000
11769,1404,8.382479
1734,522,3.321839
193,106,1.820755
1077,367,2.934605
4136,868,4.764977
1537,489,3.143149
139,89,1.561798
5331,933,5.713826
592,269,2.200743
1225,402,3.047264
1121,378,2.965608
1027,362,2.837017
1644,528,3.113636
581,246,2.361789
55,38,1.447368
4436,882,5.029478
4546,883,5.148358
1973,552,3.574275
26907,1861,14.458356
4885,939,5.202343
42,30,1.400000
1030,372,2.768817
257,145,1.772414
1347,455,2.960440
1232,405,3.041975
1039,390,2.664103
88,54,1.629630
6237,1008,6.187500
856,330,2.593939
464,227,2.044053
1704,522,3.264368
755,308,2.451299
233,138,1.688406
189,114,1.657895
1095,388,2.822165
22,15,1.466667
1252,451,2.776053
1462,460,3.178261
1194,405,2.948148
3730,809,4.610630
1861,542,3.433579
242,131,1.847328
726,303,2.396040
486,221,2.199095
451,211,2.137441
1065,404,2.636139
550,247,2.226721
3510,779,4.505777
22967,1782,12.888328
2138,579,3.692573
646,286,2.258741
21,16,1.312500
255,138,1.847826
18766,1642,11.428745
10479,1354,7.739291
17,14,1.214286
6816,1065,6.400000
1447,451,3.208426
42,27,1.555556
1063,388,2.739691
15022,1511,9.941760
275,140,1.964286
14689,1498,9.805741
1780,525,3.390476
119,69,1.724638
247,127,1.944882
294,156,1.884615
3469,770,4.505195
1084,405,2.676543
1083,381,2.842520
64,41,1.560976
442,213,2.075117
5786,1020,5.672549
8578,1171,7.325363
8929,1197,7.459482
18552,1605,11.558879
1818,525,3.462857
16466,1553,10.602704
8337,1183,7.047337
25,19,1.315789
2309,642,3.596573
4788,906,5.284768
26963,1834,14.701745
256,134,1.910448
52,37,1.405405
11378,1342,8.478390
97,65,1.492308
8,7,1.142857
71,45,1.577778
416,190,2.189474
400,199,2.010050
3701,791,4.678887
441,221,1.995475
287,150,1.913333
41,28,1.464286
1250,434,2.880184
5943,1002,5.931138
503,222,2.265766
424,204,2.078431
21,15,1.400000
9012,1220,7.386885
289,153,1.888889
440,201,2.189055
738,299,2.468227
321,163,1.969325
15,12,1.250000
21,16,1.312500
379,182,2.082418
2684,680,3.947059
8871,1220,7.271311
4476,851,5.259694
218,118,1.847458
496,224,2.214286
48,35,1.371429
94,62,1.516129
5779,983,5.878942
1698,515,3.297087
8730,1210,7.214876
3672,800,4.590000
303,168,1.803571
2136,608,3.513158
3853,799,4.822278
652,271,2.405904
1164,399,2.917293
3397,778,4.366324
1113,395,2.817722
4163,880,4.730682
3839,805,4.768944
6956,1079,6.446710
1518,473,3.209302
2883,691,4.172214
4513,852,5.296948
750,310,2.419355
159,100,1.590000
39,28,1.392857
639,269,2.375465
739,305,2.422951
59,39,1.512821
2719,669,4.064275
126,71,1.774648
271,152,1.782895
2482,627,3.958533
376,180,2.088889
746,323,2.309598
704,283,2.487633
3028,713,4.246844
844,330,2.557576
153,96,1.593750
900,353,2.549575
52,37,1.405405
166,95,1.747368
5152,920,5.600000
7272,1103,6.592928
2785,690,4.036232
1015,357,2.843137
6544,1062,6.161959
470,238,1.974790
548,245,2.236735
721,293,2.460751
13522,1458,9.274348
98,64,1.531250
240,131,1.832061
2264,597,3.792295
10617,1321,8.037093
1426,458,3.113537
2593,648,4.001543
4155,867,4.792388
267,142,1.880282
872,342,2.549708
3290,758,4.340369
821,335,2.450746
308,167,1.844311
1193,392,3.043367
2804,702,3.994302
264,152,1.736842
175,97,1.804124
1810,507,3.570020
377,182,2.071429
5413,946,5.721987
730,309,2.362460
4307,871,4.944891
211,112,1.883929
1778,523,3.399618
1903,575,3.309565
1347,455,2.960440
1715,535,3.205607
159,93,1.709677
1163,419,2.775656
423,194,2.180412
4728,918,5.150327
4696,911,5.154775
209,119,1.756303
122,74,1.648649
15009,1527,9.829077
1106,398,2.778894
1459,457,3.192560
219,119,1.840336
55,37,1.486486
189,113,1.672566
1477,481,3.070686
833,314,2.652866
21415,1724,12.421694
562,250,2.248000
503,224,2.245536
3729,789,4.726236
229,133,1.721805
1362,452,3.013274
254,142,1.788732
3891,843,4.615658
672,268,2.507463
160,89,1.797753
29,21,1.380952
2252,596,3.778523
1623,495,3.278788
791,326,2.426380
1994,541,3.685767
4273,887,4.817362
1507,498,3.026104
7080,1073,6.598322
3979,863,4.610660
3202,749,4.275033
245,133,1.842105
10,8,1.250000
2519,640,3.935938
16680,1556,10.719794
363,180,2.016667
4714,937,5.030950
2494,656,3.801829
488,227,2.149780
560,248,2.258065
1050,381,2.755906
544,245,2.220408
907,359,2.526462
673,284,2.369718
1397,445,3.139326
312,173,1.803468
131,75,1.746667
324,165,1.963636
364,179,2.033520
1347,437,3.082380
55,39,1.410256
1808,544,3.323529
2061,583,3.535163
319,174,1.833333
409,198,2.065657
91,57,1.596491
454,216,2.101852
123,78,1.576923
465,215,2.162791
2,2,1.000000
88,59,1.491525
1969,560,3.516071
83,58,1.431034
227,131,1.732824
422,205,2.058537
465,223,2.085202
613,271,2.261993
214,132,1.621212
515,231,2.229437
323,171,1.888889
1374,471,2.917197
366,186,1.967742
168,97,1.731959
458,213,2.150235
52,35,1.485714
439,198,2.217172
34,26,1.307692
860,335,2.567164
2399,619,3.875606
178,108,1.648148
1393,466,2.989270
510,242,2.107438
1655,518,3.194981
3405,766,4.445170
1375,462,2.976190
236,126,1.873016
4452,878,5.070615
4839,909,5.323432
236,127,1.858268
9180,1229,7.469487
2644,647,4.086553
583,249,2.341365
7450,1147,6.495205
345,170,2.029412
307,161,1.906832
892,353,2.526912
2891,710,4.071831
9706,1254,7.740032
98,65,1.507692
2736,679,4.029455
2422,637,3.802198
4944,900,5.493333
59,40,1.475000
1810,521,3.474088
474,242,1.958678
1026,369,2.780488
120,78,1.538462
168,96,1.750000
663,295,2.247458
1396,458,3.048035
557,240,2.320833
115,71,1.619718
689,286,2.409091
1119,410,2.729268
380,194,1.958763
1064,395,2.693671
319,156,2.044872
3407,797,4.274780
117,73,1.602740
327,167,1.958084
2272,621,3.658615
2705,653,4.142420
2888,664,4.349398
493,230,2.143478
1832,549,3.336976
1598,496,3.221774
761,305,2.495082
790,312,2.532051
111,68,1.632353
90,57,1.578947
99,62,1.596774
117,80,1.462500
58,39,1.487179
185,108,1.712963
177,98,1.806122
333,181,1.839779
38,28,1.357143
112,74,1.513514
6097,1016,6.000984
148,90,1.644444
559,262,2.133588
5691,985,5.777665
3174,744,4.266129
126,76,1.657895
111,67,1.656716
4972,928,5.357759
632,265,2.384906
1771,526,3.366920
130,74,1.756757
6373,1105,5.767421
520,227,2.290749
184,104,1.769231
1129,408,2.767157
565,245,2.306122
504,234,2.153846
4583,861,5.322880
67,41,1.634146
295,147,2.006803
192,99,1.939394
312,163,1.914110
459,213,2.154930
565,259,2.181467
220,124,1.774194
60,42,1.428571
13,11,1.181818
223,132,1.689394
464,224,2.071429
206,122,1.688525
151,89,1.696629
544,237,2.295359
375,186,2.016129
533,233,2.287554
41,31,1.322581
238,127,1.874016
352,181,1.944751
126,81,1.555556
544,252,2.158730
361,173,2.086705
136,81,1.679012
192,119,1.613445
159,94,1.691489
812,329,2.468085
1678,488,3.438525
575,255,2.254902
194,125,1.552000
105,65,1.615385
46,33,1.393939
1475,466,3.165236
681,285,2.389474
662,279,2.372760
5569,1003,5.552343
5668,1009,5.617443
46,32,1.437500
74,48,1.541667
301,155,1.941935
151,93,1.623656
222,128,1.734375
73,52,1.403846
129,84,1.535714
500,240,2.083333
16,13,1.230769
45,33,1.363636
271,137,1.978102
185,111,1.666667
162,99,1.636364
461,223,2.067265
282,145,1.944828
2584,661,3.909228
782,305,2.563934
143,98,1.459184
422,192,2.197917
280,141,1.985816
387,186,2.080645
37,28,1.321429
63,44,1.431818
1448,472,3.067797
6,5,1.200000
2325,591,3.934010
757,308,2.457792
97,67,1.447761
382,183,2.087432
27,21,1.285714
1116,402,2.776119
316,165,1.915152
938,366,2.562842
237,127,1.866142
483,233,2.072961
154,87,1.770115
10497,1306,8.037519
2320,645,3.596899
304,169,1.798817
137,80,1.712500
535,227,2.356828
2786,685,4.067153
84,55,1.527273
399,187,2.133690
1833,548,3.344891
169,95,1.778947
195,119,1.638655
296,155,1.909677
86,53,1.622642
319,169,1.887574
55,40,1.375000
1119,411,2.722628
3029,715,4.236364
478,219,2.182648
289,156,1.852564
964,352,2.738636
637,268,2.376866
133,84,1.583333
191,108,1.768519
324,150,2.160000
75,46,1.630435
8,7,1.142857
917,343,2.673469
115,68,1.691176
23,16,1.437500
76,53,1.433962
113,71,1.591549
4075,839,4.856973
75,48,1.562500
314,170,1.847059
1308,431,3.034803
82,56,1.464286
161,96,1.677083
529,247,2.141700
2630,655,4.015267
3328,735,4.527891
499,226,2.207965
526,244,2.155738
171,89,1.921348
26,19,1.368421
2290,608,3.766447
233,130,1.792308
124,83,1.493976
106,62,1.709677
465,222,2.094595
772,320,2.412500
132,75,1.760000
326,169,1.928994
663,289,2.294118
717,310,2.312903
24,15,1.600000
134,84,1.595238
551,237,2.324895
606,270,2.244444
346,173,2.000000
219,121,1.809917
18,13,1.384615
334,177,1.887006
162,95,1.705263
519,235,2.208511
1528,494,3.093117
316,160,1.975000
135,87,1.551724
42,29,1.448276
600,259,2.316602
3773,810,4.658025
202,111,1.819820
316,168,1.880952
107,69,1.550725
290,155,1.870968
1286,431,2.983759
899,351,2.561254
61,41,1.487805
1294,441,2.934240
792,301,2.631229
300,157,1.910828
31,20,1.550000
382,189,2.021164
230,129,1.782946
750,303,2.475248
260,146,1.780822
152,91,1.670330
278,151,1.841060
418,212,1.971698
140,87,1.609195
52,36,1.444444
272,145,1.875862
145,90,1.611111
1433,481,2.979210
246,143,1.720280
272,142,1.915493
464,220,2.109091
1400,466,3.004292
5227,942,5.548832
195,118,1.652542
1224,416,2.942308
31,23,1.347826
35,24,1.458333
279,149,1.872483
44,30,1.466667
109,68,1.602941
446,221,2.018100
424,212,2.000000
384,193,1.989637
172,104,1.653846
712,307,2.319218
159,91,1.747253
102,66,1.545455
107,63,1.698413
144,88,1.636364
9,7,1.285714
774,319,2.426332
1816,542,3.350554
552,246,2.243902
2865,686,4.176385
269,154,1.746753
224,124,1.806452
692,288,2.402778
232,127,1.826772
220,123,1.788618
272,150,1.813333
228,130,1.753846
675,287,2.351916
401,198,2.025253
1403,452,3.103982
1574,497,3.167002
153,91,1.681319
69,42,1.642857
111,71,1.563380
234,126,1.857143
1084,390,2.779487
1168,388,3.010309
270,146,1.849315
243,133,1.827068
1431,450,3.180000
770,313,2.460064
1888,560,3.371429
563,236,2.385593
117,76,1.539474
99,62,1.596774
1100,376,2.925532
62,43,1.441860
610,264,2.310606
26,18,1.444444
450,210,2.142857
21,17,1.235294
144,93,1.548387
3632,794,4.574307
144,88,1.636364
423,207,2.043478
352,186,1.892473
484,213,2.272300
107,62,1.725806
419,206,2.033981
370,190,1.947368
2211,600,3.685000
41,26,1.576923
122,81,1.506173
36,23,1.565217
27,20,1.350000
589,260,2.265385
842,338,2.491124
57,40,1.425000
1099,372,2.954301
45,31,1.451613
2213,602,3.676080
149,89,1.674157
5610,1005,5.582090
450,216,2.083333
733,309,2.372168
1824,527,3.461101
143,85,1.682353
265,133,1.992481
230,140,1.642857
58,41,1.414634
2176,587,3.706985
4802,918,5.230937
2065,581,3.554217
100,67,1.492537
115,74,1.554054
508,241,2.107884
726,289,2.512111
245,139,1.762590
716,303,2.363036
642,280,2.292857
749,303,2.471947
256,140,1.828571
121,75,1.613333
418,194,2.154639
374,193,1.937824
1180,417,2.829736
33,23,1.434783
42,31,1.354839
11,9,1.222222
174,108,1.611111
187,109,1.715596
235,135,1.740741
1479,467,3.167024
509,241,2.112033
95,62,1.532258
89,59,1.508475
855,336,2.544643
878,340,2.582353
331,171,1.935673
596,250,2.384000
1684,520,3.238462
96,59,1.627119
120,76,1.578947
2824,685,4.122628
64,46,1.391304
81,47,1.723404
775,312,2.483974
979,360,2.719444
406,202,2.009901
1240,424,2.924528
36,26,1.384615
564,261,2.160920
0,1,0.000000
21,17,1.235294
59,42,1.404762
3005,717,4.191074
601,284,2.116197
589,260,2.265385
2399,617,3.888169
22,16,1.375000
24,19,1.263158
389,192,2.026042
253,143,1.769231
45,34,1.323529
1998,554,3.606498
61,40,1.525000
18,14,1.285714
2857,689,4.146589
238,131,1.816794
118,69,1.710145
332,172,1.930233
93,58,1.603448
133,83,1.602410
1730,534,3.239700
873,344,2.537791
8015,1153,6.951431
354,172,2.058140
1532,464,3.301724
504,241,2.091286
225,124,1.814516
109,72,1.513889
117,70,1.671429
241,136,1.772059
22,17,1.294118
812,331,2.453172
113,74,1.527027
87,57,1.526316
297,146,2.034247
244,129,1.891473
39,28,1.392857
8,7,1.142857
229,124,1.846774
204,112,1.821429
801,319,2.510972
76,53,1.433962
21,15,1.400000
709,294,2.411565
2841,693,4.099567
226,132,1.712121
175,105,1.666667
1037,384,2.700521
856,332,2.578313
691,293,2.358362
398,199,2.000000
145,86,1.686047
480,218,2.201835
623,269,2.315985
152,88,1.727273
880,339,2.595870
140,81,1.728395
342,178,1.921348
2091,570,3.668421
582,251,2.318725
777,300,2.590000
336,176,1.909091
14,11,1.272727
229,121,1.892562
456,213,2.140845
327,166,1.969880
255,140,1.821429
812,327,2.483180
242,122,1.983607
137,85,1.611765
1221,426,2.866197
864,352,2.454545
479,228,2.100877
2362,646,3.656347
1370,471,2.908705
20,16,1.250000
13,11,1.181818
315,160,1.968750
6,5,1.200000
115,74,1.554054
159,98,1.622449
1851,560,3.305357
781,310,2.519355
57,36,1.583333
360,186,1.935484
93,61,1.524590
385,187,2.058824
44,32,1.375000
361,185,1.951351
150,87,1.724138
1271,435,2.921839
7737,1142,6.774956
25,19,1.315789
2058,570,3.610526
13318,1468,9.072207
299,147,2.034014
148,94,1.574468
129,75,1.720000
49,36,1.361111
74,46,1.608696
20,14,1.428571
771,302,2.552980
23,17,1.352941
746,303,2.462046
314,158,1.987342
146,94,1.553191
225,123,1.829268
995,401,2.481297
688,295,2.332203
935,360,2.597222
18,14,1.285714
107,72,1.486111
222,127,1.748031
36,28,1.285714
136,88,1.545455
426,201,2.119403
100,66,1.515152
89,55,1.618182
226,127,1.779528
269,140,1.921429
264,137,1.927007
366,203,1.802956
584,257,2.272374
75,51,1.470588
162,96,1.687500
28,20,1.400000
20,13,1.538462
189,117,1.615385
294,157,1.872611
180,114,1.578947
186,103,1.805825
130,85,1.529412
44,30,1.466667
0,1,0.000000
32,24,1.333333
28,20,1.400000
44,31,1.419355
256,135,1.896296
176,108,1.629630
1221,429,2.846154
38,25,1.520000
54,36,1.500000
147,100,1.470000
435,208,2.091346
117,75,1.560000
83,58,1.431034
128,81,1.580247
625,281,2.224199
32,25,1.280000
80,55,1.454545
400,197,2.030457
218,125,1.744000
211,113,1.867257
904,341,2.651026
55,38,1.447368
417,208,2.004808
219,125,1.752000
238,142,1.676056
1351,414,3.263285
317,149,2.127517
469,229,2.048035
632,264,2.393939
448,228,1.964912
1000,369,2.710027
272,131,2.076336
296,155,1.909677
158,92,1.717391
925,336,2.752976
384,186,2.064516
1014,364,2.785714
220,123,1.788618
0,1,0.000000
780,302,2.582781
105,71,1.478873
226,126,1.793651
259,145,1.786207
253,139,1.820144
187,102,1.833333
254,135,1.881481
283,146,1.938356
214,124,1.725806
20,15,1.333333
283,148,1.912162
358,187,1.914439
182,112,1.625000
939,358,2.622905
165,98,1.683673
171,103,1.660194
99,62,1.596774
6134,1005,6.103483
160,85,1.882353
472,213,2.215962
1654,510,3.243137
135,86,1.569767
295,149,1.979866
33,27,1.222222
40,29,1.379310
3205,735,4.360544
29,20,1.450000
82,50,1.640000
171,101,1.693069
87,59,1.474576
145,87,1.666667
282,154,1.831169
377,196,1.923469
953,351,2.715100
0,1,0.000000
875,336,2.604167
587,251,2.338645
95,62,1.532258
227,130,1.746154
38,26,1.461538
145,83,1.746988
509,236,2.156780
94,61,1.540984
852,320,2.662500
40,28,1.428571
514,240,2.141667
18,14,1.285714
208,112,1.857143
35,24,1.458333
193,112,1.723214
33,24,1.375000
131,74,1.770270
550,243,2.263374
384,192,2.000000
212,121,1.752066
59,41,1.439024
76,53,1.433962
134,88,1.522727
184,111,1.657658
438,216,2.027778
201,118,1.703390
160,98,1.632653
316,179,1.765363
17,14,1.214286
99,58,1.706897
479,217,2.207373
366,192,1.906250
11,9,1.222222
217,123,1.764228
27,21,1.285714
37,27,1.370370
597,239,2.497908
550,244,2.254098
16,12,1.333333
505,223,2.264574
910,339,2.684366
89,57,1.561404
134,87,1.540230
73,50,1.460000
10,8,1.250000
130,79,1.645570
42,30,1.400000
589,271,2.173432
29,21,1.380952
39,27,1.444444
486,226,2.150442
711,304,2.338816
913,357,2.557423
2288,646,3.541796
99,64,1.546875
603,248,2.431452
71,50,1.420000
361,183,1.972678
53,34,1.558824
164,97,1.690722
295,155,1.903226
222,122,1.819672
298,150,1.986667
160,95,1.684211
522,229,2.279476
855,325,2.630769
580,246,2.357724
288,161,1.788820
33,24,1.375000
177,99,1.787879
67,41,1.634146
104,66,1.575758
43,30,1.433333
14,10,1.400000
573,254,2.255906
151,93,1.623656
110,70,1.571429
56,41,1.365854
380,180,2.111111
619,280,2.210714
55,37,1.486486
39,27,1.444444
53,36,1.472222
155,85,1.823529
504,228,2.210526
305,166,1.837349
727,318,2.286164
30,22,1.363636
16,13,1.230769
205,110,1.863636
46,34,1.352941
252,139,1.812950
1231,426,2.889671
19,16,1.187500
52,37,1.405405
127,72,1.763889
126,80,1.575000
82,54,1.518519
48,32,1.500000
729,294,2.479592
260,133,1.954887
225,142,1.584507
35,26,1.346154
385,199,1.934673
293,146,2.006849
280,151,1.854305
1629,505,3.225743
23,17,1.352941
310,160,1.937500
424,205,2.068293
137,84,1.630952
351,182,1.928571
309,153,2.019608
198,113,1.752212
39,28,1.392857
165,96,1.718750
215,124,1.733871
82,56,1.464286
17,13,1.307692
261,157,1.662420
167,95,1.757895
64,42,1.523810
35,24,1.458333
265,151,1.754967
43,31,1.387097
363,183,1.983607
12,10,1.200000
374,191,1.958115
14,11,1.272727
539,246,2.191057
190,103,1.844660
55,37,1.486486
201,108,1.861111
145,93,1.559140
70,47,1.489362
8,6,1.333333
35,23,1.521739
95,61,1.557377
1025,390,2.628205
127,85,1.494118
227,121,1.876033
515,230,2.239130
9,8,1.125000
3,3,1.000000
104,64,1.625000
707,297,2.380471
375,176,2.130682
141,89,1.584270
290,162,1.790123
34,25,1.360000
80,54,1.481481
59,45,1.311111
83,56,1.482143
390,196,1.989796
82,51,1.607843
343,183,1.874317
162,96,1.687500
357,170,2.100000
51,35,1.457143
81,58,1.396552
156,95,1.642105
30,21,1.428571
357,181,1.972376
450,208,2.163462
456,221,2.063348
645,280,2.303571
231,132,1.750000
174,102,1.705882
758,312,2.429487
1684,508,3.314961
231,121,1.909091
267,144,1.854167
273,141,1.936170
455,211,2.156398
374,191,1.958115
11,9,1.222222
145,85,1.705882
122,78,1.564103
112,69,1.623188
166,104,1.596154
88,56,1.571429
245,132,1.856061
517,244,2.118852
61,40,1.525000
671,278,2.413669
13,11,1.181818
243,143,1.699301
1012,363,2.787879
454,212,2.141509
81,53,1.528302
250,145,1.724138
8,7,1.142857
108,65,1.661538
584,246,2.373984
265,142,1.866197
291,157,1.853503
119,79,1.506329
36,27,1.333333
189,111,1.702703
286,149,1.919463
45,33,1.363636
180,104,1.730769
86,57,1.508772
212,127,1.669291
388,197,1.969543
172,100,1.720000
309,162,1.907407
26,20,1.300000
10,8,1.250000
182,113,1.610619
60,42,1.428571
26,19,1.368421
334,169,1.976331
155,96,1.614583
28,21,1.333333
108,67,1.611940
1932,569,3.395431
183,101,1.811881
36,27,1.333333
743,303,2.452145
198,111,1.783784
739,286,2.583916
40795,2072,19.688707
289,151,1.913907
352,181,1.944751
147,94,1.563830
835,330,2.530303
441,222,1.986486
172,100,1.720000
660,274,2.408759
54,40,1.350000
1938,540,3.588889
179,109,1.642202
29,21,1.380952
108,71,1.521127
31,20,1.550000
686,288,2.381944
126,76,1.657895
7,6,1.166667
522,236,2.211864
63,46,1.369565
6,5,1.200000
36,26,1.384615
27,20,1.350000
43,28,1.535714
59,40,1.475000
52,35,1.485714
373,196,1.903061
4,4,1.000000
177,114,1.552632
329,164,2.006098
106,68,1.558824
691,300,2.303333
716,285,2.512281
117,78,1.500000
6,5,1.200000
385,189,2.037037
230,134,1.716418
452,204,2.215686
356,177,2.011299
91,56,1.625000
7,6,1.166667
34,23,1.478261
306,158,1.936709
234,130,1.800000
40,31,1.290323
1275,428,2.978972
10,7,1.428571
72,50,1.440000
581,261,2.226054
164,96,1.708333
976,363,2.688705
233,123,1.894309
352,178,1.977528
224,139,1.611511
353,167,2.113772
87,58,1.500000
990,381,2.598425
443,207,2.140097
48,33,1.454545
26,19,1.368421
59,38,1.552632
19,15,1.266667
37,27,1.370370
46,31,1.483871
74,53,1.396226
862,348,2.477011
8,7,1.142857
88,57,1.543860
493,223,2.210762
249,148,1.682432
107,67,1.597015
233,133,1.751880
172,105,1.638095
164,94,1.744681
17,14,1.214286
55,35,1.571429
52,30,1.733333
222,121,1.834711
75,49,1.530612
26,19,1.368421
116,66,1.757576
9,7,1.285714
470,217,2.165899
3,3,1.000000
16,13,1.230769
156,100,1.560000
1115,398,2.801508
165,103,1.601942
233,120,1.941667
134,77,1.740260
35,26,1.346154
1115,410,2.719512
176,106,1.660377
127,77,1.649351
308,168,1.833333
4051,855,4.738012
57,40,1.425000
202,118,1.711864
181,101,1.792079
292,153,1.908497
1146,406,2.822660
57,37,1.540541
153,94,1.627660
157,90,1.744444
177,103,1.718447
191,113,1.690265
27,20,1.350000
186,108,1.722222
120,74,1.621622
137,83,1.650602
483,224,2.156250
40,27,1.481481
595,262,2.270992
68,42,1.619048
47,34,1.382353
364,191,1.905759
680,290,2.344828
149,83,1.795181
945,354,2.669492
280,155,1.806452
440,218,2.018349
51,34,1.500000
505,236,2.139831
42,26,1.615385
606,245,2.473469
767,323,2.374613
415,186,2.231183
871,348,2.502874
119,69,1.724638
119,72,1.652778
266,146,1.821918
114,65,1.753846
32,23,1.391304
125,73,1.712329
454,217,2.092166
5,4,1.250000
121,77,1.571429
504,235,2.144681
287,156,1.839744
158,102,1.549020
50,31,1.612903
431,204,2.112745
72,48,1.500000
25,18,1.388889
387,187,2.069519
60,42,1.428571
282,155,1.819355
31,24,1.291667
268,139,1.928058
314,168,1.869048
78,52,1.500000
372,190,1.957895
306,151,2.026490
390,202,1.930693
245,133,1.842105
103,66,1.560606
257,125,2.056000
49,33,1.484848
2051,578,3.548443
134,82,1.634146
118,77,1.532468
24,19,1.263158
880,341,2.580645
132,82,1.609756
57,39,1.461538
184,107,1.719626
141,87,1.620690
43,30,1.433333
617,260,2.373077
39,27,1.444444
120,75,1.600000
450,209,2.153110
18,14,1.285714
59,37,1.594595
336,172,1.953488
498,222,2.243243
290,150,1.933333
395,203,1.945813
95,61,1.557377
187,111,1.684685
1055,372,2.836022
780,313,2.492013
240,135,1.777778
273,138,1.978261
1848,540,3.422222
166,102,1.627451
14,11,1.272727
1232,427,2.885246
200,110,1.818182
712,286,2.489510
230,126,1.825397
0,1,0.000000
585,270,2.166667
2342,616,3.801948
20,16,1.250000
2665,657,4.056317
104,72,1.444444
126,84,1.500000
159,91,1.747253
209,117,1.786325
60,43,1.395349
5,5,1.000000
166,101,1.643564
251,138,1.818841
70,44,1.590909
102,66,1.545455
412,202,2.039604
1089,386,2.821244
0,1,0.000000
14,11,1.272727
24,19,1.263158
342,178,1.921348
358,168,2.130952
57,42,1.357143
21,17,1.235294
55,42,1.309524
279,148,1.885135
644,276,2.333333
177,99,1.787879
0,1,0.000000
79,52,1.519231
71,44,1.613636
118,71,1.661972
155,89,1.741573
185,107,1.728972
153,88,1.738636
36,27,1.333333
411,207,1.985507
101,64,1.578125
115,75,1.533333
75,51,1.470588
454,210,2.161905
11,9,1.222222
24,19,1.263158
214,112,1.910714
20,16,1.250000
161,98,1.642857
126,77,1.636364
708,298,2.375839
93,61,1.524590
239,134,1.783582
254,140,1.814286
76,51,1.490196
10310,1267,8.137332
48,33,1.454545
2513,635,3.957480
48,34,1.411765
99,68,1.455882
104,66,1.575758
669,281,2.380783
164,96,1.708333
95,63,1.507937
53,39,1.358974
99,67,1.477612
92,60,1.533333
256,133,1.924812
342,183,1.868852
455,213,2.136150
22,16,1.375000
40,30,1.333333
12,9,1.333333
95,64,1.484375
95,65,1.461538
4,4,1.000000
552,245,2.253061
220,127,1.732283
25,16,1.562500
26,20,1.300000
89,54,1.648148
77,54,1.425926
387,191,2.026178
59,40,1.475000
19,14,1.357143
80,53,1.509434
111,71,1.563380
271,147,1.843537
49,35,1.400000
74,46,1.608696
870,339,2.566372
43,30,1.433333
150,89,1.685393
46,34,1.352941
452,216,2.092593
127,80,1.587500
115,74,1.554054
47,34,1.382353
112,74,1.513514
28,21,1.333333
1183,410,2.885366
431,210,2.052381
98,59,1.661017
189,107,1.766355
256,143,1.790210
93,59,1.576271
1319,437,3.018307
75,49,1.530612
161,90,1.788889
362,192,1.885417
45,30,1.500000
53,39,1.358974
13,11,1.181818
54,39,1.384615
637,270,2.359259
238,120,1.983333
304,151,2.013245
70,43,1.627907
40,28,1.428571
41,29,1.413793
261,147,1.775510
424,206,2.058252
10,7,1.428571
217,129,1.682171
52,38,1.368421
55,38,1.447368
18,13,1.384615
11,9,1.222222
219,125,1.752000
18,14,1.285714
9,7,1.285714
75,49,1.530612
485,229,2.117904
9,8,1.125000
22,17,1.294118
1072,391,2.741688
217,122,1.778689
360,182,1.978022
95,61,1.557377
241,133,1.812030
106,65,1.630769
352,190,1.852632
13,10,1.300000
90,58,1.551724
7,6,1.166667
12,10,1.200000
398,202,1.970297
148,85,1.741176
145,88,1.647727
75,50,1.500000
98,59,1.661017
301,162,1.858025
64,45,1.422222
85,55,1.545455
41,29,1.413793
122,77,1.584416
188,101,1.861386
147,87,1.689655
12,10,1.200000
47,34,1.382353
82,57,1.438596
18,14,1.285714
56,39,1.435897
84,53,1.584906
1552,496,3.129032
25,18,1.388889
173,104,1.663462
24,18,1.333333
141,85,1.658824
43,32,1.343750
281,145,1.937931
15,9,1.666667
19,14,1.357143
312,175,1.782857
268,155,1.729032
7,6,1.166667
296,153,1.934641
71,50,1.420000
69,48,1.437500
799,306,2.611111
51,31,1.645161
249,139,1.791367
20,16,1.250000
362,175,2.068571
16,12,1.333333
9,8,1.125000
12,10,1.200000
33,24,1.375000
105,65,1.615385
8,6,1.333333
75,48,1.562500
78,52,1.500000
43,30,1.433333
100,64,1.562500
1089,389,2.799486
25,18,1.388889
286,154,1.857143
163,102,1.598039
238,140,1.700000
16,12,1.333333
70,49,1.428571
156,92,1.695652
83,56,1.482143
18,14,1.285714
46,32,1.437500
4,4,1.000000
208,122,1.704918
76,54,1.407407
125,77,1.623377
45,32,1.406250
44,29,1.517241
64,45,1.422222
158,99,1.595960
316,162,1.950617
15,11,1.363636
89,65,1.369231
219,120,1.825000
302,166,1.819277
9,8,1.125000
0,1,0.000000
80,52,1.538462
234,122,1.918033
70,44,1.590909
560,254,2.204724
142,93,1.526882
33,24,1.375000
51,34,1.500000
497,224,2.218750
220,115,1.913043
279,141,1.978723
539,228,2.364035
200,105,1.904762
30,21,1.428571
37,27,1.370370
18,13,1.384615
607,274,2.215328
106,60,1.766667
79,51,1.549020
83,53,1.566038
3869,797,4.854454
837,332,2.521084
29,22,1.318182
22,16,1.375000
66,43,1.534884
57,40,1.425000
3,3,1.000000
255,141,1.808511
242,138,1.753623
33,23,1.434783
47,35,1.342857
36,24,1.500000
135,81,1.666667
48,35,1.371429
75,50,1.500000
71,46,1.543478
696,290,2.400000
85,60,1.416667
464,225,2.062222
203,128,1.585938
223,118,1.889831
202,105,1.923810
70,47,1.489362
58,41,1.414634
110,72,1.527778
56,40,1.400000
117,70,1.671429
113,74,1.527027
70,50,1.400000
1049,386,2.717617
310,161,1.925466
13,11,1.181818
74,51,1.450980
46,33,1.393939
136,87,1.563218
28,19,1.473684
83,57,1.456140
22,16,1.375000
218,128,1.703125
29,20,1.450000
319,161,1.981366
13,10,1.300000
65,47,1.382979
394,202,1.950495
863,321,2.688474
82,55,1.490909
1134,394,2.878173
46,33,1.393939
136,89,1.528090
14,10,1.400000
350,177,1.977401
41,29,1.413793
56,40,1.400000
14,11,1.272727
406,191,2.125654
19,15,1.266667
54,34,1.588235
195,103,1.893204
873,342,2.552632
28,20,1.400000
23,18,1.277778
228,129,1.767442
66,41,1.609756
63,45,1.400000
945,359,2.632312
23,18,1.277778
78,51,1.529412
293,156,1.878205
181,102,1.774510
77,49,1.571429
36,25,1.440000
33,25,1.320000
34,23,1.478261
569,252,2.257937
206,113,1.823009
140,85,1.647059
278,152,1.828947
25,20,1.250000
97,65,1.492308
38,25,1.520000
19,15,1.266667
149,100,1.490000
30,23,1.304348
154,97,1.587629
97,65,1.492308
207,117,1.769231
8,7,1.142857
406,206,1.970874
13,10,1.300000
34,24,1.416667
55,39,1.410256
70,49,1.428571
102,67,1.522388
68,43,1.581395
453,211,2.146919
16,12,1.333333
10,8,1.250000
49,33,1.484848
16,11,1.454545
13,10,1.300000
462,225,2.053333
103,64,1.609375
91,63,1.444444
91,55,1.654545
23,16,1.437500
121,67,1.805970
308,159,1.937107
143,90,1.588889
68,43,1.581395
137,85,1.611765
13,11,1.181818
18,14,1.285714
477,208,2.293269
28,19,1.473684
0,1,0.000000
77,55,1.400000
73,49,1.489796
61,40,1.525000
103,65,1.584615
257,141,1.822695
29,21,1.380952
26,17,1.529412
1182,398,2.969849
17,12,1.416667
107,69,1.550725
3,3,1.000000
78,55,1.418182
159,99,1.606061
11,9,1.222222
42,26,1.615385
140,82,1.707317
139,85,1.635294
11,8,1.375000
31,24,1.291667
266,145,1.834483
19,14,1.357143
96,60,1.600000
21,16,1.312500
150,98,1.530612
19,14,1.357143
13,10,1.300000
31,23,1.347826
39,30,1.300000
96,61,1.573770
48002,2170,22.120737
175,102,1.715686
188,108,1.740741
299,169,1.769231
405,203,1.995074
123,77,1.597403
249,139,1.791367
58,37,1.567568
35,25,1.400000
33485,1996,16.776052
359,174,2.063218
97,61,1.590164
20,15,1.333333
0,1,0.000000
97,62,1.564516
17,12,1.416667
112,72,1.555556
333,161,2.068323
388,189,2.052910
757,310,2.441935
364,180,2.022222
223,123,1.813008
187,107,1.747664
118,78,1.512821
119,75,1.586667
35,26,1.346154
64,45,1.422222
5,4,1.250000
0,1,0.000000
64,45,1.422222
35,26,1.346154
48,32,1.500000
89,56,1.589286
132,82,1.609756
68,44,1.545455
32,22,1.454545
1673,500,3.346000
33,23,1.434783
107,71,1.507042
121,77,1.571429
39,23,1.695652
6,5,1.200000
85,55,1.545455
11,9,1.222222
1549,497,3.116700
87,54,1.611111
505,225,2.244444
181,104,1.740385
44,27,1.629630
26,18,1.444444
38,26,1.461538
133,85,1.564706
634,262,2.419847
116,79,1.468354
146,88,1.659091
109,72,1.513889
120,71,1.690141
223,123,1.813008
190,106,1.792453
14,11,1.272727
0,1,0.000000
115,73,1.575342
317,158,2.006329
32,23,1.391304
119,68,1.750000
104,61,1.704918
112,75,1.493333
20,16,1.250000
53,36,1.472222
41,29,1.413793
1244,417,2.983213
177,103,1.718447
28,21,1.333333
10,8,1.250000
8,6,1.333333
161,96,1.677083
11,9,1.222222
138,89,1.550562
64,47,1.361702
45,31,1.451613
578,259,2.231660
5,4,1.250000
9,7,1.285714
27,22,1.227273
292,156,1.871795
78,54,1.444444
42,30,1.400000
71,50,1.420000
143,93,1.537634
78,53,1.471698
87,50,1.740000
375,188,1.994681
72,50,1.440000
34,25,1.360000
112,69,1.623188
54,37,1.459459
161,97,1.659794
12,10,1.200000
122,74,1.648649
27,18,1.500000
206,120,1.716667
410,199,2.060302
229,133,1.721805
57,39,1.461538
61,37,1.648649
80,49,1.632653
14,10,1.400000
80,51,1.568627
371,190,1.952632
13,10,1.300000
14,11,1.272727
115,72,1.597222
11,9,1.222222
158,94,1.680851
133,81,1.641975
111,71,1.563380
81,53,1.528302
220,125,1.760000
479,236,2.029661
268,144,1.861111
41,29,1.413793
313,168,1.863095
200,114,1.754386
202,121,1.669421
133,87,1.528736
217,124,1.750000
91,58,1.568966
66,47,1.404255
17,13,1.307692
759,314,2.417197
17,13,1.307692
16,13,1.230769
25,18,1.388889
115,69,1.666667
295,161,1.832298
121,82,1.475610
619,255,2.427451
114,70,1.628571
24,19,1.263158
41,28,1.464286
18,14,1.285714
32,25,1.280000
95,65,1.461538
254,140,1.814286
54,37,1.459459
94,61,1.540984
0,1,0.000000
538,234,2.299145
1516,484,3.132231
23,18,1.277778
4,4,1.000000
48,33,1.454545
25,18,1.388889
4,4,1.000000
32,23,1.391304
142,83,1.710843
204,112,1.821429
15,12,1.250000
51,31,1.645161
41,31,1.322581
30,22,1.363636
17,14,1.214286
14,11,1.272727
169,93,1.817204
122,82,1.487805
8,6,1.333333
32,24,1.333333
218,122,1.786885
51,35,1.457143
107,72,1.486111
238,122,1.950820
110,75,1.466667
161,91,1.769231
25,18,1.388889
43,27,1.592593
26,21,1.238095
70,46,1.521739
47,35,1.342857
103,65,1.584615
45,30,1.500000
47,31,1.516129
74,45,1.644444
44,31,1.419355
63,41,1.536585
233,135,1.725926
9708,1279,7.590305
6,5,1.200000
495,230,2.152174
133,87,1.528736
230,134,1.716418
57,39,1.461538
211,122,1.729508
138,85,1.623529
45,31,1.451613
70,48,1.458333
56,39,1.435897
73,51,1.431373
179,105,1.704762
141,90,1.566667
96,63,1.523810
339,166,2.042169
5,5,1.000000
33,24,1.375000
62,45,1.377778
47,33,1.424242
88,58,1.517241
20,15,1.333333
60,40,1.500000
64,46,1.391304
138,88,1.568182
6,5,1.200000
26,20,1.300000
55,36,1.527778
87,54,1.611111
91,61,1.491803
16,13,1.230769
63,45,1.400000
70,50,1.400000
14,10,1.400000
29,21,1.380952
51,32,1.593750
4,4,1.000000
32,21,1.523810
16,12,1.333333
81,57,1.421053
37,26,1.423077
236,136,1.735294
40,28,1.428571
254,139,1.827338
676,298,2.268456
144,91,1.582418
247,143,1.727273
74,52,1.423077
378,190,1.989474
263,138,1.905797
2,2,1.000000
63,44,1.431818
194,108,1.796296
497,231,2.151515
15,12,1.250000
142,87,1.632184
13,11,1.181818
1182,407,2.904177
186,104,1.788462
0,1,0.000000
60,43,1.395349
40,26,1.538462
136,78,1.743590
112,74,1.513514
91,59,1.542373
287,143,2.006993
35,25,1.400000
43,31,1.387097
20,16,1.250000
10,8,1.250000
58,42,1.380952
105,66,1.590909
25,18,1.388889
18,13,1.384615
115,67,1.716418
40,28,1.428571
31,21,1.476190
216,113,1.911504
162,98,1.653061
626,279,2.243728
71,48,1.479167
32,24,1.333333
147,93,1.580645
3452,742,4.652291
150,91,1.648352
21,17,1.235294
2034,567,3.587302
25,18,1.388889
200,107,1.869159
103,66,1.560606
42,29,1.448276
4,4,1.000000
151,95,1.589474
66,45,1.466667
150,93,1.612903
68,45,1.511111
394,199,1.979899
30,22,1.363636
118,71,1.661972
78,51,1.529412
45,33,1.363636
5,5,1.000000
152,91,1.670330
106,64,1.656250
31,23,1.347826
51,36,1.416667
204,115,1.773913
90,59,1.525424
22,17,1.294118
4,3,1.333333
99,65,1.523077
201,121,1.661157
5,5,1.000000
96,59,1.627119
22,18,1.222222
26,19,1.368421
68,48,1.416667
9,7,1.285714
26,17,1.529412
46,32,1.437500
107,70,1.528571
96,62,1.548387
173,108,1.601852
407,209,1.947368
86,58,1.482759
157,95,1.652632
360,184,1.956522
94,57,1.649123
21,16,1.312500
95,58,1.637931
290,146,1.986301
3,3,1.000000
47,34,1.382353
44,30,1.466667
31,23,1.347826
31,24,1.291667
468,208,2.250000
25,20,1.250000
78,55,1.418182
16,13,1.230769
45,33,1.363636
484,219,2.210046
36,27,1.333333
36,26,1.384615
24,18,1.333333
50,33,1.515152
210,121,1.735537
1003,371,2.703504
180,103,1.747573
35,26,1.346154
10,8,1.250000
41,30,1.366667
12,9,1.333333
467,222,2.103604
39,26,1.500000
34,27,1.259259
147,94,1.563830
86,51,1.686275
3,3,1.000000
3,3,1.000000
668,303,2.204620
1700,544,3.125000
0,1,0.000000
35,27,1.296296
66,46,1.434783
218,124,1.758065
9,8,1.125000
24,17,1.411765
165,97,1.701031
31,22,1.409091
14,11,1.272727
34,26,1.307692
12,10,1.200000
47,35,1.342857
130,82,1.585366
300,154,1.948052
29,22,1.318182
37,28,1.321429
150,91,1.648352
8,7,1.142857
108,72,1.500000
178,106,1.679245
125,69,1.811594
159,90,1.766667
124,82,1.512195
390,185,2.108108
24,18,1.333333
83,56,1.482143
40,28,1.428571
22,17,1.294118
115,70,1.642857
142,91,1.560440
28,21,1.333333
76,53,1.433962
61,41,1.487805
144,86,1.674419
20,15,1.333333
54,33,1.636364
23,18,1.277778
47,31,1.516129
11,8,1.375000
42,30,1.400000
106,66,1.606061
64,43,1.488372
49,34,1.441176
158,100,1.580000
65,48,1.354167
22,17,1.294118
195,113,1.725664
7,6,1.166667
189,105,1.800000
76,52,1.461538
11,9,1.222222
82,50,1.640000
43,31,1.387097
119,75,1.586667
53,35,1.514286
142,87,1.632184
29,20,1.450000
85,62,1.370968
27,21,1.285714
97,59,1.644068
32,22,1.454545
267,149,1.791946
4,4,1.000000
13,9,1.444444
92,64,1.437500
5,5,1.000000
10,9,1.111111
273,133,2.052632
24,18,1.333333
93,59,1.576271
24,17,1.411765
9,8,1.125000
23,16,1.437500
70,48,1.458333
55,41,1.341463
22,16,1.375000
331,162,2.043210
93,62,1.500000
38,26,1.461538
8,7,1.142857
169,96,1.760417
26,19,1.368421
10,9,1.111111
71,49,1.448980
109,72,1.513889
57,39,1.461538
6,5,1.200000
115,71,1.619718
157,93,1.688172
43,30,1.433333
131,83,1.578313
243,130,1.869231
24,19,1.263158
3,3,1.000000
454,217,2.092166
189,107,1.766355
3,3,1.000000
55,41,1.341463
0,1,0.000000
90,58,1.551724
6,5,1.200000
25,18,1.388889
216,136,1.588235
2188,599,3.652755
49,34,1.441176
51,38,1.342105
44,32,1.375000
208,115,1.808696
42,28,1.500000
18,14,1.285714
152,88,1.727273
122,81,1.506173
48,33,1.454545
86,57,1.508772
20,16,1.250000
191,109,1.752294
81,54,1.500000
4,4,1.000000
1170,420,2.785714
97,58,1.672414
97,59,1.644068
38,28,1.357143
108,69,1.565217
38,28,1.357143
38,27,1.407407
189,110,1.718182
57,41,1.390244
23,16,1.437500
42,32,1.312500
40,24,1.666667
46,32,1.437500
134,84,1.595238
4,4,1.000000
603,250,2.412000
49,35,1.400000
83,51,1.627451
321,166,1.933735
16,11,1.454545
20,15,1.333333
193,119,1.621849
8,7,1.142857
37,24,1.541667
25,19,1.315789
42,30,1.400000
18,14,1.285714
7,6,1.166667
13,9,1.444444
62,39,1.589744
183,118,1.550847
19,14,1.357143
30,22,1.363636
507,224,2.263393
65,44,1.477273
41,28,1.464286
7,6,1.166667
12,9,1.333333
194,115,1.686957
71,48,1.479167
18,12,1.500000
7266,1104,6.581522
232,124,1.870968
37,27,1.370370
32,22,1.454545
5,5,1.000000
28,20,1.400000
243,125,1.944000
47,34,1.382353
0,1,0.000000
24,17,1.411765
320,161,1.987578
77,52,1.480769
0,1,0.000000
49,36,1.361111
7,6,1.166667
80,53,1.509434
32,22,1.454545
81,52,1.557692
11,9,1.222222
0,1,0.000000
37,28,1.321429
70,45,1.555556
1081,366,2.953552
2,2,1.000000
31,21,1.476190
166,91,1.824176
288,156,1.846154
89,56,1.589286
8,7,1.142857
75,52,1.442308
7,6,1.166667
14,12,1.166667
167,94,1.776596
263,135,1.948148
0,1,0.000000
10,9,1.111111
53,37,1.432432
23,17,1.352941
116,78,1.487179
59,41,1.439024
5,5,1.000000
119,74,1.608108
82,54,1.518519
5,4,1.250000
17,14,1.214286
25,20,1.250000
29,21,1.380952
186,111,1.675676
9,8,1.125000
46,33,1.393939
295,159,1.855346
0,1,0.000000
3,3,1.000000
212,112,1.892857
7,6,1.166667
47,35,1.342857
13,9,1.444444
25,20,1.250000
76,48,1.583333
40,32,1.250000
35,26,1.346154
21,17,1.235294
0,1,0.000000
37,27,1.370370
17,14,1.214286
96,64,1.500000
27,20,1.350000
22,17,1.294118
173,106,1.632075
91,59,1.542373
0,1,0.000000
76,51,1.490196
30,22,1.363636
0,1,0.000000
16,13,1.230769
3,3,1.000000
240,129,1.860465
30,21,1.428571
26,19,1.368421
35,22,1.590909
41,28,1.464286
68,45,1.511111
53,36,1.472222
31,22,1.409091
20,15,1.333333
20,13,1.538462
30,23,1.304348
40,28,1.428571
14,11,1.272727
18,15,1.200000
31,22,1.409091
10,8,1.250000
28,21,1.333333
0,1,0.000000
31,22,1.409091
122,76,1.605263
15,12,1.250000
13,10,1.300000
147,86,1.709302
18,14,1.285714
473,239,1.979079
57,41,1.390244
30,22,1.363636
0,1,0.000000
12,9,1.333333
0,1,0.000000
37,25,1.480000
11,9,1.222222
20,16,1.250000
27,20,1.350000
15,12,1.250000
48,34,1.411765
158,89,1.775281
0,1,0.000000
27,20,1.350000
37,28,1.321429
264,139,1.899281
27,20,1.350000
4,4,1.000000
10,8,1.250000
111,70,1.585714
254,138,1.840580
10,8,1.250000
20,16,1.250000
6,5,1.200000
11,9,1.222222
50,34,1.470588
4,4,1.000000
26,20,1.300000
9,7,1.285714
57,40,1.425000
12,10,1.200000
18,12,1.500000
31,23,1.347826
5,4,1.250000
87,57,1.526316
9,8,1.125000
56,41,1.365854
57,42,1.357143
102,64,1.593750
72,45,1.600000
84,57,1.473684
57,40,1.425000
25,19,1.315789
37,25,1.480000
13,11,1.181818
173,96,1.802083
52,34,1.529412
30,23,1.304348
40,29,1.379310
208,123,1.691057
46,34,1.352941
26,21,1.238095
33,24,1.375000
54,32,1.687500
136,81,1.679012
3,3,1.000000
6706,1083,6.192059
3758,822,4.571776
11,9,1.222222
208,117,1.777778
163,99,1.646465
4,4,1.000000
548,250,2.192000
24,17,1.411765
154,95,1.621053
46,33,1.393939
28,22,1.272727
11,8,1.375000
2,2,1.000000
4,4,1.000000
104,65,1.600000
234,129,1.813953
54,37,1.459459
11,9,1.222222
42,33,1.272727
66,46,1.434783
14,11,1.272727
42,29,1.448276
138,87,1.586207
33,24,1.375000
0,1,0.000000
41,26,1.576923
9,7,1.285714
142,87,1.632184
10,8,1.250000
173,100,1.730000
15,10,1.500000
32,22,1.454545
31,24,1.291667
13,9,1.444444
2,2,1.000000
47,34,1.382353
145,88,1.647727
37,25,1.480000
60,38,1.578947
145,87,1.666667
48,33,1.454545
12,10,1.200000
32,24,1.333333
33,24,1.375000
19,14,1.357143
38,26,1.461538
84,56,1.500000
40,30,1.333333
19,15,1.266667
52,38,1.368421
4,4,1.000000
4,4,1.000000
32,25,1.280000
145,85,1.705882
25,17,1.470588
33,21,1.571429
53,38,1.394737
34,25,1.360000
13,10,1.300000
65,44,1.477273
13,11,1.181818
78,52,1.500000
15,11,1.363636
218,114,1.912281
97,61,1.590164
16,12,1.333333
39,28,1.392857
50,37,1.351351
22,17,1.294118
290,154,1.883117
34,24,1.416667
47,32,1.468750
13,10,1.300000
32,22,1.454545
165,91,1.813187
17,11,1.545455
47,34,1.382353
24,18,1.333333
2,2,1.000000
63,43,1.465116
119,72,1.652778
44,32,1.375000
181,105,1.723810
1558,464,3.357759
64,44,1.454545
98,67,1.462687
129,89,1.449438
19,15,1.266667
40,28,1.428571
59,36,1.638889
30,22,1.363636
145,84,1.726190
181,108,1.675926
20,16,1.250000
46,30,1.533333
49,32,1.531250
59,38,1.552632
11,9,1.222222
47,35,1.342857
49,34,1.441176
4,4,1.000000
19,12,1.583333
177,106,1.669811
18,15,1.200000
238,129,1.844961
6,5,1.200000
9,8,1.125000
361,175,2.062857
13,10,1.300000
81,57,1.421053
70,48,1.458333
56,36,1.555556
12,10,1.200000
428,216,1.981481
168,104,1.615385
96,58,1.655172
50,37,1.351351
33,24,1.375000
34,23,1.478261
5,5,1.000000
63,43,1.465116
86,59,1.457627
70,43,1.627907
505,237,2.130802
41,30,1.366667
19,15,1.266667
8,7,1.142857
7,6,1.166667
55,40,1.375000
3,3,1.000000
94,62,1.516129
32,23,1.391304
21,17,1.235294
96,62,1.548387
53,39,1.358974
4,4,1.000000
10,8,1.250000
120,71,1.690141
271,137,1.978102
29,22,1.318182
129,81,1.592593
54,41,1.317073
48,32,1.500000
223,126,1.769841
3,2,1.500000
12,10,1.200000
69,45,1.533333
19,15,1.266667
0,1,0.000000
503,248,2.028226
36,27,1.333333
30,20,1.500000
3,3,1.000000
19,15,1.266667
61,42,1.452381
46,34,1.352941
137,84,1.630952
30,22,1.363636
34,25,1.360000
26,19,1.368421
166,96,1.729167
384,189,2.031746
3,3,1.000000
68,48,1.416667
62,41,1.512195
112,72,1.555556
53,37,1.432432
23,13,1.769231
22,15,1.466667
52,36,1.444444
72,48,1.500000
21,17,1.235294
722,299,2.414716
5544,981,5.651376
61,44,1.386364
76,48,1.583333
16,13,1.230769
60,42,1.428571
166,98,1.693878
48,34,1.411765
8,7,1.142857
10,9,1.111111
43,31,1.387097
8,7,1.142857
4,4,1.000000
134,83,1.614458
60,38,1.578947
9,8,1.125000
36,27,1.333333
116,73,1.589041
28,20,1.400000
25,17,1.470588
102,62,1.645161
11,9,1.222222
47,36,1.305556
13,10,1.300000
32,19,1.684211
48,34,1.411765
7,6,1.166667
182,106,1.716981
4,4,1.000000
32,22,1.454545
65,44,1.477273
22,17,1.294118
68,47,1.446809
5,5,1.000000
142,87,1.632184
39,29,1.344828
108,71,1.521127
9,8,1.125000
36,27,1.333333
11,9,1.222222
15,12,1.250000
53,37,1.432432
41,28,1.464286
45,28,1.607143
9,8,1.125000
93,64,1.453125
55,37,1.486486
65,45,1.444444
19,15,1.266667
18,14,1.285714
30,22,1.363636
18,14,1.285714
25,19,1.315789
156,95,1.642105
14,10,1.400000
9,7,1.285714
86,59,1.457627
17,14,1.214286
5,5,1.000000
0,1,0.000000
5,5,1.000000
59,39,1.512821
24,19,1.263158
29,22,1.318182
120,68,1.764706
43,29,1.482759
11,8,1.375000
45,32,1.406250
3,3,1.000000
138,84,1.642857
81,56,1.446429
31,22,1.409091
53,35,1.514286
69,48,1.437500
7,6,1.166667
89,60,1.483333
36,26,1.384615
12,10,1.200000
44,32,1.375000
468,212,2.207547
315,166,1.897590
25,20,1.250000
33,20,1.650000
469,202,2.321782
0,1,0.000000
52,39,1.333333
54,34,1.588235
6,5,1.200000
35,27,1.296296
51,31,1.645161
29,21,1.380952
60,42,1.428571
69,49,1.408163
10,8,1.250000
6,5,1.200000
43,31,1.387097
19,15,1.266667
50,38,1.315789
41,27,1.518519
72,53,1.358491
89,59,1.508475
39,27,1.444444
45,34,1.323529
67,45,1.488889
36,27,1.333333
47,33,1.424242
14,11,1.272727
30,23,1.304348
35,24,1.458333
20,14,1.428571
46,34,1.352941
17,14,1.214286
4,4,1.000000
33,23,1.434783
40,28,1.428571
92,57,1.614035
35,26,1.346154
85,55,1.545455
64,41,1.560976
97,63,1.539683
19,12,1.583333
162,94,1.723404
29,22,1.318182
39,29,1.344828
45,29,1.551724
49,32,1.531250
26,19,1.368421
53,37,1.432432
82,59,1.389831
278,158,1.759494
7,6,1.166667
25,16,1.562500
5,5,1.000000
16,13,1.230769
8,6,1.333333
58,39,1.487179
258,144,1.791667
66,47,1.404255
13,11,1.181818
54,39,1.384615
19,15,1.266667
26,20,1.300000
10,8,1.250000
56,42,1.333333
74,51,1.450980
35,26,1.346154
3,3,1.000000
928,355,2.614085
9,8,1.125000
70,46,1.521739
104,60,1.733333
13,11,1.181818
10,8,1.250000
58,41,1.414634
11,9,1.222222
19,15,1.266667
4,4,1.000000
30,22,1.363636
1010,385,2.623377
18,14,1.285714
8,7,1.142857
17,12,1.416667
47,34,1.382353
0,1,0.000000
5,4,1.250000
24,18,1.333333
7,6,1.166667
10,8,1.250000
49,36,1.361111
47,32,1.468750
20,16,1.250000
52,33,1.575758
32,22,1.454545
100,63,1.587302
60,42,1.428571
53,35,1.514286
15,11,1.363636
12,9,1.333333
0,1,0.000000
161,102,1.578431
18,14,1.285714
157,90,1.744444
16,12,1.333333
287,155,1.851613
61,45,1.355556
65,42,1.547619
23,17,1.352941
41,26,1.576923
7,6,1.166667
296,160,1.850000
328,169,1.940828
31,23,1.347826
23,18,1.277778
84,53,1.584906
4,4,1.000000
13,10,1.300000
21,16,1.312500
30,23,1.304348
31,22,1.409091
5,5,1.000000
11,9,1.222222
0,1,0.000000
40,26,1.538462
0,1,0.000000
60,40,1.500000
11,9,1.222222
38,23,1.652174
160,97,1.649485
30,23,1.304348
5,5,1.000000
0,1,0.000000
3,3,1.000000
3,3,1.000000
14,12,1.166667
176,97,1.814433
51,37,1.378378
9,7,1.285714
8,7,1.142857
3,3,1.000000
6,5,1.200000
17,14,1.214286
54,35,1.542857
0,1,0.000000
16,13,1.230769
39,29,1.344828
27,19,1.421053
190,113,1.681416
8,7,1.142857
15,11,1.363636
9,8,1.125000
46,33,1.393939
66,41,1.609756
87,58,1.500000
264,145,1.820690
5,5,1.000000
25,20,1.250000
8,7,1.142857
27,20,1.350000
147,88,1.670455
48,35,1.371429
41,29,1.413793
0,1,0.000000
314,154,2.038961
36,26,1.384615
3,3,1.000000
12,10,1.200000
7,6,1.166667
48,35,1.371429
19,15,1.266667
8,7,1.142857
13,11,1.181818
23,18,1.277778
28,19,1.473684
21,16,1.312500
8,7,1.142857
55,42,1.309524
0,1,0.000000
3,3,1.000000
120,73,1.643836
19,15,1.266667
7,6,1.166667
5,5,1.000000
43,31,1.387097
45,31,1.451613
14,12,1.166667
24,20,1.200000
6,5,1.200000
33,22,1.500000
2,2,1.000000
4,4,1.000000
18,13,1.384615
0,1,0.000000
25,19,1.315789
21,15,1.400000
71,48,1.479167
13,11,1.181818
47,32,1.468750
19,15,1.266667
4093,833,4.913565
11,9,1.222222
3,3,1.000000
90,58,1.551724
131,82,1.597561
16,13,1.230769
6,5,1.200000
52,35,1.485714
16,12,1.333333
158,88,1.795455
172,101,1.702970
14,12,1.166667
7,6,1.166667
4,4,1.000000
7,6,1.166667
69,43,1.604651
45,32,1.406250
31,22,1.409091
29,22,1.318182
339,175,1.937143
34,24,1.416667
78,54,1.444444
35,26,1.346154
23,16,1.437500
38,27,1.407407
5,4,1.250000
279,162,1.722222
8,6,1.333333
21,16,1.312500
162,109,1.486239
102,68,1.500000
112,74,1.513514
9,7,1.285714
74,48,1.541667
4,4,1.000000
9,7,1.285714
4,4,1.000000
14,12,1.166667
32,25,1.280000
65,39,1.666667
50,34,1.470588
56,36,1.555556
19,15,1.266667
503,224,2.245536
10,9,1.111111
86,60,1.433333
10,8,1.250000
26,21,1.238095
32,21,1.523810
70,46,1.521739
28,21,1.333333
31,24,1.291667
3,3,1.000000
29,19,1.526316
18,13,1.384615
38,26,1.461538
0,1,0.000000
10,8,1.250000
41,31,1.322581
3,3,1.000000
19,13,1.461538
15,12,1.250000
69,42,1.642857
8,7,1.142857
74,50,1.480000
27,19,1.421053
24,18,1.333333
21,17,1.235294
8,6,1.333333
127,79,1.607595
29,22,1.318182
14,11,1.272727
8,7,1.142857
4,4,1.000000
3,3,1.000000
36,26,1.384615
30,22,1.363636
78,54,1.444444
48,32,1.500000
15,13,1.153846
3,3,1.000000
139,86,1.616279
26,19,1.368421
22,17,1.294118
46,32,1.437500
3,3,1.000000
3,3,1.000000
7,6,1.166667
9,7,1.285714
11,8,1.375000
22,17,1.294118
29,22,1.318182
0,1,0.000000
90,57,1.578947
362,192,1.885417
18,13,1.384615
0,1,0.000000
10,8,1.250000
211,112,1.883929
3,3,1.000000
36,25,1.440000
18,13,1.384615
15,12,1.250000
29,21,1.380952
90,62,1.451613
130,82,1.585366
38,27,1.407407
19,13,1.461538
0,1,0.000000
11,9,1.222222
16,11,1.454545
0,1,0.000000
31,23,1.347826
31,19,1.631579
27,21,1.285714
65,42,1.547619
11,8,1.375000
44,32,1.375000
97,65,1.492308
82,56,1.464286
0,1,0.000000
7,6,1.166667
17,13,1.307692
0,1,0.000000
0,1,0.000000
26,20,1.300000
8,7,1.142857
24,17,1.411765
14,11,1.272727
8,7,1.142857
14,12,1.166667
9,7,1.285714
17,12,1.416667
7,6,1.166667
0,1,0.000000
47,34,1.382353
68,42,1.619048
7,6,1.166667
49,32,1.531250
63,44,1.431818
2,2,1.000000
47,34,1.382353
10,9,1.111111
20,15,1.333333
34,25,1.360000
17,12,1.416667
37,25,1.480000
0,1,0.000000
0,1,0.000000
40,30,1.333333
22,17,1.294118
5,5,1.000000
3,3,1.000000
6,5,1.200000
5,5,1.000000
0,1,0.000000
16,12,1.333333
12,10,1.200000
7,6,1.166667
3,3,1.000000
13,11,1.181818
15,9,1.666667
4,4,1.000000
0,1,0.000000
50,37,1.351351
13,11,1.181818
3,3,1.000000
0,1,0.000000
55,38,1.447368
46,33,1.393939
53,38,1.394737
16,12,1.333333
0,1,0.000000
25,19,1.315789
5,5,1.000000
4,4,1.000000
0,1,0.000000
2,2,1.000000
0,1,0.000000
35,26,1.346154
37,27,1.370370
68,47,1.446809
0,1,0.000000
5,5,1.000000
59,43,1.372093
163,97,1.680412
5,5,1.000000
0,1,0.000000
0,1,0.000000
16,12,1.333333
7,5,1.400000
0,1,0.000000
0,1,0.000000
20,15,1.333333
0,1,0.000000
3,3,1.000000
10,8,1.250000
3,3,1.000000
