num_hes,num_nodes,egonet density
3498,242,14.454545
2074,166,12.493976
799,126,6.341270
3990,148,26.959459
1143,129,8.860465
173,64,2.703125
14,18,0.777778
623,97,6.422680
29,36,0.805556
9690,299,32.408027
3115,177,17.598870
1487,155,9.593548
3095,181,17.099448
4278,184,23.250000
1109,120,9.241667
4702,141,33.347518
2981,141,21.141844
3306,134,24.671642
17562,141,124.553191
10560,141,74.893617
604,148,4.081081
68,64,1.062500
62,59,1.050847
90,70,1.285714
1675,195,8.589744
197,92,2.141304
1427,157,9.089172
3641,174,20.925287
1086,146,7.438356
4573,192,23.817708
199,94,2.117021
204,102,2.000000
170,103,1.650485
85,70,1.214286
45429,143,317.685315
38,33,1.151515
7240,139,52.086331
4434,132,33.590909
445,95,4.684211
1413,130,10.869231
1,4,0.250000
685,115,5.956522
2168,197,11.005076
77,55,1.400000
323,166,1.945783
89,64,1.390625
522,230,2.269565
2133,271,7.870849
53,76,0.697368
885,249,3.554217
146,130,1.123077
284,176,1.613636
257,154,1.668831
987,144,6.854167
909,141,6.446809
189,131,1.442748
175,124,1.411290
9248,139,66.532374
4690,132,35.530303
1001,109,9.183486
7705,274,28.120438
443,111,3.990991
2088,171,12.210526
3464,185,18.724324
1090,148,7.364865
484,90,5.377778
158,80,1.975000
101,66,1.530303
2711,170,15.947059
3313,128,25.882812
4207,135,31.162963
15722,142,110.718310
722,206,3.504854
136,121,1.123967
308,167,1.844311
2859,333,8.585586
181,129,1.403101
868,108,8.037037
171,62,2.758065
996,117,8.512821
19,31,0.612903
3107,177,17.553672
2359,126,18.722222
1058,116,9.120690
8351,137,60.956204
18,21,0.857143
2551,130,19.623077
563,208,2.706731
583,203,2.871921
3414,291,11.731959
405,184,2.201087
366,203,1.802956
1376,156,8.820513
1426,150,9.506667
69,56,1.232143
435,110,3.954545
490,83,5.903614
235,74,3.175676
1581,125,12.648000
60,40,1.500000
717,108,6.638889
14,22,0.636364
136,71,1.915493
411,119,3.453782
244,73,3.342466
425,79,5.379747
2816,129,21.829457
262,66,3.969697
377,178,2.117978
201,87,2.310345
75,62,1.209677
907,225,4.031111
100,42,2.380952
211,67,3.149254
272,80,3.400000
175,66,2.651515
1573,119,13.218487
3012,140,21.514286
217,87,2.494253
117,63,1.857143
1076,153,7.032680
21,30,0.700000
4396,135,32.562963
1833,131,13.992366
5313,142,37.415493
2517,135,18.644444
130,66,1.969697
768,249,3.084337
200,154,1.298701
900,231,3.896104
293,113,2.592920
370,115,3.217391
8,16,0.500000
318,76,4.184211
345,108,3.194444
247,102,2.421569
11,23,0.478261
33,41,0.804878
3,11,0.272727
759,236,3.216102
121,84,1.440476
42,33,1.272727
45,42,1.071429
686,112,6.125000
388,79,4.911392
320,94,3.404255
434,91,4.769231
695,107,6.495327
2777,171,16.239766
169,87,1.942529
175,82,2.134146
2655,230,11.543478
1522,158,9.632911
758,142,5.338028
316,78,4.051282
1471,125,11.768000
841,174,4.833333
3211,184,17.451087
900,111,8.108108
7479,142,52.669014
1458,120,12.150000
495,94,5.265957
939,103,9.116505
2480,139,17.841727
1131,121,9.347107
998,118,8.457627
306,80,3.825000
72,46,1.565217
131,63,2.079365
920,141,6.524823
392,113,3.469027
221,93,2.376344
101,73,1.383562
162,148,1.094595
551,98,5.622449
1580,266,5.939850
24,32,0.750000
197,129,1.527132
1910,289,6.608997
557,97,5.742268
253,80,3.162500
1453,135,10.762963
410,96,4.270833
213,74,2.878378
3,8,0.375000
1256,151,8.317881
1973,174,11.339080
1426,204,6.990196
145,80,1.812500
19,22,0.863636
39,33,1.181818
452,140,3.228571
2947,203,14.517241
1583,185,8.556757
299,79,3.784810
116,69,1.681159
165,67,2.462687
256,110,2.327273
655,246,2.662602
100,106,0.943396
230,94,2.446809
315,110,2.863636
877,249,3.522088
504,227,2.220264
811,164,4.945122
952,169,5.633136
123,56,2.196429
1754,156,11.243590
154,128,1.203125
200,147,1.360544
27,32,0.843750
1038,129,8.046512
139,60,2.316667
703,157,4.477707
164,130,1.261538
1758,263,6.684411
256,167,1.532934
2781,275,10.112727
627,206,3.043689
119,71,1.676056
149,89,1.674157
48,46,1.043478
870,105,8.285714
249,169,1.473373
482,90,5.355556
2150,193,11.139896
112,59,1.898305
113,72,1.569444
4730,191,24.764398
489,101,4.841584
73,85,0.858824
247,84,2.940476
24,26,0.923077
228,84,2.714286
1235,120,10.291667
428,121,3.537190
81,64,1.265625
676,131,5.160305
2307,171,13.491228
30,35,0.857143
684,240,2.850000
15,32,0.468750
488,118,4.135593
1384,185,7.481081
63,55,1.145455
32,35,0.914286
813,155,5.245161
182,81,2.246914
165,80,2.062500
208,92,2.260870
614,102,6.019608
568,85,6.682353
269,84,3.202381
454,216,2.101852
21,33,0.636364
54,56,0.964286
224,90,2.488889
230,99,2.323232
973,108,9.009259
561,98,5.724490
238,69,3.449275
291,103,2.825243
692,132,5.242424
42,43,0.976744
126,80,1.575000
1023,162,6.314815
1141,168,6.791667
200,90,2.222222
12,21,0.571429
100,74,1.351351
113,62,1.822581
812,101,8.039604
213,90,2.366667
101,69,1.463768
79,59,1.338983
61,53,1.150943
329,106,3.103774
16,33,0.484848
337,194,1.737113
146,128,1.140625
14,18,0.777778
44,29,1.517241
33,32,1.031250
96,56,1.714286
114,117,0.974359
101,104,0.971154
94,63,1.492063
79,50,1.580000
2268,124,18.290323
67,104,0.644231
249,75,3.320000
36,58,0.620690
1339,118,11.347458
92,87,1.057471
21,27,0.777778
7,17,0.411765
100,65,1.538462
595,213,2.793427
182,134,1.358209
87,100,0.870000
734,217,3.382488
67,87,0.770115
479,92,5.206522
970,117,8.290598
135,55,2.454545
36,27,1.333333
125,58,2.155172
138,56,2.464286
502,135,3.718519
82,72,1.138889
36,47,0.765957
64,52,1.230769
403,113,3.566372
236,80,2.950000
666,119,5.596639
59,46,1.282609
100,112,0.892857
433,121,3.578512
539,130,4.146154
18,32,0.562500
110,54,2.037037
18,21,0.857143
298,80,3.725000
403,80,5.037500
116,58,2.000000
18,20,0.900000
309,85,3.635294
295,74,3.986486
106,50,2.120000
15,22,0.681818
1857,128,14.507812
721,99,7.282828
32,60,0.533333
195,154,1.266234
183,100,1.830000
605,101,5.990099
463,225,2.057778
484,220,2.200000
149,137,1.087591
169,75,2.253333
608,116,5.241379
49,47,1.042553
219,92,2.380435
142,75,1.893333
49,51,0.960784
34,36,0.944444
110,86,1.279070
477,137,3.481752
85,61,1.393443
27,34,0.794118
276,75,3.680000
78,44,1.772727
201,72,2.791667
213,154,1.383117
633,127,4.984252
9,15,0.600000
12,21,0.571429
504,123,4.097561
19,27,0.703704
174,67,2.597015
256,148,1.729730
186,130,1.430769
338,188,1.797872
820,111,7.387387
269,78,3.448718
201,72,2.791667
260,92,2.826087
160,119,1.344538
84,70,1.200000
167,93,1.795699
8,17,0.470588
115,61,1.885246
117,59,1.983051
158,77,2.051948
95,69,1.376812
44,41,1.073171
93,79,1.177215
92,103,0.893204
276,157,1.757962
435,204,2.132353
22,34,0.647059
122,78,1.564103
168,84,2.000000
23,33,0.696970
65,54,1.203704
138,67,2.059701
174,84,2.071429
61,46,1.326087
137,72,1.902778
212,142,1.492958
153,125,1.224000
131,78,1.679487
2,6,0.333333
26,36,0.722222
228,92,2.478261
53,50,1.060000
108,67,1.611940
81,54,1.500000
55,42,1.309524
337,79,4.265823
59,54,1.092593
133,82,1.621951
313,81,3.864198
145,76,1.907895
214,85,2.517647
676,148,4.567568
135,78,1.730769
314,109,2.880734
258,90,2.866667
100,98,1.020408
189,141,1.340426
120,75,1.600000
78,62,1.258065
37,42,0.880952
649,103,6.300971
40,54,0.740741
53,64,0.828125
46,63,0.730159
61,42,1.452381
3,8,0.375000
107,78,1.371795
32,34,0.941176
450,108,4.166667
248,93,2.666667
26,39,0.666667
194,71,2.732394
152,63,2.412698
84,48,1.750000
115,74,1.554054
32,32,1.000000
147,93,1.580645
266,108,2.462963
285,107,2.663551
74,54,1.370370
108,114,0.947368
236,75,3.146667
79,95,0.831579
127,125,1.016000
48,78,0.615385
217,105,2.066667
646,108,5.981481
149,92,1.619565
281,116,2.422414
308,94,3.276596
153,80,1.912500
14,25,0.560000
190,68,2.794118
24,25,0.960000
182,146,1.246575
84,77,1.090909
209,73,2.863014
865,101,8.564356
373,81,4.604938
26,51,0.509804
35,48,0.729167
301,104,2.894231
43,50,0.860000
48,49,0.979592
102,66,1.545455
27,37,0.729730
88,42,2.095238
18,26,0.692308
71,63,1.126984
10,18,0.555556
85,58,1.465517
132,60,2.200000
106,110,0.963636
169,65,2.600000
81,56,1.446429
99,66,1.500000
333,117,2.846154
193,66,2.924242
102,54,1.888889
81,58,1.396552
304,164,1.853659
238,103,2.310680
68,56,1.214286
96,53,1.811321
80,58,1.379310
487,136,3.580882
6,19,0.315789
300,121,2.479339
371,88,4.215909
109,75,1.453333
62,57,1.087719
70,53,1.320755
7,20,0.350000
320,172,1.860465
293,81,3.617284
254,94,2.702128
75,54,1.388889
107,76,1.407895
885,100,8.850000
30,33,0.909091
174,88,1.977273
850,151,5.629139
503,118,4.262712
167,81,2.061728
82,52,1.576923
61,35,1.742857
31,35,0.885714
36,33,1.090909
56,54,1.037037
4,9,0.444444
63,48,1.312500
496,195,2.543590
116,103,1.126214
310,167,1.856287
106,54,1.962963
99,107,0.925234
163,84,1.940476
38,50,0.760000
25,41,0.609756
117,90,1.300000
359,131,2.740458
179,147,1.217687
61,70,0.871429
306,177,1.728814
137,71,1.929577
5,12,0.416667
344,104,3.307692
341,113,3.017699
265,77,3.441558
237,93,2.548387
161,82,1.963415
95,79,1.202532
99,76,1.302632
18,29,0.620690
215,154,1.396104
71,63,1.126984
2,6,0.333333
337,112,3.008929
23,41,0.560976
12,30,0.400000
224,87,2.574713
198,91,2.175824
60,67,0.895522
165,141,1.170213
24,26,0.923077
34,46,0.739130
107,47,2.276596
292,137,2.131387
942,161,5.850932
394,212,1.858491
13,22,0.590909
471,89,5.292135
90,53,1.698113
50,44,1.136364
54,43,1.255814
522,91,5.736264
51,41,1.243902
132,67,1.970149
17,24,0.708333
16,22,0.727273
4,9,0.444444
66,67,0.985075
109,68,1.602941
60,62,0.967742
520,131,3.969466
64,56,1.142857
88,62,1.419355
50,44,1.136364
92,63,1.460317
311,161,1.931677
116,111,1.045045
192,86,2.232558
199,90,2.211111
17,24,0.708333
109,70,1.557143
49,44,1.113636
109,60,1.816667
35,43,0.813953
72,69,1.043478
11,19,0.578947
9,19,0.473684
119,53,2.245283
51,42,1.214286
208,86,2.418605
199,141,1.411348
29,34,0.852941
221,96,2.302083
82,58,1.413793
13,22,0.590909
10,17,0.588235
48,37,1.297297
63,44,1.431818
32,31,1.032258
27,27,1.000000
11,16,0.687500
9,17,0.529412
17,31,0.548387
132,80,1.650000
52,47,1.106383
83,59,1.406780
125,56,2.232143
297,72,4.125000
62,38,1.631579
140,58,2.413793
36,38,0.947368
6,13,0.461538
36,44,0.818182
7,16,0.437500
10,21,0.476190
224,103,2.174757
11,16,0.687500
111,65,1.707692
239,161,1.484472
92,49,1.877551
234,78,3.000000
5,10,0.500000
43,46,0.934783
143,86,1.662791
194,91,2.131868
15,23,0.652174
365,85,4.294118
165,129,1.279070
33,64,0.515625
36,44,0.818182
62,56,1.107143
38,50,0.760000
11,20,0.550000
179,96,1.864583
410,188,2.180851
71,89,0.797753
40,61,0.655738
131,122,1.073770
220,103,2.135922
137,129,1.062016
134,94,1.425532
3,6,0.500000
107,56,1.910714
264,152,1.736842
113,72,1.569444
46,56,0.821429
50,29,1.724138
14,24,0.583333
113,73,1.547945
33,37,0.891892
32,39,0.820513
311,80,3.887500
290,167,1.736527
257,177,1.451977
48,36,1.333333
110,58,1.896552
99,106,0.933962
81,90,0.900000
212,95,2.231579
77,55,1.400000
84,96,0.875000
102,53,1.924528
38,61,0.622951
273,178,1.533708
71,42,1.690476
66,57,1.157895
1,5,0.200000
100,54,1.851852
87,39,2.230769
23,27,0.851852
72,50,1.440000
52,42,1.238095
22,41,0.536585
311,181,1.718232
204,141,1.446809
97,107,0.906542
138,79,1.746835
140,77,1.818182
284,183,1.551913
46,42,1.095238
172,78,2.205128
154,76,2.026316
61,53,1.150943
73,81,0.901235
27,29,0.931034
6,14,0.428571
34,31,1.096774
86,69,1.246377
54,58,0.931034
29,39,0.743590
24,36,0.666667
312,75,4.160000
98,93,1.053763
7,17,0.411765
148,98,1.510204
19,28,0.678571
15,19,0.789474
92,69,1.333333
107,102,1.049020
53,51,1.039216
35,45,0.777778
16,22,0.727273
48,48,1.000000
342,79,4.329114
204,73,2.794521
59,82,0.719512
67,70,0.957143
31,29,1.068966
55,51,1.078431
13,29,0.448276
123,75,1.640000
2,5,0.400000
42,41,1.024390
202,73,2.767123
404,90,4.488889
37,55,0.672727
7,12,0.583333
43,56,0.767857
56,45,1.244444
295,114,2.587719
61,81,0.753086
84,50,1.680000
19,28,0.678571
248,96,2.583333
27,28,0.964286
81,51,1.588235
10,16,0.625000
69,81,0.851852
16,18,0.888889
39,31,1.258065
22,40,0.550000
111,50,2.220000
270,101,2.673267
2,6,0.333333
146,73,2.000000
20,42,0.476190
15,33,0.454545
78,81,0.962963
84,77,1.090909
66,66,1.000000
65,54,1.203704
46,69,0.666667
37,42,0.880952
50,60,0.833333
20,32,0.625000
3,8,0.375000
219,108,2.027778
71,89,0.797753
1,2,0.500000
325,107,3.037383
22,28,0.785714
25,28,0.892857
169,82,2.060976
172,98,1.755102
38,41,0.926829
42,41,1.024390
106,74,1.432432
11,16,0.687500
113,57,1.982456
71,42,1.690476
56,41,1.365854
48,40,1.200000
17,29,0.586207
221,96,2.302083
48,40,1.200000
22,32,0.687500
5,11,0.454545
50,48,1.041667
182,94,1.936170
126,63,2.000000
31,35,0.885714
7,11,0.636364
39,39,1.000000
71,62,1.145161
94,53,1.773585
118,59,2.000000
195,74,2.635135
136,57,2.385965
4,11,0.363636
12,18,0.666667
31,47,0.659574
12,19,0.631579
17,32,0.531250
157,79,1.987342
141,68,2.073529
42,41,1.024390
81,60,1.350000
178,121,1.471074
69,58,1.189655
53,30,1.766667
21,36,0.583333
78,62,1.258065
82,64,1.281250
85,57,1.491228
148,60,2.466667
124,62,2.000000
16,25,0.640000
14,27,0.518519
11,21,0.523810
99,66,1.500000
114,52,2.192308
216,109,1.981651
181,90,2.011111
292,87,3.356322
39,31,1.258065
256,100,2.560000
60,54,1.111111
235,69,3.405797
50,68,0.735294
56,75,0.746667
257,171,1.502924
70,67,1.044776
29,46,0.630435
106,67,1.582090
27,37,0.729730
120,94,1.276596
133,127,1.047244
389,90,4.322222
114,52,2.192308
195,69,2.826087
26,46,0.565217
13,22,0.590909
33,40,0.825000
21,23,0.913043
176,72,2.444444
21,22,0.954545
49,35,1.400000
17,20,0.850000
149,88,1.693182
52,67,0.776119
101,58,1.741379
110,91,1.208791
34,60,0.566667
12,23,0.521739
2,5,0.400000
16,22,0.727273
75,56,1.339286
8,12,0.666667
214,102,2.098039
44,76,0.578947
53,72,0.736111
109,69,1.579710
26,37,0.702703
76,51,1.490196
1,5,0.200000
21,26,0.807692
23,31,0.741935
109,76,1.434211
129,74,1.743243
379,81,4.679012
11,23,0.478261
214,99,2.161616
5,13,0.384615
131,77,1.701299
126,75,1.680000
23,24,0.958333
98,57,1.719298
97,48,2.020833
142,79,1.797468
23,30,0.766667
163,84,1.940476
102,71,1.436620
9,18,0.500000
149,90,1.655556
38,40,0.950000
194,115,1.686957
178,88,2.022727
25,39,0.641026
29,37,0.783784
32,33,0.969697
44,53,0.830189
20,30,0.666667
164,63,2.603175
82,56,1.464286
135,117,1.153846
36,34,1.058824
18,20,0.900000
10,19,0.526316
52,41,1.268293
24,32,0.750000
13,26,0.500000
125,80,1.562500
28,41,0.682927
32,30,1.066667
52,43,1.209302
10,15,0.666667
3,8,0.375000
105,66,1.590909
41,46,0.891304
124,82,1.512195
4,12,0.333333
87,72,1.208333
141,84,1.678571
38,46,0.826087
29,35,0.828571
41,46,0.891304
33,43,0.767442
30,45,0.666667
11,21,0.523810
15,21,0.714286
95,66,1.439394
38,38,1.000000
57,44,1.295455
32,37,0.864865
4,9,0.444444
54,48,1.125000
53,42,1.261905
123,116,1.060345
8,19,0.421053
41,76,0.539474
153,83,1.843373
2,7,0.285714
99,87,1.137931
6,11,0.545455
37,46,0.804348
90,80,1.125000
24,47,0.510638
8,12,0.666667
89,59,1.508475
86,111,0.774775
45,79,0.569620
14,16,0.875000
3,8,0.375000
23,29,0.793103
69,47,1.468085
185,86,2.151163
26,29,0.896552
10,19,0.526316
10,18,0.555556
66,75,0.880000
204,87,2.344828
87,45,1.933333
23,29,0.793103
49,62,0.790323
3,5,0.600000
28,36,0.777778
34,38,0.894737
129,83,1.554217
5,12,0.416667
48,52,0.923077
31,50,0.620000
46,52,0.884615
66,57,1.157895
13,21,0.619048
59,58,1.017241
123,127,0.968504
10,20,0.500000
47,49,0.959184
36,36,1.000000
23,30,0.766667
17,23,0.739130
129,116,1.112069
117,105,1.114286
71,88,0.806818
82,55,1.490909
59,41,1.439024
87,51,1.705882
59,75,0.786667
50,49,1.020408
80,62,1.290323
109,47,2.319149
14,31,0.451613
84,68,1.235294
6,15,0.400000
12,21,0.571429
135,70,1.928571
73,57,1.280702
159,116,1.370690
99,93,1.064516
22,33,0.666667
44,47,0.936170
28,43,0.651163
64,51,1.254902
22,31,0.709677
161,108,1.490741
21,24,0.875000
137,78,1.756410
73,61,1.196721
26,40,0.650000
79,67,1.179104
18,33,0.545455
45,43,1.046512
33,40,0.825000
48,65,0.738462
22,36,0.611111
37,33,1.121212
67,72,0.930556
4,7,0.571429
67,46,1.456522
111,68,1.632353
1,3,0.333333
77,60,1.283333
28,28,1.000000
10,18,0.555556
61,59,1.033898
17,18,0.944444
17,25,0.680000
55,82,0.670732
2,6,0.333333
7,12,0.583333
8,14,0.571429
43,58,0.741379
30,47,0.638298
168,93,1.806452
56,48,1.166667
24,28,0.857143
94,97,0.969072
35,53,0.660377
102,67,1.522388
79,63,1.253968
116,64,1.812500
10,17,0.588235
5,9,0.555556
128,63,2.031746
11,20,0.550000
31,26,1.192308
203,89,2.280899
58,47,1.234043
155,63,2.460317
71,69,1.028986
70,55,1.272727
101,49,2.061224
15,31,0.483871
82,77,1.064935
148,94,1.574468
17,32,0.531250
165,148,1.114865
67,84,0.797619
24,36,0.666667
21,35,0.600000
93,71,1.309859
48,50,0.960000
15,30,0.500000
20,35,0.571429
25,40,0.625000
43,44,0.977273
43,72,0.597222
56,81,0.691358
84,73,1.150685
81,64,1.265625
36,28,1.285714
18,27,0.666667
4,7,0.571429
21,19,1.105263
30,38,0.789474
211,66,3.196970
113,115,0.982609
70,78,0.897436
85,80,1.062500
2,5,0.400000
31,38,0.815789
33,38,0.868421
71,52,1.365385
17,26,0.653846
7,13,0.538462
75,70,1.071429
85,68,1.250000
101,57,1.771930
13,22,0.590909
50,49,1.020408
126,116,1.086207
32,50,0.640000
4,16,0.250000
22,41,0.536585
82,59,1.389831
57,53,1.075472
203,76,2.671053
28,38,0.736842
105,113,0.929204
206,148,1.391892
13,25,0.520000
4,10,0.400000
124,49,2.530612
19,26,0.730769
20,30,0.666667
3,7,0.428571
65,58,1.120690
71,54,1.314815
2,7,0.285714
7,14,0.500000
52,50,1.040000
31,46,0.673913
16,31,0.516129
86,59,1.457627
91,65,1.400000
18,26,0.692308
66,72,0.916667
77,65,1.184615
4,6,0.666667
4,10,0.400000
229,97,2.360825
64,79,0.810127
7,14,0.500000
41,47,0.872340
29,56,0.517857
3,8,0.375000
274,105,2.609524
75,98,0.765306
127,120,1.058333
28,40,0.700000
33,56,0.589286
115,115,1.000000
96,67,1.432836
89,57,1.561404
29,35,0.828571
20,26,0.769231
2,7,0.285714
22,31,0.709677
7,11,0.636364
58,43,1.348837
17,32,0.531250
22,35,0.628571
56,69,0.811594
111,110,1.009091
8,14,0.571429
26,33,0.787879
46,58,0.793103
8,15,0.533333
48,43,1.116279
44,48,0.916667
36,36,1.000000
6,13,0.461538
21,37,0.567568
39,35,1.114286
40,56,0.714286
24,28,0.857143
11,18,0.611111
22,27,0.814815
17,28,0.607143
17,28,0.607143
64,51,1.254902
33,37,0.891892
11,19,0.578947
52,57,0.912281
129,60,2.150000
102,65,1.569231
22,29,0.758621
27,29,0.931034
23,29,0.793103
26,41,0.634146
10,17,0.588235
5,12,0.416667
149,73,2.041096
34,48,0.708333
10,19,0.526316
50,56,0.892857
49,55,0.890909
38,44,0.863636
5,13,0.384615
16,19,0.842105
39,37,1.054054
31,34,0.911765
51,42,1.214286
11,23,0.478261
8,13,0.615385
47,74,0.635135
15,22,0.681818
46,51,0.901961
27,32,0.843750
12,15,0.800000
28,40,0.700000
26,36,0.722222
28,33,0.848485
25,38,0.657895
30,33,0.909091
51,54,0.944444
29,47,0.617021
21,30,0.700000
53,39,1.358974
34,32,1.062500
33,38,0.868421
4,8,0.500000
137,97,1.412371
8,14,0.571429
25,30,0.833333
26,36,0.722222
38,33,1.151515
154,79,1.949367
12,18,0.666667
45,62,0.725806
126,90,1.400000
88,52,1.692308
8,22,0.363636
26,34,0.764706
13,25,0.520000
49,46,1.065217
44,48,0.916667
21,29,0.724138
8,15,0.533333
209,76,2.750000
4,10,0.400000
23,24,0.958333
6,14,0.428571
16,26,0.615385
49,41,1.195122
13,29,0.448276
10,19,0.526316
8,10,0.800000
77,54,1.425926
11,24,0.458333
28,40,0.700000
31,26,1.192308
32,33,0.969697
51,53,0.962264
69,58,1.189655
24,30,0.800000
2,4,0.500000
47,40,1.175000
5,13,0.384615
22,34,0.647059
81,45,1.800000
38,31,1.225806
4,9,0.444444
18,30,0.600000
8,15,0.533333
9,17,0.529412
38,31,1.225806
34,29,1.172414
79,75,1.053333
15,28,0.535714
166,88,1.886364
44,52,0.846154
14,24,0.583333
2,8,0.250000
15,35,0.428571
9,17,0.529412
91,64,1.421875
18,28,0.642857
52,46,1.130435
66,53,1.245283
27,36,0.750000
21,40,0.525000
29,51,0.568627
4,8,0.500000
29,39,0.743590
1,5,0.200000
136,127,1.070866
20,40,0.500000
78,68,1.147059
19,25,0.760000
49,51,0.960784
55,76,0.723684
11,19,0.578947
39,34,1.147059
19,30,0.633333
76,80,0.950000
6,18,0.333333
13,27,0.481481
10,16,0.625000
1,2,0.500000
19,28,0.678571
45,44,1.022727
4,12,0.333333
21,30,0.700000
13,26,0.500000
38,33,1.151515
65,54,1.203704
35,52,0.673077
77,94,0.819149
49,56,0.875000
34,45,0.755556
16,32,0.500000
22,25,0.880000
31,31,1.000000
7,13,0.538462
59,56,1.053571
177,66,2.681818
41,34,1.205882
17,26,0.653846
19,27,0.703704
45,47,0.957447
53,64,0.828125
4,13,0.307692
11,23,0.478261
37,46,0.804348
4,10,0.400000
32,35,0.914286
10,17,0.588235
68,52,1.307692
9,19,0.473684
30,40,0.750000
1,2,0.500000
43,44,0.977273
35,39,0.897436
46,61,0.754098
61,65,0.938462
21,30,0.700000
37,40,0.925000
9,18,0.500000
46,34,1.352941
22,28,0.785714
2,7,0.285714
11,21,0.523810
5,11,0.454545
3,6,0.500000
15,25,0.600000
2,7,0.285714
10,16,0.625000
42,53,0.792453
66,51,1.294118
48,50,0.960000
153,136,1.125000
26,38,0.684211
10,28,0.357143
7,15,0.466667
9,17,0.529412
6,12,0.500000
87,48,1.812500
18,28,0.642857
19,30,0.633333
21,34,0.617647
8,14,0.571429
16,21,0.761905
49,60,0.816667
18,39,0.461538
41,68,0.602941
22,30,0.733333
2,5,0.400000
43,51,0.843137
11,20,0.550000
17,32,0.531250
22,27,0.814815
22,26,0.846154
28,46,0.608696
67,64,1.046875
25,39,0.641026
52,31,1.677419
48,43,1.116279
95,81,1.172840
12,21,0.571429
15,19,0.789474
4,9,0.444444
4,10,0.400000
26,36,0.722222
12,22,0.545455
15,23,0.652174
30,47,0.638298
6,11,0.545455
24,29,0.827586
30,29,1.034483
12,18,0.666667
30,55,0.545455
27,39,0.692308
56,51,1.098039
18,33,0.545455
26,42,0.619048
11,24,0.458333
72,73,0.986301
19,25,0.760000
9,15,0.600000
16,26,0.615385
32,45,0.711111
65,53,1.226415
12,27,0.444444
7,15,0.466667
109,117,0.931624
57,51,1.117647
10,21,0.476190
29,39,0.743590
12,16,0.750000
41,40,1.025000
20,23,0.869565
26,34,0.764706
104,74,1.405405
17,39,0.435897
12,19,0.631579
21,25,0.840000
21,40,0.525000
25,43,0.581395
28,35,0.800000
40,48,0.833333
63,51,1.235294
8,15,0.533333
56,50,1.120000
28,33,0.848485
20,32,0.625000
24,30,0.800000
62,61,1.016393
21,27,0.777778
118,78,1.512821
12,23,0.521739
25,31,0.806452
34,50,0.680000
23,33,0.696970
21,25,0.840000
47,46,1.021739
93,67,1.388060
46,74,0.621622
37,27,1.370370
30,46,0.652174
1,3,0.333333
45,36,1.250000
5,12,0.416667
15,20,0.750000
25,52,0.480769
89,56,1.589286
40,40,1.000000
7,14,0.500000
12,21,0.571429
24,30,0.800000
10,19,0.526316
66,84,0.785714
62,51,1.215686
60,48,1.250000
1,5,0.200000
18,27,0.666667
2,6,0.333333
5,11,0.454545
21,27,0.777778
31,51,0.607843
15,29,0.517241
12,14,0.857143
6,9,0.666667
7,15,0.466667
25,28,0.892857
5,14,0.357143
6,12,0.500000
14,20,0.700000
12,22,0.545455
34,36,0.944444
26,54,0.481481
4,12,0.333333
48,36,1.333333
27,27,1.000000
36,39,0.923077
52,51,1.019608
11,20,0.550000
9,16,0.562500
113,92,1.228261
19,22,0.863636
9,13,0.692308
68,61,1.114754
6,15,0.400000
17,23,0.739130
67,86,0.779070
18,27,0.666667
16,32,0.500000
26,39,0.666667
24,24,1.000000
86,53,1.622642
1,4,0.250000
25,29,0.862069
13,17,0.764706
6,12,0.500000
30,27,1.111111
41,43,0.953488
95,57,1.666667
9,18,0.500000
11,18,0.611111
38,42,0.904762
15,24,0.625000
44,38,1.157895
24,31,0.774194
12,22,0.545455
34,37,0.918919
9,14,0.642857
11,21,0.523810
13,22,0.590909
13,27,0.481481
1,4,0.250000
34,39,0.871795
15,34,0.441176
14,24,0.583333
29,31,0.935484
29,28,1.035714
14,23,0.608696
8,13,0.615385
74,70,1.057143
21,19,1.105263
39,31,1.258065
16,17,0.941176
42,31,1.354839
1,5,0.200000
19,28,0.678571
8,18,0.444444
3,6,0.500000
15,24,0.625000
31,47,0.659574
56,72,0.777778
42,41,1.024390
22,44,0.500000
2,6,0.333333
11,20,0.550000
27,32,0.843750
37,49,0.755102
15,30,0.500000
9,14,0.642857
25,34,0.735294
56,60,0.933333
94,81,1.160494
14,24,0.583333
3,8,0.375000
4,11,0.363636
11,18,0.611111
32,38,0.842105
38,45,0.844444
1,2,0.500000
17,31,0.548387
3,6,0.500000
10,20,0.500000
5,15,0.333333
35,34,1.029412
33,34,0.970588
14,24,0.583333
25,23,1.086957
47,58,0.810345
32,31,1.032258
26,47,0.553191
11,21,0.523810
13,30,0.433333
1,4,0.250000
37,47,0.787234
90,68,1.323529
8,17,0.470588
9,26,0.346154
1,4,0.250000
7,13,0.538462
11,14,0.785714
54,40,1.350000
23,21,1.095238
6,17,0.352941
24,41,0.585366
13,20,0.650000
4,8,0.500000
1,2,0.500000
22,32,0.687500
19,27,0.703704
45,41,1.097561
19,28,0.678571
14,21,0.666667
29,44,0.659091
19,26,0.730769
7,17,0.411765
47,54,0.870370
7,17,0.411765
24,37,0.648649
10,11,0.909091
11,23,0.478261
9,22,0.409091
83,59,1.406780
50,35,1.428571
10,22,0.454545
32,47,0.680851
5,12,0.416667
5,12,0.416667
4,8,0.500000
51,50,1.020000
23,32,0.718750
4,10,0.400000
13,18,0.722222
13,23,0.565217
14,23,0.608696
47,54,0.870370
12,20,0.600000
23,46,0.500000
24,26,0.923077
4,12,0.333333
8,17,0.470588
11,17,0.647059
11,20,0.550000
43,29,1.482759
13,19,0.684211
3,7,0.428571
28,37,0.756757
3,8,0.375000
5,11,0.454545
33,35,0.942857
30,52,0.576923
11,21,0.523810
31,42,0.738095
21,30,0.700000
37,33,1.121212
3,7,0.428571
16,27,0.592593
6,15,0.400000
42,55,0.763636
5,12,0.416667
14,28,0.500000
11,21,0.523810
55,49,1.122449
24,36,0.666667
19,37,0.513514
2,5,0.400000
28,38,0.736842
2,8,0.250000
49,39,1.256410
13,23,0.565217
16,30,0.533333
4,8,0.500000
37,46,0.804348
5,8,0.625000
12,21,0.571429
21,37,0.567568
6,13,0.461538
7,20,0.350000
23,49,0.469388
4,8,0.500000
19,24,0.791667
16,17,0.941176
5,11,0.454545
2,7,0.285714
10,18,0.555556
4,9,0.444444
69,47,1.468085
7,16,0.437500
89,58,1.534483
3,9,0.333333
22,24,0.916667
10,13,0.769231
24,25,0.960000
23,32,0.718750
4,8,0.500000
16,21,0.761905
15,27,0.555556
28,38,0.736842
49,50,0.980000
23,48,0.479167
9,21,0.428571
15,26,0.576923
4,11,0.363636
4,9,0.444444
21,29,0.724138
10,23,0.434783
11,21,0.523810
10,15,0.666667
7,16,0.437500
5,13,0.384615
35,45,0.777778
23,24,0.958333
5,11,0.454545
37,44,0.840909
28,24,1.166667
8,16,0.500000
5,12,0.416667
14,23,0.608696
60,39,1.538462
32,37,0.864865
8,14,0.571429
9,12,0.750000
16,24,0.666667
76,61,1.245902
32,37,0.864865
14,21,0.666667
12,28,0.428571
16,24,0.666667
22,33,0.666667
13,24,0.541667
5,11,0.454545
36,50,0.720000
16,24,0.666667
4,10,0.400000
16,21,0.761905
3,8,0.375000
40,48,0.833333
20,31,0.645161
17,25,0.680000
3,11,0.272727
7,16,0.437500
41,63,0.650794
13,21,0.619048
9,16,0.562500
41,48,0.854167
6,14,0.428571
9,18,0.500000
3,7,0.428571
14,19,0.736842
4,12,0.333333
19,29,0.655172
4,11,0.363636
10,19,0.526316
4,9,0.444444
3,7,0.428571
6,12,0.500000
22,34,0.647059
20,26,0.769231
25,44,0.568182
36,50,0.720000
11,20,0.550000
16,26,0.615385
18,30,0.600000
29,29,1.000000
4,9,0.444444
6,13,0.461538
24,36,0.666667
2,7,0.285714
7,12,0.583333
24,35,0.685714
12,20,0.600000
7,12,0.583333
35,26,1.346154
20,25,0.800000
5,12,0.416667
20,28,0.714286
9,12,0.750000
5,16,0.312500
25,27,0.925926
37,42,0.880952
5,12,0.416667
5,10,0.500000
12,22,0.545455
5,13,0.384615
17,27,0.629630
41,33,1.242424
11,23,0.478261
37,38,0.973684
36,37,0.972973
14,24,0.583333
1,4,0.250000
16,33,0.484848
8,18,0.444444
4,11,0.363636
27,28,0.964286
5,10,0.500000
20,28,0.714286
6,14,0.428571
22,26,0.846154
18,30,0.600000
11,17,0.647059
9,19,0.473684
19,36,0.527778
7,18,0.388889
30,40,0.750000
22,24,0.916667
12,21,0.571429
27,27,1.000000
26,39,0.666667
1,4,0.250000
21,34,0.617647
7,15,0.466667
18,40,0.450000
14,30,0.466667
18,36,0.500000
6,14,0.428571
6,15,0.400000
7,18,0.388889
25,29,0.862069
24,28,0.857143
12,22,0.545455
4,8,0.500000
22,26,0.846154
7,11,0.636364
7,12,0.583333
25,31,0.806452
35,42,0.833333
3,4,0.750000
26,34,0.764706
7,18,0.388889
11,17,0.647059
17,24,0.708333
30,38,0.789474
7,13,0.538462
12,21,0.571429
5,12,0.416667
16,25,0.640000
20,33,0.606061
36,41,0.878049
21,30,0.700000
6,11,0.545455
12,27,0.444444
24,26,0.923077
6,12,0.500000
20,35,0.571429
35,32,1.093750
1,3,0.333333
7,13,0.538462
20,33,0.606061
19,31,0.612903
6,14,0.428571
36,57,0.631579
25,36,0.694444
13,24,0.541667
16,26,0.615385
13,25,0.520000
16,30,0.533333
3,6,0.500000
19,30,0.633333
29,33,0.878788
5,11,0.454545
9,17,0.529412
2,8,0.250000
18,37,0.486486
5,12,0.416667
6,17,0.352941
26,38,0.684211
20,39,0.512821
17,24,0.708333
6,18,0.333333
5,13,0.384615
11,18,0.611111
4,8,0.500000
21,36,0.583333
40,32,1.250000
6,13,0.461538
10,19,0.526316
12,20,0.600000
8,17,0.470588
36,40,0.900000
7,14,0.500000
6,10,0.600000
3,6,0.500000
22,34,0.647059
13,29,0.448276
5,11,0.454545
35,61,0.573770
2,8,0.250000
17,26,0.653846
3,10,0.300000
11,22,0.500000
5,10,0.500000
23,38,0.605263
2,5,0.400000
26,37,0.702703
3,7,0.428571
11,27,0.407407
12,30,0.400000
11,26,0.423077
18,19,0.947368
3,11,0.272727
7,10,0.700000
2,9,0.222222
2,9,0.222222
15,23,0.652174
16,20,0.800000
4,11,0.363636
12,24,0.500000
8,15,0.533333
7,17,0.411765
21,36,0.583333
20,24,0.833333
10,19,0.526316
5,15,0.333333
28,31,0.903226
4,12,0.333333
3,7,0.428571
12,25,0.480000
14,34,0.411765
11,21,0.523810
40,38,1.052632
14,28,0.500000
1,3,0.333333
2,5,0.400000
3,6,0.500000
32,58,0.551724
20,31,0.645161
15,27,0.555556
7,14,0.500000
20,27,0.740741
13,21,0.619048
4,12,0.333333
19,29,0.655172
10,18,0.555556
25,36,0.694444
9,12,0.750000
12,18,0.666667
23,28,0.821429
18,33,0.545455
15,27,0.555556
3,7,0.428571
10,20,0.500000
7,17,0.411765
19,25,0.760000
6,10,0.600000
11,18,0.611111
17,20,0.850000
17,22,0.772727
9,20,0.450000
5,14,0.357143
18,24,0.750000
23,43,0.534884
9,15,0.600000
9,27,0.333333
14,17,0.823529
8,15,0.533333
5,17,0.294118
19,26,0.730769
8,21,0.380952
2,4,0.500000
7,12,0.583333
6,14,0.428571
5,9,0.555556
5,13,0.384615
35,39,0.897436
6,17,0.352941
12,22,0.545455
56,64,0.875000
6,11,0.545455
8,15,0.533333
7,16,0.437500
49,39,1.256410
7,11,0.636364
16,36,0.444444
4,8,0.500000
20,36,0.555556
7,12,0.583333
3,9,0.333333
3,9,0.333333
22,32,0.687500
18,37,0.486486
9,14,0.642857
4,10,0.400000
2,5,0.400000
2,6,0.333333
8,18,0.444444
35,51,0.686275
9,26,0.346154
18,29,0.620690
22,37,0.594595
5,13,0.384615
9,17,0.529412
52,48,1.083333
1,5,0.200000
7,17,0.411765
16,23,0.695652
11,17,0.647059
6,14,0.428571
9,19,0.473684
6,15,0.400000
2,7,0.285714
21,30,0.700000
10,16,0.625000
15,17,0.882353
5,11,0.454545
11,20,0.550000
21,39,0.538462
19,30,0.633333
2,5,0.400000
18,28,0.642857
3,7,0.428571
11,29,0.379310
10,24,0.416667
62,76,0.815789
7,14,0.500000
20,25,0.800000
3,6,0.500000
19,24,0.791667
2,8,0.250000
4,11,0.363636
2,5,0.400000
37,57,0.649123
13,28,0.464286
6,12,0.500000
11,20,0.550000
7,17,0.411765
3,7,0.428571
13,22,0.590909
5,11,0.454545
1,4,0.250000
16,24,0.666667
30,45,0.666667
16,33,0.484848
6,11,0.545455
13,20,0.650000
3,6,0.500000
11,24,0.458333
17,32,0.531250
28,36,0.777778
31,32,0.968750
11,20,0.550000
11,21,0.523810
4,9,0.444444
8,13,0.615385
1,3,0.333333
19,26,0.730769
19,24,0.791667
4,8,0.500000
10,17,0.588235
11,21,0.523810
18,41,0.439024
8,16,0.500000
8,15,0.533333
11,17,0.647059
3,8,0.375000
15,25,0.600000
4,6,0.666667
12,20,0.600000
2,4,0.500000
25,34,0.735294
10,22,0.454545
13,16,0.812500
2,8,0.250000
8,23,0.347826
4,8,0.500000
16,31,0.516129
30,37,0.810811
7,18,0.388889
10,22,0.454545
6,17,0.352941
14,27,0.518519
30,28,1.071429
1,4,0.250000
2,8,0.250000
17,17,1.000000
23,25,0.920000
6,13,0.461538
12,23,0.521739
1,3,0.333333
5,13,0.384615
7,15,0.466667
19,33,0.575758
1,3,0.333333
21,32,0.656250
10,18,0.555556
13,25,0.520000
10,16,0.625000
11,19,0.578947
7,19,0.368421
20,32,0.625000
13,24,0.541667
13,28,0.464286
23,23,1.000000
4,10,0.400000
2,8,0.250000
6,14,0.428571
21,42,0.500000
9,15,0.600000
14,22,0.636364
9,22,0.409091
10,16,0.625000
7,11,0.636364
2,8,0.250000
4,9,0.444444
7,19,0.368421
8,18,0.444444
8,17,0.470588
2,6,0.333333
3,9,0.333333
2,6,0.333333
3,7,0.428571
5,13,0.384615
20,33,0.606061
2,4,0.500000
5,12,0.416667
10,19,0.526316
5,13,0.384615
5,13,0.384615
13,21,0.619048
12,24,0.500000
5,12,0.416667
1,5,0.200000
24,33,0.727273
7,12,0.583333
14,14,1.000000
15,23,0.652174
26,37,0.702703
26,29,0.896552
9,21,0.428571
18,24,0.750000
3,8,0.375000
19,27,0.703704
3,8,0.375000
49,49,1.000000
10,19,0.526316
7,18,0.388889
2,5,0.400000
16,25,0.640000
3,9,0.333333
9,15,0.600000
7,15,0.466667
2,7,0.285714
11,17,0.647059
10,16,0.625000
10,24,0.416667
3,9,0.333333
4,10,0.400000
12,26,0.461538
2,7,0.285714
8,17,0.470588
9,19,0.473684
2,7,0.285714
6,13,0.461538
12,18,0.666667
6,14,0.428571
2,7,0.285714
10,19,0.526316
2,5,0.400000
1,4,0.250000
12,14,0.857143
1,4,0.250000
7,13,0.538462
3,9,0.333333
4,11,0.363636
11,27,0.407407
8,17,0.470588
2,4,0.500000
2,8,0.250000
12,24,0.500000
4,6,0.666667
9,18,0.500000
4,16,0.250000
9,21,0.428571
7,13,0.538462
12,20,0.600000
4,9,0.444444
5,11,0.454545
15,22,0.681818
19,35,0.542857
9,15,0.600000
22,36,0.611111
28,25,1.120000
4,11,0.363636
4,12,0.333333
1,5,0.200000
22,34,0.647059
5,16,0.312500
11,21,0.523810
8,10,0.800000
5,9,0.555556
17,27,0.629630
14,20,0.700000
17,25,0.680000
2,6,0.333333
6,13,0.461538
14,23,0.608696
2,7,0.285714
8,13,0.615385
3,10,0.300000
20,30,0.666667
4,12,0.333333
7,15,0.466667
7,13,0.538462
9,18,0.500000
5,13,0.384615
5,9,0.555556
15,23,0.652174
7,18,0.388889
1,3,0.333333
1,3,0.333333
5,13,0.384615
9,14,0.642857
3,7,0.428571
12,22,0.545455
20,31,0.645161
3,8,0.375000
10,19,0.526316
5,9,0.555556
5,13,0.384615
3,9,0.333333
6,16,0.375000
19,27,0.703704
4,10,0.400000
7,19,0.368421
6,20,0.300000
19,25,0.760000
11,25,0.440000
5,13,0.384615
4,10,0.400000
4,9,0.444444
3,10,0.300000
6,10,0.600000
11,23,0.478261
10,18,0.555556
6,10,0.600000
1,3,0.333333
8,14,0.571429
8,18,0.444444
2,5,0.400000
6,21,0.285714
2,6,0.333333
2,6,0.333333
5,16,0.312500
5,13,0.384615
5,8,0.625000
5,14,0.357143
4,11,0.363636
2,3,0.666667
7,10,0.700000
4,11,0.363636
7,14,0.500000
5,13,0.384615
8,15,0.533333
2,5,0.400000
6,18,0.333333
14,22,0.636364
8,16,0.500000
7,15,0.466667
4,11,0.363636
15,22,0.681818
10,19,0.526316
12,20,0.600000
4,8,0.500000
9,16,0.562500
2,7,0.285714
13,19,0.684211
15,25,0.600000
2,8,0.250000
7,17,0.411765
5,9,0.555556
3,7,0.428571
1,5,0.200000
17,29,0.586207
2,5,0.400000
7,17,0.411765
7,10,0.700000
2,6,0.333333
4,9,0.444444
4,12,0.333333
12,17,0.705882
5,12,0.416667
18,28,0.642857
15,26,0.576923
3,7,0.428571
8,15,0.533333
37,47,0.787234
5,13,0.384615
9,18,0.500000
10,22,0.454545
7,11,0.636364
5,15,0.333333
2,6,0.333333
6,12,0.500000
11,17,0.647059
10,14,0.714286
3,7,0.428571
4,13,0.307692
1,5,0.200000
5,15,0.333333
1,5,0.200000
2,7,0.285714
11,24,0.458333
8,18,0.444444
11,16,0.687500
5,9,0.555556
10,16,0.625000
1,4,0.250000
13,22,0.590909
4,11,0.363636
2,8,0.250000
6,15,0.400000
19,32,0.593750
7,19,0.368421
2,6,0.333333
6,16,0.375000
3,11,0.272727
4,8,0.500000
2,7,0.285714
11,16,0.687500
2,5,0.400000
5,11,0.454545
4,9,0.444444
5,10,0.500000
3,9,0.333333
3,8,0.375000
6,11,0.545455
2,8,0.250000
9,13,0.692308
2,8,0.250000
2,6,0.333333
33,57,0.578947
2,4,0.500000
9,14,0.642857
4,9,0.444444
2,7,0.285714
2,6,0.333333
4,7,0.571429
10,20,0.500000
11,24,0.458333
7,19,0.368421
3,9,0.333333
4,7,0.571429
11,19,0.578947
2,4,0.500000
4,10,0.400000
9,16,0.562500
7,18,0.388889
8,15,0.533333
2,6,0.333333
9,11,0.818182
8,22,0.363636
2,6,0.333333
5,9,0.555556
1,3,0.333333
8,16,0.500000
3,7,0.428571
5,10,0.500000
4,12,0.333333
6,12,0.500000
9,20,0.450000
1,4,0.250000
11,18,0.611111
2,7,0.285714
4,11,0.363636
12,24,0.500000
7,16,0.437500
6,15,0.400000
3,8,0.375000
5,12,0.416667
2,7,0.285714
3,9,0.333333
9,17,0.529412
3,7,0.428571
5,10,0.500000
5,16,0.312500
6,15,0.400000
2,5,0.400000
7,10,0.700000
2,5,0.400000
2,4,0.500000
4,11,0.363636
3,5,0.600000
4,9,0.444444
5,8,0.625000
13,22,0.590909
6,13,0.461538
20,25,0.800000
8,11,0.727273
9,20,0.450000
5,12,0.416667
9,12,0.750000
1,2,0.500000
3,6,0.500000
6,12,0.500000
11,19,0.578947
4,8,0.500000
2,9,0.222222
2,7,0.285714
4,13,0.307692
1,5,0.200000
4,10,0.400000
7,8,0.875000
1,2,0.500000
6,16,0.375000
7,18,0.388889
4,8,0.500000
14,25,0.560000
6,20,0.300000
2,8,0.250000
2,8,0.250000
3,9,0.333333
2,5,0.400000
2,5,0.400000
3,6,0.500000
1,3,0.333333
6,15,0.400000
5,11,0.454545
3,10,0.300000
1,3,0.333333
2,6,0.333333
2,5,0.400000
4,10,0.400000
7,15,0.466667
8,15,0.533333
7,13,0.538462
5,12,0.416667
4,12,0.333333
2,6,0.333333
5,15,0.333333
7,19,0.368421
2,7,0.285714
1,5,0.200000
1,5,0.200000
3,7,0.428571
3,8,0.375000
2,7,0.285714
7,18,0.388889
7,12,0.583333
3,9,0.333333
6,11,0.545455
6,12,0.500000
2,7,0.285714
1,3,0.333333
4,7,0.571429
1,4,0.250000
3,10,0.300000
7,16,0.437500
6,12,0.500000
6,14,0.428571
2,5,0.400000
5,9,0.555556
1,5,0.200000
3,7,0.428571
2,6,0.333333
3,7,0.428571
7,15,0.466667
14,27,0.518519
4,8,0.500000
4,8,0.500000
3,6,0.500000
1,4,0.250000
2,4,0.500000
2,5,0.400000
2,9,0.222222
2,6,0.333333
3,7,0.428571
5,14,0.357143
1,5,0.200000
6,8,0.750000
1,3,0.333333
2,4,0.500000
10,22,0.454545
1,3,0.333333
4,12,0.333333
2,7,0.285714
1,2,0.500000
1,3,0.333333
5,10,0.500000
3,8,0.375000
8,15,0.533333
5,12,0.416667
3,8,0.375000
6,12,0.500000
1,3,0.333333
1,3,0.333333
6,10,0.600000
5,13,0.384615
1,3,0.333333
10,18,0.555556
5,11,0.454545
3,5,0.600000
2,4,0.500000
3,8,0.375000
2,6,0.333333
1,5,0.200000
1,5,0.200000
3,8,0.375000
5,12,0.416667
1,4,0.250000
3,10,0.300000
2,8,0.250000
1,5,0.200000
2,4,0.500000
6,13,0.461538
3,6,0.500000
4,10,0.400000
1,3,0.333333
1,3,0.333333
5,6,0.833333
2,6,0.333333
5,12,0.416667
2,5,0.400000
2,6,0.333333
10,18,0.555556
2,4,0.500000
6,13,0.461538
4,9,0.444444
2,8,0.250000
2,4,0.500000
2,6,0.333333
2,8,0.250000
2,6,0.333333
5,14,0.357143
8,14,0.571429
4,11,0.363636
3,8,0.375000
1,4,0.250000
2,6,0.333333
3,8,0.375000
1,3,0.333333
6,10,0.600000
1,3,0.333333
10,12,0.833333
1,5,0.200000
1,2,0.500000
2,7,0.285714
2,8,0.250000
4,10,0.400000
3,8,0.375000
3,9,0.333333
7,16,0.437500
2,6,0.333333
1,2,0.500000
6,13,0.461538
2,6,0.333333
5,13,0.384615
6,12,0.500000
1,3,0.333333
2,6,0.333333
2,5,0.400000
1,2,0.500000
2,9,0.222222
3,4,0.750000
5,15,0.333333
2,5,0.400000
2,4,0.500000
5,12,0.416667
7,13,0.538462
3,7,0.428571
1,2,0.500000
4,11,0.363636
1,3,0.333333
1,3,0.333333
1,5,0.200000
4,6,0.666667
1,4,0.250000
2,5,0.400000
2,6,0.333333
5,15,0.333333
3,12,0.250000
4,9,0.444444
3,7,0.428571
2,5,0.400000
4,10,0.400000
2,5,0.400000
2,6,0.333333
2,4,0.500000
4,8,0.500000
3,7,0.428571
2,5,0.400000
2,7,0.285714
2,6,0.333333
1,3,0.333333
3,6,0.500000
1,4,0.250000
1,4,0.250000
2,6,0.333333
3,5,0.600000
5,10,0.500000
5,10,0.500000
7,14,0.500000
7,16,0.437500
4,10,0.400000
1,3,0.333333
2,9,0.222222
2,7,0.285714
4,11,0.363636
2,5,0.400000
1,2,0.500000
2,6,0.333333
2,7,0.285714
2,5,0.400000
3,10,0.300000
2,8,0.250000
1,4,0.250000
3,6,0.500000
6,12,0.500000
1,3,0.333333
3,9,0.333333
7,14,0.500000
2,6,0.333333
3,9,0.333333
2,6,0.333333
1,5,0.200000
2,6,0.333333
4,9,0.444444
6,10,0.600000
4,8,0.500000
1,4,0.250000
1,5,0.200000
1,5,0.200000
1,3,0.333333
2,5,0.400000
1,4,0.250000
1,2,0.500000
4,11,0.363636
2,5,0.400000
2,5,0.400000
1,5,0.200000
1,3,0.333333
4,9,0.444444
3,10,0.300000
4,11,0.363636
1,4,0.250000
1,3,0.333333
1,4,0.250000
1,3,0.333333
2,5,0.400000
3,9,0.333333
2,7,0.285714
1,4,0.250000
1,4,0.250000
4,9,0.444444
9,18,0.500000
4,11,0.363636
3,7,0.428571
2,6,0.333333
2,4,0.500000
1,3,0.333333
2,4,0.500000
1,3,0.333333
2,7,0.285714
2,8,0.250000
4,13,0.307692
3,6,0.500000
1,2,0.500000
2,7,0.285714
2,8,0.250000
5,10,0.500000
1,5,0.200000
2,6,0.333333
3,5,0.600000
1,3,0.333333
1,4,0.250000
5,10,0.500000
1,3,0.333333
1,3,0.333333
2,7,0.285714
1,3,0.333333
1,5,0.200000
1,5,0.200000
2,7,0.285714
1,3,0.333333
2,4,0.500000
4,12,0.333333
1,3,0.333333
3,12,0.250000
2,7,0.285714
2,8,0.250000
1,3,0.333333
1,3,0.333333
4,6,0.666667
1,4,0.250000
2,7,0.285714
2,6,0.333333
2,8,0.250000
1,5,0.200000
1,4,0.250000
2,6,0.333333
1,3,0.333333
1,3,0.333333
2,5,0.400000
2,4,0.500000
1,5,0.200000
1,4,0.250000
1,4,0.250000
1,4,0.250000
1,3,0.333333
1,5,0.200000
1,3,0.333333
1,5,0.200000
1,4,0.250000
2,5,0.400000
2,4,0.500000
1,4,0.250000
1,3,0.333333
1,5,0.200000
1,4,0.250000
4,14,0.285714
1,3,0.333333
2,7,0.285714
1,4,0.250000
1,3,0.333333
1,3,0.333333
1,4,0.250000
1,5,0.200000
1,3,0.333333
1,3,0.333333
1,4,0.250000
1,4,0.250000
1,5,0.200000
1,4,0.250000
1,3,0.333333
1,5,0.200000
1,3,0.333333
2,7,0.285714
1,3,0.333333
1,4,0.250000
1,4,0.250000
3,9,0.333333
2,5,0.400000
2,4,0.500000
1,4,0.250000
2,7,0.285714
1,4,0.250000
1,4,0.250000
1,5,0.200000
1,4,0.250000
1,5,0.200000
1,5,0.200000
1,3,0.333333
1,3,0.333333
1,5,0.200000
1,5,0.200000
1,2,0.500000
1,5,0.200000
1,5,0.200000
1,5,0.200000
1,5,0.200000
1,4,0.250000
