homogeneity
5.000000
7.200000
7.000000
8.000000
8.333333
18.000000
6.000000
9.000000
10.238095
13.000000
8.400000
12.666667
10.333333
7.000000
6.100000
9.000000
9.000000
8.533333
11.000000
13.000000
9.000000
6.000000
13.000000
6.600000
8.000000
8.000000
6.333333
9.166667
22.000000
7.000000
10.666667
5.666667
21.333333
15.000000
8.500000
10.100000
5.333333
7.000000
3.000000
7.833333
13.666667
3.000000
9.000000
9.000000
10.000000
8.666667
3.000000
9.666667
8.000000
6.166667
12.333333
9.666667
6.000000
13.333333
14.000000
12.666667
5.380952
8.000000
5.000000
14.666667
6.666667
6.000000
4.000000
1.000000
8.500000
6.000000
10.000000
8.333333
7.166667
7.000000
1.000000
3.000000
8.666667
4.000000
8.500000
4.166667
6.000000
8.000000
4.000000
3.952381
5.666667
6.666667
6.000000
6.000000
6.383333
6.000000
6.666667
13.000000
6.000000
2.000000
11.916667
2.000000
9.666667
26.000000
9.000000
2.500000
9.000000
6.673203
12.000000
7.000000
3.000000
20.000000
10.333333
8.000000
6.000000
4.333333
8.866667
9.805556
7.000000
4.000000
15.666667
6.000000
8.000000
1.333333
12.000000
9.666667
9.000000
8.333333
9.000000
6.000000
10.000000
3.000000
7.333333
2.000000
7.142857
14.000000
2.000000
11.000000
7.000000
18.000000
12.000000
4.000000
2.000000
4.000000
3.666667
11.333333
15.000000
6.000000
6.000000
7.000000
7.600000
12.000000
7.000000
14.000000
13.666667
3.000000
5.666667
2.000000
13.000000
4.666667
1.000000
4.800000
2.000000
22.000000
5.000000
9.000000
8.666667
6.666667
14.000000
4.000000
3.000000
5.666667
1.000000
9.000000
6.000000
12.000000
10.000000
6.000000
4.666667
6.000000
12.000000
9.000000
4.000000
12.000000
7.333333
5.333333
3.000000
16.000000
4.000000
6.000000
5.000000
4.666667
4.000000
4.600000
19.000000
14.666667
4.333333
12.000000
16.000000
14.000000
13.000000
7.000000
6.333333
5.666667
6.000000
5.000000
3.666667
12.666667
6.000000
5.000000
6.166667
3.000000
13.000000
11.333333
3.000000
4.654545
10.000000
5.000000
9.333333
5.000000
8.000000
3.000000
9.000000
3.000000
3.500000
4.000000
5.000000
2.000000
2.333333
8.133333
12.000000
6.833333
2.000000
7.333333
4.666667
28.000000
1.000000
5.000000
9.066667
5.333333
8.333333
4.000000
5.666667
4.000000
11.833333
8.000000
7.300000
7.000000
4.666667
12.000000
8.214286
1.000000
3.000000
4.666667
1.000000
6.000000
7.424242
2.000000
4.000000
1.000000
3.000000
5.000000
15.000000
6.305556
8.000000
11.000000
8.000000
10.000000
7.000000
1.000000
13.000000
8.000000
4.000000
6.000000
11.000000
18.000000
14.666667
26.000000
26.000000
10.000000
2.000000
6.858974
8.000000
11.700000
8.666667
1.000000
12.000000
5.000000
13.000000
5.333333
6.000000
4.800000
11.000000
7.000000
7.000000
11.666667
8.000000
5.619048
5.000000
9.000000
5.000000
6.300000
11.000000
7.666667
5.000000
6.000000
4.000000
12.000000
3.000000
6.000000
8.000000
5.000000
9.000000
3.000000
9.000000
20.666667
7.000000
1.000000
17.000000
4.000000
6.333333
10.000000
12.000000
2.000000
1.666667
10.000000
26.000000
5.000000
9.000000
13.000000
8.000000
3.000000
5.000000
4.666667
2.000000
12.000000
2.000000
6.000000
2.000000
6.000000
26.000000
5.666667
6.000000
6.000000
13.000000
3.000000
4.666667
5.100000
11.000000
6.666667
7.333333
4.700000
8.000000
18.000000
8.666667
5.833333
5.000000
18.000000
12.000000
3.000000
5.392857
11.000000
10.000000
8.333333
12.000000
9.333333
10.000000
18.000000
22.000000
3.000000
9.900000
2.000000
22.000000
6.000000
2.000000
4.000000
4.500000
10.000000
14.000000
9.000000
6.428571
3.000000
6.000000
6.000000
9.214286
6.000000
8.666667
7.933333
2.000000
14.000000
8.333333
5.000000
7.000000
9.000000
8.333333
6.000000
10.333333
8.000000
9.866667
4.000000
12.000000
25.000000
7.000000
4.333333
8.000000
15.333333
7.000000
7.000000
1.000000
10.833333
8.000000
12.300000
14.166667
22.000000
4.000000
9.000000
10.000000
5.000000
5.333333
8.000000
12.333333
5.000000
11.000000
1.000000
9.000000
8.000000
4.000000
6.008333
13.000000
6.688889
7.300000
11.666667
4.000000
6.833333
25.000000
18.000000
24.000000
12.000000
8.000000
5.000000
1.666667
5.833333
3.000000
7.500000
7.666667
5.666667
6.000000
5.666667
6.333333
9.000000
7.000000
12.000000
2.000000
3.710210
9.600000
19.000000
11.000000
8.000000
6.000000
9.000000
9.000000
6.075758
4.000000
10.000000
8.000000
6.833333
16.000000
7.000000
7.000000
8.000000
8.500000
19.000000
2.000000
4.000000
5.700000
13.000000
8.000000
5.000000
9.000000
7.666667
7.805556
13.000000
9.000000
5.000000
7.000000
25.000000
3.000000
14.000000
14.000000
3.000000
26.000000
7.000000
8.000000
22.000000
5.178571
6.000000
6.800000
1.000000
6.714286
10.833333
1.000000
8.000000
4.666667
12.600000
5.000000
9.000000
5.800000
2.000000
8.000000
5.321429
6.000000
1.000000
4.000000
7.000000
8.000000
3.666667
12.000000
9.700000
12.000000
6.000000
4.000000
5.733333
22.000000
2.333333
12.000000
3.000000
2.000000
8.190476
7.000000
8.000000
10.000000
8.000000
5.000000
6.333333
11.000000
10.000000
14.800000
18.000000
4.000000
1.000000
6.833333
2.000000
12.000000
3.300000
6.619048
3.000000
4.000000
4.000000
3.000000
8.142857
9.000000
11.000000
15.000000
9.666667
1.000000
5.000000
11.666667
9.000000
8.300000
9.000000
3.833333
7.333333
6.000000
7.166667
14.333333
7.066667
28.000000
4.000000
6.666667
12.000000
6.000000
22.000000
8.333333
9.000000
11.000000
8.333333
3.000000
7.000000
5.666667
8.000000
12.000000
8.100000
2.000000
2.000000
9.500000
4.666667
3.666667
8.333333
2.000000
2.000000
20.000000
4.000000
7.866667
8.000000
2.000000
5.733333
10.000000
7.000000
5.219048
7.000000
12.000000
6.000000
9.000000
7.666667
7.000000
3.000000
2.333333
8.333333
11.666667
7.000000
3.000000
2.000000
10.000000
5.000000
7.000000
12.000000
3.000000
7.500000
6.000000
18.000000
8.190476
8.500000
2.000000
6.000000
6.238095
10.000000
8.000000
5.166667
15.333333
3.666667
1.000000
5.000000
10.000000
10.000000
6.000000
18.000000
8.142857
9.000000
19.000000
7.166667
5.666667
4.000000
5.688889
8.000000
10.666667
8.200000
4.133333
2.000000
5.000000
8.000000
4.666667
14.000000
12.000000
3.000000
7.000000
4.333333
7.000000
6.333333
10.000000
9.000000
9.000000
1.666667
10.000000
7.000000
1.000000
1.000000
8.939394
11.000000
6.000000
5.928571
7.214286
7.000000
5.000000
5.000000
16.000000
15.000000
4.000000
9.666667
5.000000
7.909091
3.000000
12.000000
5.000000
3.000000
8.666667
9.000000
8.000000
3.000000
8.000000
7.000000
6.500000
6.000000
16.000000
5.000000
6.000000
8.000000
6.600000
8.000000
7.066667
7.000000
6.000000
6.977778
4.000000
9.952381
5.000000
13.000000
2.000000
6.333333
4.000000
11.000000
2.000000
4.333333
20.000000
6.666667
7.000000
13.333333
3.000000
7.000000
9.000000
6.333333
9.000000
6.533333
10.666667
1.000000
7.527273
11.000000
4.333333
6.000000
1.000000
12.000000
6.000000
7.000000
13.000000
2.000000
9.333333
3.000000
3.000000
6.666667
8.000000
6.000000
10.000000
8.000000
15.333333
9.000000
4.000000
12.000000
3.000000
8.666667
13.000000
9.500000
10.300000
4.000000
12.000000
4.000000
4.000000
6.777778
6.357143
6.000000
4.000000
6.000000
8.666667
10.000000
3.000000
6.500000
10.857143
10.000000
10.000000
2.000000
4.000000
11.000000
2.333333
3.000000
6.000000
5.000000
4.000000
5.000000
5.000000
4.000000
12.000000
6.000000
13.666667
5.000000
4.000000
12.000000
19.000000
1.000000
9.000000
20.000000
28.000000
7.000000
1.000000
4.000000
3.333333
9.333333
7.000000
11.000000
2.833333
11.000000
3.000000
16.000000
6.666667
2.000000
11.000000
11.107143
12.000000
6.121212
6.666667
3.333333
4.833333
6.000000
10.333333
5.333333
14.000000
5.000000
7.333333
6.666667
11.000000
5.000000
5.857143
4.000000
7.619048
1.000000
14.000000
9.333333
6.006536
2.000000
6.000000
3.000000
4.000000
1.000000
19.000000
2.000000
6.000000
2.000000
2.000000
5.666667
10.392857
10.000000
11.333333
5.000000
8.000000
13.000000
6.500000
4.000000
8.000000
5.000000
5.333333
3.000000
4.000000
2.000000
5.666667
14.000000
5.000000
5.000000
9.000000
8.000000
7.000000
3.000000
10.000000
13.000000
13.500000
12.000000
5.000000
6.000000
10.833333
15.000000
15.000000
5.333333
10.000000
10.333333
8.933333
15.333333
6.000000
7.000000
10.000000
12.000000
16.000000
6.500000
2.000000
2.000000
6.333333
6.000000
6.000000
8.666667
2.000000
9.000000
18.000000
14.000000
19.000000
7.166667
12.000000
2.000000
1.000000
12.000000
1.000000
5.866667
18.000000
6.000000
9.000000
12.200000
12.000000
5.035714
22.000000
9.833333
4.666667
2.000000
13.600000
8.000000
9.000000
26.000000
2.000000
9.142857
22.000000
4.000000
7.500000
11.933333
5.428571
11.000000
4.333333
4.000000
6.333333
10.333333
12.000000
5.750000
26.000000
8.000000
10.000000
4.333333
7.000000
14.000000
9.333333
11.166667
5.333333
5.500000
20.000000
14.666667
6.000000
2.666667
19.000000
7.095238
5.466667
4.000000
13.000000
17.000000
7.000000
6.000000
10.000000
7.333333
4.600000
5.333333
2.000000
17.666667
1.000000
6.333333
22.000000
6.000000
11.000000
6.000000
3.000000
10.000000
14.000000
12.000000
9.000000
6.000000
6.333333
10.000000
11.000000
3.000000
6.761905
7.000000
5.833333
5.000000
10.600000
11.000000
5.200000
10.000000
5.833333
7.333333
13.333333
6.000000
6.555556
18.000000
1.000000
5.000000
9.000000
5.333333
5.000000
3.000000
19.666667
9.166667
1.000000
7.333333
7.000000
7.000000
3.619048
7.000000
13.000000
7.400000
5.000000
13.333333
8.666667
5.000000
12.000000
7.000000
1.333333
10.000000
5.500000
3.000000
6.666667
9.000000
5.200000
5.333333
5.787879
14.333333
5.000000
6.000000
12.000000
5.666667
7.500000
16.000000
8.666667
8.000000
4.000000
4.678571
11.000000
4.000000
2.833333
6.000000
18.333333
4.000000
6.000000
5.000000
8.000000
11.500000
26.000000
8.000000
13.000000
1.000000
9.000000
22.000000
5.000000
7.000000
1.000000
3.000000
6.000000
9.000000
4.900000
9.000000
8.133333
7.166667
14.000000
3.333333
3.000000
6.000000
7.000000
7.333333
13.000000
14.000000
16.000000
5.000000
6.333333
14.000000
13.000000
9.000000
11.100000
11.000000
13.000000
6.000000
1.666667
26.000000
8.333333
6.000000
10.000000
28.000000
7.400000
11.000000
5.000000
10.000000
5.523810
11.000000
14.000000
6.000000
11.000000
15.000000
6.833333
3.666667
6.333333
5.500000
10.333333
5.166667
11.000000
8.000000
10.000000
8.000000
1.000000
8.000000
2.000000
6.833333
1.000000
25.000000
3.333333
7.866667
10.000000
7.644444
8.000000
5.000000
8.000000
3.000000
2.666667
4.000000
8.000000
5.000000
10.000000
7.000000
7.000000
8.000000
1.000000
4.666667
6.036364
3.000000
4.333333
12.500000
10.000000
6.666667
22.000000
1.000000
12.000000
12.000000
8.000000
4.000000
3.333333
8.666667
7.333333
13.000000
2.800000
15.000000
6.000000
10.000000
7.000000
10.333333
3.000000
14.000000
6.000000
6.190476
9.333333
4.000000
6.000000
7.333333
6.000000
7.000000
4.166667
13.000000
5.833333
4.600000
11.000000
5.000000
6.500000
5.666667
18.000000
5.333333
10.666667
7.333333
7.000000
4.000000
5.000000
5.333333
8.000000
7.000000
12.666667
5.000000
3.000000
7.307692
19.000000
5.111111
12.000000
7.000000
8.666667
8.300000
6.166667
5.000000
15.333333
8.000000
14.333333
12.000000
10.000000
26.000000
10.000000
26.000000
11.000000
2.000000
6.000000
8.000000
3.000000
28.000000
6.000000
13.000000
5.000000
4.000000
2.600000
3.000000
4.666667
6.333333
8.000000
7.277778
13.000000
6.000000
4.000000
6.142857
6.428571
8.333333
6.333333
11.000000
11.000000
12.000000
2.333333
7.000000
24.000000
18.333333
7.000000
6.000000
8.333333
3.833333
7.333333
5.000000
11.000000
6.000000
9.000000
6.666667
4.000000
3.000000
6.800000
7.666667
6.000000
8.244444
13.000000
13.666667
6.000000
5.000000
5.133333
9.333333
7.333333
10.000000
14.000000
15.000000
9.000000
5.000000
3.400000
9.000000
7.400000
3.333333
5.923077
8.963636
14.000000
6.333333
9.200000
4.000000
3.900000
28.000000
6.000000
12.500000
4.000000
3.000000
3.533333
13.000000
9.666667
5.000000
8.666667
19.000000
28.000000
15.000000
3.000000
8.000000
1.333333
11.600000
5.000000
5.000000
5.000000
5.000000
1.000000
4.000000
8.000000
14.666667
3.666667
5.500000
9.000000
20.666667
5.666667
7.000000
8.000000
6.000000
8.178571
4.000000
13.000000
13.000000
5.000000
11.666667
1.000000
20.333333
20.000000
6.000000
14.000000
8.666667
2.000000
5.333333
6.000000
2.000000
13.000000
9.000000
3.000000
6.600000
7.000000
5.000000
5.833333
4.061905
10.000000
6.000000
5.700000
9.900000
9.000000
8.000000
6.666667
8.000000
9.000000
5.000000
16.333333
19.000000
5.500000
10.266667
4.000000
5.000000
14.000000
11.900000
5.000000
4.000000
8.000000
5.000000
15.000000
5.000000
12.100000
12.000000
6.666667
2.000000
3.333333
10.833333
8.545455
20.000000
17.000000
8.000000
16.333333
12.333333
20.000000
6.866667
6.464286
4.000000
2.000000
3.000000
6.300000
4.666667
2.000000
8.333333
3.000000
9.666667
7.833333
5.000000
14.000000
16.000000
7.000000
6.166667
7.327273
3.666667
9.200000
3.000000
7.000000
5.000000
8.000000
5.227273
16.000000
15.000000
3.666667
8.700000
8.333333
3.000000
1.000000
5.000000
5.000000
26.000000
5.833333
5.000000
4.000000
6.000000
5.000000
4.000000
10.000000
12.000000
7.000000
13.666667
7.666667
4.833333
9.000000
17.000000
9.200000
14.000000
6.266667
6.000000
3.500000
8.666667
12.333333
1.000000
1.000000
12.000000
18.000000
8.000000
1.000000
7.000000
6.000000
8.535714
26.000000
4.000000
2.000000
24.000000
9.000000
19.000000
6.428571
9.321429
3.666667
3.333333
7.500000
15.000000
2.000000
6.000000
8.000000
3.238095
10.000000
3.833333
16.000000
4.000000
9.000000
3.000000
3.833333
4.500000
9.000000
2.000000
9.000000
6.000000
13.000000
10.600000
7.600000
11.666667
4.000000
4.000000
13.000000
13.000000
5.666667
7.000000
2.000000
5.000000
4.833333
6.000000
9.000000
2.000000
5.000000
12.000000
4.500000
13.666667
19.333333
4.000000
12.166667
6.000000
8.666667
