homogeneity
5.000000
17.000000
23.166667
7.060606
7.000000
14.666667
19.000000
7.000000
29.000000
16.000000
4.000000
21.400000
1.000000
22.000000
14.600000
2.000000
1.000000
9.000000
3.000000
16.000000
7.000000
13.000000
20.000000
13.000000
12.666667
19.333333
26.000000
12.000000
19.333333
15.333333
12.000000
6.000000
24.666667
14.600000
15.666667
1.000000
22.166667
2.000000
11.055556
3.000000
11.666667
15.666667
1.000000
7.205128
44.333333
13.833333
10.333333
4.000000
21.000000
18.333333
14.000000
3.000000
13.000000
4.000000
15.333333
3.000000
16.666667
1.000000
1.000000
12.000000
9.000000
5.000000
3.355556
5.000000
12.666667
27.000000
13.666667
1.000000
10.000000
11.000000
2.000000
12.000000
10.100000
15.000000
8.000000
12.800000
8.900000
2.000000
2.733333
12.000000
3.000000
18.000000
10.200000
1.000000
24.000000
3.000000
12.000000
15.000000
8.000000
2.000000
4.000000
1.000000
1.000000
21.000000
4.000000
10.523810
1.000000
6.333333
16.333333
4.000000
4.000000
4.333333
1.000000
1.000000
2.000000
7.000000
3.000000
3.000000
6.666667
11.900000
1.333333
17.333333
15.000000
4.000000
7.000000
12.666667
1.000000
15.000000
8.000000
5.000000
6.000000
2.000000
2.000000
2.000000
16.000000
12.333333
39.000000
17.400000
22.000000
3.000000
2.000000
21.000000
4.666667
16.333333
9.666667
14.166667
12.000000
4.000000
17.000000
4.666667
3.000000
2.000000
14.500000
2.000000
13.000000
8.000000
1.000000
10.333333
7.666667
9.000000
17.800000
15.000000
10.000000
15.000000
10.000000
14.333333
4.333333
1.000000
1.000000
12.333333
1.000000
10.000000
1.000000
6.000000
6.666667
9.000000
10.166667
4.000000
1.000000
5.000000
10.000000
2.000000
17.000000
13.666667
12.000000
17.000000
12.000000
18.000000
4.666667
1.000000
7.000000
3.000000
1.000000
22.000000
14.000000
6.000000
14.000000
2.000000
25.333333
15.000000
2.000000
15.800000
11.333333
12.666667
8.000000
9.000000
14.000000
12.166667
2.000000
17.000000
17.533333
16.000000
2.000000
3.000000
4.000000
5.000000
12.000000
3.000000
4.000000
6.333333
3.000000
13.000000
8.000000
10.000000
3.000000
3.000000
15.000000
2.000000
9.000000
23.000000
18.000000
10.000000
3.000000
1.000000
20.500000
1.000000
9.333333
15.500000
20.000000
19.857143
5.333333
15.000000
1.000000
4.000000
16.000000
13.000000
1.000000
13.333333
12.892857
22.333333
43.000000
1.000000
3.000000
18.666667
18.000000
11.000000
10.000000
4.333333
29.666667
1.000000
6.000000
9.000000
9.000000
19.000000
1.000000
3.000000
10.000000
4.904762
2.000000
37.000000
1.000000
5.000000
32.000000
8.666667
8.636364
17.333333
17.000000
22.333333
24.666667
8.666667
29.333333
20.866667
4.000000
10.333333
22.333333
9.000000
1.000000
5.000000
10.000000
25.000000
9.333333
15.000000
2.000000
3.000000
1.000000
2.333333
7.000000
23.000000
28.666667
21.700000
12.047619
5.000000
10.333333
17.000000
1.000000
10.000000
19.000000
14.000000
9.333333
19.000000
24.000000
12.000000
6.666667
14.000000
14.333333
23.000000
17.000000
26.666667
7.000000
2.900000
4.000000
12.000000
6.000000
19.000000
3.000000
2.000000
4.000000
10.083333
4.000000
2.800000
12.333333
13.100000
1.000000
14.333333
23.000000
3.000000
13.833333
10.000000
1.000000
15.166667
15.000000
11.321429
10.000000
13.000000
17.600000
14.000000
16.333333
34.000000
8.666667
9.911111
2.000000
45.000000
13.333333
3.000000
10.333333
12.000000
16.700000
3.000000
4.666667
14.000000
10.000000
16.000000
3.000000
9.166667
1.000000
14.333333
9.333333
14.666667
11.000000
5.000000
18.333333
16.666667
7.939394
7.607143
1.000000
1.000000
1.000000
7.600000
9.666667
20.666667
18.000000
4.000000
6.000000
1.000000
6.666667
5.000000
14.000000
35.666667
16.000000
3.000000
29.100000
29.000000
1.000000
15.333333
4.000000
3.000000
9.666667
26.833333
32.166667
19.666667
1.000000
29.666667
6.666667
9.000000
6.000000
8.000000
2.000000
16.933333
36.166667
5.000000
2.000000
8.000000
19.733333
6.000000
5.000000
1.000000
5.333333
28.700000
6.000000
11.000000
29.666667
5.000000
28.666667
12.000000
2.000000
2.000000
4.300000
12.952381
5.000000
6.000000
22.000000
11.000000
24.500000
12.000000
14.000000
1.000000
46.000000
1.000000
14.500000
3.000000
12.666667
1.000000
13.000000
12.333333
4.000000
6.000000
2.333333
1.000000
8.666667
2.000000
1.000000
3.000000
1.000000
13.000000
8.000000
1.000000
17.000000
7.000000
14.190476
8.000000
2.000000
15.666667
9.333333
10.800000
17.000000
29.400000
32.000000
9.000000
6.000000
21.333333
20.571429
1.000000
14.333333
1.000000
10.000000
8.666667
1.000000
11.000000
11.200000
10.000000
21.166667
4.000000
25.666667
17.333333
4.333333
21.380952
1.000000
10.666667
29.000000
2.000000
3.000000
3.000000
9.444444
3.000000
2.000000
2.000000
14.333333
9.000000
8.333333
27.833333
6.000000
1.000000
9.000000
6.000000
33.000000
23.333333
14.000000
1.000000
3.000000
9.666667
10.833333
5.000000
17.888889
9.000000
6.000000
3.666667
6.833333
14.300000
25.000000
1.333333
2.000000
7.000000
13.809524
14.066667
22.666667
8.833333
3.666667
3.000000
13.000000
1.000000
20.900000
21.333333
12.833333
9.166667
9.400000
18.000000
2.000000
1.000000
23.000000
11.333333
7.500000
14.500000
17.000000
17.666667
5.900000
18.000000
2.000000
18.428571
8.000000
7.000000
3.000000
4.000000
2.000000
9.000000
8.000000
27.166667
3.000000
3.000000
3.000000
6.000000
6.000000
6.000000
1.000000
4.000000
4.000000
3.000000
1.000000
21.100000
1.000000
28.000000
16.666667
13.166667
3.666667
1.000000
5.000000
1.000000
1.000000
3.000000
1.000000
12.000000
21.000000
5.666667
2.000000
9.000000
22.000000
14.000000
7.166667
24.333333
12.900000
11.000000
5.000000
8.333333
10.333333
9.000000
4.666667
5.190476
22.000000
6.000000
13.000000
4.900000
4.000000
6.000000
6.666667
17.000000
25.000000
1.000000
7.333333
27.333333
1.000000
24.333333
5.000000
12.000000
3.000000
10.666667
1.000000
9.000000
14.000000
32.333333
3.000000
16.666667
1.000000
5.825000
8.000000
4.000000
20.000000
6.000000
5.666667
15.000000
2.000000
8.000000
3.000000
5.000000
3.000000
1.000000
4.000000
17.300000
26.333333
19.333333
25.300000
3.000000
1.000000
16.333333
6.000000
3.000000
21.333333
21.000000
8.000000
7.000000
5.711111
25.800000
1.000000
15.333333
2.000000
1.000000
22.133333
16.000000
3.000000
3.000000
6.392857
21.666667
21.285714
31.000000
16.400000
11.000000
5.892857
25.333333
1.000000
1.000000
6.000000
25.000000
7.333333
32.333333
20.333333
9.666667
10.800000
3.000000
11.000000
10.607143
5.333333
18.400000
15.000000
3.000000
3.000000
5.000000
13.200000
2.000000
4.666667
3.000000
9.000000
15.666667
24.000000
19.700000
30.500000
5.000000
20.476190
17.238095
8.000000
23.800000
22.800000
1.000000
3.000000
1.000000
6.142857
7.000000
5.666667
1.000000
1.500000
4.000000
33.333333
14.066667
6.000000
3.333333
13.666667
7.666667
3.000000
1.000000
36.000000
14.000000
1.000000
1.000000
9.888889
15.000000
6.833333
8.115385
9.000000
13.000000
11.000000
3.000000
14.900000
11.785714
2.000000
4.000000
10.900000
9.666667
28.500000
7.000000
12.000000
9.666667
4.666667
8.560606
5.000000
4.000000
1.000000
20.333333
3.000000
4.333333
25.100000
20.166667
9.000000
1.000000
1.000000
12.333333
2.000000
18.000000
2.000000
19.933333
1.000000
7.333333
18.000000
5.000000
4.000000
12.000000
6.000000
23.333333
11.666667
14.666667
7.000000
1.000000
2.333333
6.333333
30.666667
7.000000
12.333333
3.666667
8.000000
6.666667
5.000000
4.000000
9.666667
1.000000
3.000000
5.000000
3.000000
26.666667
9.500000
4.000000
1.000000
1.000000
1.000000
16.833333
5.000000
2.000000
1.000000
4.000000
3.000000
1.000000
31.000000
20.000000
8.777778
10.666667
8.666667
3.000000
9.666667
12.333333
5.000000
8.000000
32.666667
1.000000
7.000000
4.000000
15.177778
2.000000
14.000000
5.000000
10.000000
11.666667
9.000000
24.000000
8.100000
2.000000
1.000000
8.000000
6.000000
17.000000
15.000000
4.000000
3.000000
5.000000
20.904762
19.333333
8.000000
5.000000
1.000000
24.866667
4.333333
32.000000
1.000000
13.000000
1.000000
1.000000
22.666667
4.000000
28.000000
4.333333
9.666667
9.000000
11.500000
6.142857
16.523810
26.000000
7.000000
15.000000
6.666667
5.000000
20.428571
6.000000
8.000000
3.000000
9.333333
1.000000
5.000000
9.095238
11.833333
10.000000
12.575758
1.000000
4.000000
18.000000
7.666667
1.000000
3.000000
6.000000
6.176471
5.000000
2.000000
24.000000
4.333333
1.000000
11.000000
14.142857
18.000000
4.000000
4.000000
1.000000
3.000000
3.000000
1.000000
1.000000
9.000000
8.666667
1.000000
1.000000
3.000000
7.000000
1.000000
1.000000
13.000000
1.000000
5.666667
16.000000
16.700000
2.000000
1.000000
3.500000
3.000000
11.333333
7.500000
1.000000
8.000000
16.833333
4.000000
2.000000
3.000000
4.000000
10.166667
11.000000
3.000000
2.000000
9.000000
8.333333
2.000000
1.000000
20.200000
12.333333
7.000000
8.000000
7.000000
5.333333
1.000000
15.933333
2.000000
6.619048
9.333333
2.000000
13.666667
7.000000
5.200000
17.000000
6.000000
1.000000
15.563636
13.000000
12.000000
1.000000
2.000000
7.000000
2.000000
5.000000
1.000000
2.000000
6.047619
16.190476
17.333333
3.000000
3.000000
7.000000
3.333333
5.000000
3.666667
9.000000
5.666667
5.000000
10.000000
2.000000
1.000000
5.666667
1.000000
2.000000
5.000000
6.000000
3.000000
5.000000
1.000000
6.666667
11.000000
19.600000
2.600000
7.333333
7.333333
22.035714
2.000000
9.000000
5.000000
1.000000
26.900000
14.666667
1.000000
2.000000
4.333333
2.000000
2.000000
6.000000
9.000000
1.000000
13.000000
3.333333
2.000000
2.333333
3.333333
2.000000
1.000000
1.000000
3.000000
1.000000
1.000000
14.533333
17.000000
3.000000
8.000000
4.000000
1.000000
1.000000
2.000000
1.000000
1.000000
13.047619
11.000000
4.000000
1.000000
11.000000
10.000000
13.000000
3.000000
7.000000
1.000000
2.000000
2.166667
7.000000
5.000000
4.000000
10.000000
9.000000
25.000000
7.000000
4.000000
1.000000
1.000000
2.000000
7.333333
8.000000
3.000000
14.000000
3.000000
1.000000
3.000000
1.000000
5.000000
4.821429
6.800000
8.333333
7.000000
4.000000
2.000000
14.000000
17.000000
5.000000
9.333333
9.800000
14.333333
8.000000
5.600000
7.000000
23.000000
14.000000
17.750000
8.000000
21.000000
15.333333
5.000000
7.000000
9.321429
1.000000
1.000000
20.476190
1.000000
26.000000
22.400000
27.000000
22.000000
8.523810
18.178571
5.000000
8.000000
5.000000
22.666667
9.333333
5.800000
2.000000
18.333333
8.781818
8.000000
7.000000
3.000000
1.000000
4.666667
18.500000
9.000000
15.000000
2.000000
7.000000
5.333333
7.666667
8.200000
3.006006
3.333333
2.000000
7.820513
7.000000
10.750000
2.000000
2.000000
1.000000
2.000000
7.000000
1.000000
1.000000
2.666667
5.666667
9.000000
12.166667
11.333333
1.000000
3.666667
10.666667
20.600000
8.000000
13.047619
3.000000
5.000000
13.000000
12.000000
6.000000
2.000000
19.000000
3.000000
16.666667
16.000000
12.666667
22.000000
10.866667
19.000000
13.000000
15.333333
10.000000
16.000000
9.000000
12.000000
35.000000
13.145455
2.000000
2.000000
7.000000
6.666667
4.000000
19.000000
5.000000
18.000000
7.666667
11.000000
1.000000
7.000000
19.000000
1.000000
8.900000
25.000000
21.285714
2.000000
20.333333
10.000000
7.800000
2.000000
2.000000
4.000000
5.714286
9.333333
2.000000
22.000000
14.400000
1.000000
9.955556
5.000000
2.230159
26.333333
2.000000
3.000000
12.000000
8.000000
13.833333
3.000000
20.000000
10.700000
25.933333
6.000000
24.100000
8.333333
3.000000
4.666667
6.326797
5.000000
12.000000
12.000000
2.000000
7.000000
12.000000
26.333333
18.000000
17.000000
2.000000
3.666667
12.333333
6.000000
4.000000
13.833333
1.000000
8.200000
7.833333
16.000000
7.000000
10.000000
3.000000
6.000000
3.000000
16.833333
1.000000
11.300000
3.000000
2.666667
10.000000
28.000000
4.000000
19.000000
4.000000
3.666667
3.666667
3.000000
4.000000
17.333333
8.000000
20.333333
15.222222
7.000000
14.000000
10.000000
12.000000
6.000000
12.333333
4.000000
8.000000
12.400000
16.900000
3.000000
1.000000
4.000000
2.000000
3.666667
21.333333
8.333333
4.000000
6.000000
2.000000
3.000000
10.333333
19.000000
1.000000
3.000000
7.666667
13.333333
3.000000
4.000000
13.000000
11.400000
4.303030
6.000000
3.000000
12.666667
5.333333
4.000000
2.000000
1.000000
8.000000
6.000000
2.000000
3.000000
2.666667
3.000000
15.000000
15.333333
6.000000
6.333333
1.000000
6.666667
5.000000
1.000000
2.000000
5.000000
4.000000
24.666667
11.000000
2.000000
16.666667
1.000000
3.000000
7.166667
6.000000
4.000000
2.000000
3.000000
14.166667
8.000000
13.400000
2.000000
4.000000
17.857143
5.214286
4.000000
13.400000
4.000000
2.000000
10.333333
26.000000
9.666667
3.000000
2.000000
12.500000
14.000000
7.666667
13.000000
11.333333
7.000000
10.000000
4.833333
14.000000
3.000000
9.666667
5.000000
1.000000
4.000000
13.666667
9.666667
5.800000
13.000000
4.666667
1.000000
17.833333
7.000000
6.000000
5.000000
2.000000
3.000000
1.000000
1.000000
9.000000
3.000000
9.000000
6.000000
6.844444
6.000000
5.000000
6.000000
12.000000
10.333333
3.000000
11.166667
11.000000
7.000000
16.000000
1.000000
3.666667
14.333333
1.000000
6.000000
7.000000
3.000000
24.000000
1.000000
17.000000
2.000000
2.000000
14.333333
4.333333
10.466667
4.000000
3.000000
7.000000
12.000000
13.000000
8.785714
4.964286
4.000000
9.333333
8.666667
7.000000
3.000000
10.400000
14.000000
1.000000
7.000000
1.000000
6.400000
3.000000
2.000000
9.666667
5.000000
3.000000
7.333333
9.333333
4.000000
9.166667
17.000000
12.900000
13.666667
7.666667
14.000000
6.833333
10.333333
6.000000
5.000000
3.000000
4.333333
2.000000
6.000000
5.000000
12.000000
11.000000
5.285714
2.000000
3.333333
1.000000
2.000000
2.000000
15.500000
2.000000
10.285714
8.000000
16.333333
2.000000
10.333333
3.000000
5.000000
3.000000
11.000000
1.000000
7.333333
2.000000
10.000000
4.000000
1.000000
2.000000
3.000000
11.100000
14.600000
4.333333
9.166667
7.000000
17.000000
5.666667
7.000000
10.300000
3.000000
2.000000
1.000000
5.000000
10.600000
2.000000
11.000000
11.000000
4.000000
2.000000
1.000000
