homogeneity
10.000000
4.333333
12.000000
12.000000
6.000000
2.000000
11.000000
5.000000
8.809524
3.333333
4.900000
6.666667
1.666667
5.000000
9.700000
2.000000
5.000000
6.000000
5.533333
25.000000
2.000000
1.000000
19.000000
5.400000
1.333333
1.000000
9.666667
16.166667
12.000000
1.000000
8.266667
6.333333
4.666667
11.000000
6.166667
2.500000
1.000000
6.666667
6.000000
3.000000
20.666667
1.000000
1.000000
5.000000
9.000000
4.933333
7.666667
6.000000
4.000000
8.833333
7.666667
11.000000
8.142857
2.666667
3.333333
5.333333
2.857143
5.000000
7.000000
5.333333
4.333333
8.333333
1.000000
13.000000
2.666667
6.000000
1.000000
12.333333
11.833333
4.000000
12.000000
9.000000
5.500000
8.000000
10.000000
1.000000
3.000000
10.000000
4.000000
8.809524
8.333333
6.500000
4.000000
9.000000
7.241667
15.000000
4.666667
4.000000
13.000000
17.000000
6.972222
20.000000
2.000000
3.000000
3.000000
12.666667
10.000000
6.614379
17.000000
1.000000
4.000000
4.000000
4.666667
8.500000
6.000000
6.000000
5.000000
2.388889
6.333333
10.000000
3.000000
7.000000
14.000000
1.333333
8.000000
12.166667
1.000000
7.666667
15.000000
7.000000
1.000000
9.000000
3.666667
5.000000
7.666667
4.000000
2.000000
8.000000
11.000000
6.000000
2.000000
5.666667
2.000000
2.000000
8.333333
4.000000
11.000000
1.000000
11.000000
2.000000
7.333333
1.000000
9.000000
5.000000
11.000000
6.000000
5.833333
9.000000
8.000000
9.833333
12.000000
8.200000
7.000000
1.000000
5.333333
11.000000
7.166667
6.833333
5.000000
9.000000
6.000000
5.500000
7.000000
11.000000
4.500000
3.000000
14.000000
17.000000
7.666667
14.000000
2.000000
5.000000
1.000000
10.000000
9.666667
10.933333
9.000000
1.000000
7.000000
5.000000
14.000000
5.666667
15.333333
10.300000
2.000000
8.333333
6.000000
23.000000
17.000000
11.000000
8.000000
10.000000
7.666667
1.333333
19.000000
4.000000
8.000000
9.000000
11.000000
9.000000
6.333333
7.000000
25.000000
5.333333
12.000000
5.472727
2.000000
13.000000
10.000000
1.333333
3.666667
17.000000
3.666667
3.000000
1.000000
37.000000
2.000000
12.000000
1.000000
8.866667
8.333333
7.166667
3.000000
12.666667
17.333333
6.000000
8.000000
1.000000
7.466667
2.333333
11.333333
5.000000
10.666667
9.000000
15.666667
25.000000
3.100000
13.000000
13.000000
2.000000
5.107143
9.000000
12.000000
8.000000
2.000000
13.000000
4.212121
7.000000
4.000000
3.000000
7.000000
13.000000
8.000000
4.777778
2.000000
7.000000
4.000000
8.000000
2.666667
1.000000
6.000000
1.000000
14.000000
14.000000
9.000000
12.000000
13.333333
13.000000
1.000000
3.000000
17.000000
7.282051
7.000000
7.200000
3.333333
2.000000
1.000000
8.000000
3.000000
7.833333
15.000000
7.600000
7.000000
4.000000
12.000000
16.666667
4.000000
9.904762
11.000000
5.000000
11.000000
1.500000
1.000000
2.666667
4.333333
3.000000
3.000000
4.000000
8.000000
3.100000
18.000000
6.333333
19.000000
7.000000
5.000000
21.000000
12.000000
6.000000
13.000000
11.000000
10.333333
1.000000
5.000000
3.000000
22.333333
3.000000
2.000000
8.000000
12.000000
3.000000
6.333333
4.000000
10.000000
8.666667
14.000000
16.000000
6.000000
4.000000
11.000000
2.000000
10.000000
4.333333
11.000000
3.000000
2.000000
4.000000
4.666667
7.100000
7.000000
6.500000
5.666667
2.800000
2.000000
1.000000
11.666667
10.000000
3.000000
13.000000
13.000000
4.000000
7.821429
3.000000
4.000000
9.000000
1.000000
5.333333
5.000000
12.000000
15.000000
4.000000
10.700000
33.000000
7.000000
2.000000
8.000000
14.000000
4.833333
13.000000
4.000000
7.000000
8.321429
5.000000
19.000000
8.000000
6.250000
8.833333
3.666667
2.600000
13.000000
22.000000
7.000000
5.000000
25.000000
7.000000
12.000000
8.000000
5.333333
7.000000
5.533333
16.000000
16.000000
1.000000
5.000000
9.666667
3.000000
1.000000
2.000000
9.000000
22.000000
3.833333
5.000000
6.200000
9.333333
9.000000
13.000000
6.000000
3.000000
9.000000
17.333333
2.000000
4.000000
1.000000
12.000000
11.000000
6.000000
4.000000
3.000000
7.908333
12.000000
3.644444
3.800000
5.000000
1.000000
8.666667
12.000000
9.000000
2.000000
37.000000
9.000000
1.000000
5.666667
13.166667
15.333333
6.500000
4.333333
4.666667
3.000000
12.000000
4.333333
2.000000
7.000000
12.000000
10.000000
2.636637
8.200000
22.333333
10.666667
6.000000
8.000000
2.000000
5.000000
3.787879
9.000000
9.000000
2.333333
2.166667
8.000000
8.000000
5.666667
2.000000
7.321429
2.000000
5.000000
1.000000
5.100000
3.000000
10.000000
9.000000
10.000000
2.000000
6.750000
1.000000
6.000000
9.000000
13.000000
5.000000
11.000000
6.000000
6.166667
3.000000
10.000000
6.000000
3.000000
7.000000
8.214286
1.000000
2.800000
1.000000
5.047619
11.833333
7.000000
3.000000
7.333333
5.800000
11.000000
3.000000
12.600000
17.000000
5.000000
4.214286
7.000000
4.666667
5.000000
37.000000
33.000000
13.666667
6.000000
4.800000
6.666667
8.000000
10.000000
4.600000
3.000000
4.666667
13.666667
14.000000
2.000000
14.904762
8.000000
5.666667
6.000000
2.000000
8.000000
3.000000
6.000000
7.000000
21.100000
6.000000
9.000000
18.000000
4.500000
8.000000
33.000000
7.200000
11.047619
3.000000
6.000000
6.000000
1.000000
11.714286
4.000000
7.000000
12.000000
4.133333
13.000000
11.000000
10.666667
7.000000
15.400000
2.000000
8.833333
9.333333
14.000000
7.666667
2.000000
5.266667
5.000000
11.000000
8.666667
7.000000
8.000000
2.000000
8.666667
10.000000
1.000000
15.666667
18.000000
3.000000
3.666667
3.000000
9.000000
10.500000
13.000000
5.000000
10.166667
5.333333
14.333333
4.000000
1.000000
12.000000
4.000000
2.000000
9.200000
7.000000
8.000000
7.533333
1.000000
11.000000
6.628571
5.000000
2.000000
14.000000
8.571429
7.333333
1.000000
18.000000
16.333333
7.000000
12.000000
4.000000
6.333333
13.000000
5.333333
14.333333
1.000000
12.000000
11.000000
6.666667
20.000000
6.000000
9.190476
11.000000
22.000000
1.666667
6.285714
13.666667
6.666667
6.333333
15.333333
6.666667
4.000000
11.000000
4.333333
5.800000
3.000000
3.000000
2.476190
4.000000
23.000000
5.500000
4.333333
6.000000
7.444444
15.000000
11.666667
7.666667
17.466667
8.000000
13.000000
8.000000
6.000000
16.000000
12.000000
8.000000
4.000000
7.666667
10.000000
2.666667
1.666667
7.000000
4.000000
8.000000
12.000000
4.000000
20.000000
1.000000
3.893939
2.333333
9.000000
8.178571
6.607143
3.000000
1.000000
6.666667
12.000000
8.000000
6.000000
5.666667
7.000000
3.036364
1.000000
5.000000
3.000000
10.000000
3.000000
7.000000
12.000000
3.000000
23.000000
1.000000
9.500000
11.000000
4.000000
4.000000
3.000000
22.000000
10.400000
9.666667
1.666667
2.000000
1.000000
6.066667
17.000000
2.095238
1.000000
3.000000
6.000000
2.666667
13.000000
5.000000
2.000000
2.333333
2.000000
12.333333
5.000000
8.666667
1.000000
1.000000
7.666667
1.333333
1.000000
3.266667
11.333333
1.000000
8.309091
7.000000
13.333333
10.000000
5.000000
2.000000
3.000000
3.666667
2.000000
2.000000
4.000000
2.000000
11.000000
4.000000
3.000000
18.000000
4.666667
10.666667
8.000000
2.000000
1.000000
2.000000
5.000000
3.666667
3.000000
2.333333
1.200000
9.000000
3.000000
6.000000
3.000000
1.733333
8.285714
14.666667
6.333333
5.000000
3.666667
8.666667
1.000000
4.333333
7.964286
7.000000
9.000000
6.000000
25.000000
8.000000
22.000000
1.000000
1.000000
5.000000
9.000000
2.000000
23.000000
5.666667
1.000000
17.000000
22.000000
7.000000
13.000000
8.000000
3.000000
16.000000
33.000000
4.000000
7.000000
3.000000
12.000000
15.000000
9.000000
7.333333
1.000000
12.000000
6.833333
1.000000
10.333333
3.000000
8.333333
6.000000
8.000000
6.785714
5.000000
3.196970
4.666667
2.000000
3.666667
4.000000
4.666667
6.666667
5.000000
3.000000
10.000000
6.000000
23.000000
7.000000
8.285714
6.000000
11.190476
13.000000
12.000000
3.000000
4.745098
3.000000
12.000000
7.000000
3.000000
17.000000
15.000000
15.000000
11.000000
13.000000
7.000000
10.333333
5.892857
3.000000
1.000000
5.000000
10.800000
3.000000
4.722222
12.000000
2.000000
8.333333
1.666667
2.000000
6.000000
2.000000
10.000000
1.000000
3.000000
2.333333
8.000000
5.000000
5.000000
2.000000
1.000000
14.000000
5.166667
5.000000
6.000000
13.000000
13.666667
1.000000
7.000000
26.000000
9.333333
9.666667
7.333333
2.666667
11.333333
2.000000
1.000000
7.761905
4.000000
3.666667
6.000000
2.000000
9.333333
5.000000
8.000000
9.000000
11.000000
1.000000
4.000000
20.000000
15.000000
10.166667
4.000000
9.000000
5.000000
2.000000
12.000000
2.733333
19.000000
13.000000
17.000000
7.000000
3.333333
4.821429
4.000000
1.833333
4.666667
4.000000
7.600000
1.333333
3.000000
3.000000
9.000000
6.428571
3.333333
8.000000
5.333333
2.266667
8.714286
37.000000
3.000000
6.666667
5.333333
3.000000
9.000000
3.000000
14.000000
1.000000
10.000000
6.000000
14.000000
6.000000
7.000000
1.833333
5.333333
8.833333
23.000000
26.000000
6.000000
4.000000
11.000000
5.857143
7.866667
12.666667
5.000000
6.500000
9.000000
11.000000
8.000000
6.333333
5.500000
3.333333
1.000000
12.666667
7.000000
20.000000
6.000000
6.000000
33.000000
1.000000
1.000000
1.000000
15.000000
13.000000
4.000000
11.000000
10.000000
4.000000
5.000000
3.000000
6.333333
3.000000
2.833333
8.666667
5.100000
3.000000
5.300000
1.000000
11.166667
4.000000
4.666667
1.000000
8.244444
8.000000
4.000000
5.000000
2.000000
2.666667
14.000000
14.000000
6.666667
5.833333
11.000000
1.000000
18.000000
15.000000
10.380952
25.000000
2.000000
1.800000
4.000000
3.000000
7.666667
1.000000
2.000000
14.000000
1.666667
5.000000
3.166667
5.000000
7.666667
12.666667
1.800000
3.000000
4.924242
5.666667
5.000000
2.000000
11.000000
6.666667
7.600000
3.000000
4.833333
7.333333
13.000000
12.821429
8.500000
4.000000
5.000000
6.666667
7.833333
1.000000
8.000000
17.000000
5.000000
10.333333
16.000000
6.333333
10.000000
5.000000
5.000000
1.000000
5.000000
5.333333
4.000000
7.000000
4.000000
20.000000
6.400000
2.000000
2.066667
6.500000
4.000000
11.000000
10.000000
37.000000
4.000000
7.666667
16.000000
25.000000
11.000000
1.000000
9.000000
1.000000
5.000000
7.666667
3.400000
12.000000
2.000000
2.000000
4.666667
6.000000
6.666667
12.000000
18.000000
6.000000
3.800000
8.000000
3.000000
3.000000
9.952381
7.666667
15.000000
3.000000
33.000000
12.000000
5.000000
8.333333
8.666667
3.333333
13.166667
6.500000
8.000000
7.000000
8.000000
2.000000
17.000000
4.000000
1.000000
5.333333
10.000000
5.000000
1.333333
8.533333
12.000000
3.955556
4.000000
1.000000
18.000000
9.000000
8.333333
6.000000
13.000000
11.000000
7.000000
10.000000
4.466667
12.000000
7.000000
10.833333
6.581818
1.000000
10.833333
5.166667
11.000000
8.333333
1.000000
7.000000
2.000000
1.333333
15.000000
15.000000
8.500000
9.666667
16.333333
10.000000
4.600000
5.000000
9.000000
9.333333
8.000000
3.000000
4.333333
11.000000
15.000000
8.047619
5.000000
1.000000
7.000000
10.166667
6.900000
10.000000
6.333333
1.000000
12.166667
8.600000
6.000000
8.000000
8.500000
8.666667
1.000000
7.666667
7.333333
8.000000
15.000000
14.000000
33.000000
7.000000
4.000000
17.000000
4.333333
2.000000
2.000000
7.205128
7.000000
7.888889
11.000000
6.000000
12.666667
5.900000
12.166667
1.000000
3.000000
2.000000
4.666667
3.000000
1.000000
9.666667
2.000000
3.000000
6.000000
23.000000
10.000000
2.000000
3.000000
2.000000
1.666667
8.666667
4.000000
5.000000
8.466667
2.000000
8.000000
10.333333
4.000000
6.805556
15.000000
6.000000
2.000000
3.809524
7.142857
12.000000
22.000000
3.000000
1.000000
12.000000
7.833333
4.000000
12.000000
13.166667
13.000000
5.333333
4.666667
9.833333
5.333333
11.333333
10.000000
11.000000
3.000000
1.333333
7.000000
12.000000
6.700000
5.333333
4.000000
7.555556
12.000000
12.333333
9.000000
2.333333
14.400000
4.333333
1.333333
2.000000
11.666667
7.000000
4.000000
1.000000
4.500000
4.000000
15.700000
3.166667
6.141026
4.981818
10.000000
5.000000
3.100000
12.000000
3.600000
19.000000
16.000000
5.666667
4.000000
1.000000
7.911111
13.000000
6.333333
5.000000
8.000000
10.000000
1.000000
10.000000
8.000000
14.400000
4.666667
2.900000
13.000000
1.000000
1.000000
1.000000
7.000000
1.000000
5.000000
4.666667
12.000000
4.833333
1.000000
4.333333
9.000000
7.000000
19.000000
33.000000
12.250000
1.000000
8.000000
4.000000
17.000000
4.000000
3.000000
6.666667
5.000000
1.000000
8.000000
4.333333
10.000000
3.166667
16.000000
10.000000
7.000000
8.000000
2.000000
3.800000
1.000000
11.000000
9.833333
3.644444
6.000000
14.000000
4.700000
2.900000
3.000000
6.466667
4.000000
12.000000
7.000000
16.000000
5.000000
2.000000
4.666667
10.733333
4.000000
6.000000
9.000000
9.200000
6.000000
12.000000
6.000000
1.000000
4.000000
3.333333
10.200000
9.000000
3.000000
7.000000
10.000000
2.833333
4.348485
3.000000
5.000000
1.000000
1.000000
12.333333
3.000000
11.333333
5.000000
2.666667
2.000000
5.000000
6.000000
7.333333
13.000000
9.333333
1.000000
15.500000
7.166667
7.000000
1.000000
16.000000
12.000000
7.666667
3.800000
3.833333
3.800000
3.000000
12.666667
11.000000
3.333333
3.136364
1.000000
12.000000
8.666667
3.900000
2.666667
2.000000
9.000000
8.000000
8.000000
5.000000
9.166667
10.000000
8.000000
9.000000
1.000000
16.333333
8.000000
10.000000
9.333333
4.000000
1.666667
8.500000
1.666667
8.000000
3.466667
1.000000
7.333333
3.000000
5.666667
3.333333
4.666667
11.000000
2.000000
5.000000
12.166667
4.666667
22.000000
12.333333
4.000000
7.535714
1.333333
3.333333
1.000000
3.000000
3.000000
2.000000
6.904762
5.750000
10.333333
2.333333
2.666667
37.000000
7.000000
8.000000
2.000000
2.952381
1.000000
4.166667
6.000000
16.000000
7.666667
8.000000
10.333333
2.666667
1.000000
6.000000
1.000000
5.000000
3.000000
6.266667
2.800000
8.000000
9.000000
17.000000
12.000000
7.333333
7.166667
1.000000
4.000000
6.000000
4.000000
15.000000
3.333333
5.000000
2.000000
8.000000
8.400000
7.666667
9.000000
14.000000
6.500000
1.000000
2.333333
