homogeneity
3.000000
1.000000
1.666667
4.378788
2.000000
3.000000
1.000000
1.000000
7.000000
4.000000
1.000000
4.000000
5.000000
1.000000
2.866667
5.000000
1.000000
3.000000
4.000000
7.000000
1.000000
5.000000
1.000000
1.000000
2.000000
1.333333
5.000000
1.000000
2.000000
1.666667
1.000000
1.000000
4.333333
4.866667
1.000000
8.000000
2.000000
4.000000
4.750000
1.000000
1.000000
4.000000
5.000000
2.794872
1.333333
4.500000
2.666667
6.000000
1.000000
2.333333
4.000000
0.000000
1.000000
3.000000
4.333333
3.000000
2.666667
3.000000
5.000000
5.000000
3.000000
1.000000
2.000000
5.000000
8.000000
4.000000
2.333333
1.000000
2.000000
3.000000
1.000000
4.000000
3.100000
3.000000
2.000000
1.600000
2.600000
1.000000
4.133333
1.000000
1.000000
2.000000
2.333333
12.000000
12.000000
3.000000
1.000000
2.000000
2.000000
2.000000
3.000000
1.000000
5.000000
1.000000
3.000000
4.666667
1.000000
4.000000
4.000000
2.000000
2.000000
1.000000
2.000000
1.000000
1.000000
1.000000
6.000000
4.000000
1.666667
2.400000
2.666667
1.666667
4.666667
1.000000
2.333333
5.000000
5.000000
1.000000
3.000000
1.000000
1.000000
1.000000
1.000000
2.000000
1.000000
1.333333
9.000000
3.333333
3.000000
3.333333
1.000000
4.000000
2.000000
5.000000
2.000000
2.166667
6.000000
3.000000
1.000000
4.833333
6.000000
5.000000
6.500000
3.000000
2.666667
6.000000
3.000000
2.666667
2.666667
5.000000
1.666667
2.000000
2.000000
7.000000
2.000000
4.166667
2.333333
1.000000
3.000000
3.666667
5.000000
1.666667
9.000000
0.000000
2.166667
1.000000
2.000000
1.000000
7.000000
2.000000
2.000000
3.000000
2.000000
7.000000
3.000000
3.000000
2.000000
4.000000
9.000000
5.000000
5.000000
1.000000
1.000000
1.500000
3.000000
4.000000
1.333333
4.000000
3.333333
1.000000
6.000000
5.200000
2.333333
1.500000
2.000000
3.000000
1.000000
3.000000
1.000000
6.000000
1.466667
6.000000
4.000000
1.000000
1.000000
3.000000
1.000000
1.000000
1.000000
2.333333
1.000000
2.000000
3.000000
1.000000
2.000000
0.000000
1.000000
2.000000
3.000000
10.000000
1.000000
5.000000
1.000000
11.000000
2.500000
4.000000
4.000000
3.900000
1.000000
3.857143
3.666667
1.666667
5.000000
1.166667
3.000000
2.000000
4.000000
3.000000
2.964286
1.333333
1.000000
5.000000
1.000000
1.000000
3.666667
4.833333
3.000000
3.000000
1.666667
2.000000
1.000000
2.000000
4.000000
3.000000
4.000000
3.000000
1.000000
3.714286
2.000000
2.000000
5.000000
7.000000
1.000000
1.833333
4.400000
1.166667
5.333333
2.333333
1.666667
4.333333
1.333333
2.133333
3.000000
1.666667
2.333333
1.000000
5.000000
1.000000
1.000000
4.000000
1.333333
6.000000
1.000000
5.000000
6.000000
1.333333
4.666667
2.000000
1.000000
3.000000
5.095238
2.000000
2.166667
1.666667
8.000000
3.000000
4.000000
3.000000
1.666667
4.000000
4.266667
1.000000
2.000000
2.000000
3.333333
2.000000
2.000000
2.666667
4.000000
3.700000
4.000000
6.000000
2.000000
1.733333
1.000000
4.000000
6.000000
2.611111
4.000000
4.044444
2.666667
2.900000
1.000000
1.666667
6.000000
0.000000
3.833333
2.000000
3.000000
1.833333
1.000000
4.642857
2.000000
1.333333
3.500000
3.333333
3.166667
3.000000
1.666667
2.666667
4.000000
6.000000
7.666667
4.000000
4.333333
2.000000
2.000000
2.000000
6.000000
5.000000
5.000000
7.000000
5.000000
3.000000
2.000000
5.066667
4.333333
1.333333
1.000000
3.000000
3.666667
3.666667
3.454545
4.357143
6.000000
5.000000
2.000000
2.500000
2.000000
1.333333
2.833333
2.000000
2.000000
6.000000
6.000000
5.000000
1.000000
2.666667
1.000000
2.000000
1.700000
8.000000
3.000000
3.500000
1.000000
1.000000
4.666667
2.333333
4.000000
3.000000
2.000000
1.666667
2.833333
6.000000
3.000000
4.000000
1.000000
4.266667
2.166667
3.000000
4.000000
1.000000
3.533333
2.000000
1.000000
5.000000
2.166667
2.200000
2.000000
3.000000
1.000000
2.000000
4.000000
5.000000
2.000000
1.000000
2.500000
4.666667
5.000000
2.000000
4.000000
2.000000
4.000000
1.000000
1.000000
6.000000
2.000000
3.000000
1.500000
1.000000
2.666667
9.000000
3.333333
1.666667
3.000000
1.000000
2.000000
2.000000
5.666667
2.000000
1.000000
9.000000
3.000000
4.666667
1.000000
2.000000
6.000000
9.000000
6.285714
1.000000
3.000000
4.333333
2.333333
2.955556
3.000000
3.900000
1.000000
1.000000
1.000000
2.333333
2.285714
3.000000
2.666667
4.000000
7.000000
7.333333
3.000000
6.000000
4.100000
2.000000
6.833333
1.000000
2.600000
1.666667
1.666667
3.238095
2.333333
1.666667
1.666667
1.000000
3.000000
1.000000
3.466667
3.000000
4.000000
6.000000
2.666667
3.712121
1.666667
5.333333
2.000000
1.000000
11.000000
3.000000
1.000000
2.333333
2.333333
1.000000
3.000000
1.666667
4.166667
1.000000
2.044444
1.666667
3.000000
5.000000
3.666667
4.000000
3.166667
1.666667
4.000000
1.000000
2.380952
4.600000
2.333333
2.333333
1.000000
2.000000
3.666667
1.000000
3.400000
5.833333
1.333333
1.833333
5.300000
2.000000
1.000000
1.000000
2.000000
2.000000
3.000000
3.333333
1.833333
1.000000
3.075000
1.000000
3.000000
3.500000
1.166667
3.000000
1.000000
9.000000
8.000000
5.000000
3.000000
4.333333
3.000000
9.000000
3.000000
2.000000
11.000000
4.000000
2.000000
1.000000
1.000000
2.000000
1.000000
3.100000
1.000000
3.333333
4.833333
1.166667
4.666667
3.000000
6.000000
5.000000
1.000000
3.000000
2.000000
8.000000
6.000000
1.666667
11.000000
5.000000
2.333333
1.000000
3.333333
2.666667
5.400000
2.000000
1.000000
2.666667
1.333333
3.000000
1.666667
2.476190
5.666667
6.000000
3.666667
1.500000
3.000000
3.000000
4.000000
0.000000
1.000000
3.000000
4.333333
4.000000
1.000000
7.166667
2.000000
5.333333
21.000000
2.200000
11.000000
12.000000
1.000000
1.333333
2.000000
4.666667
5.000000
2.558333
2.000000
5.000000
3.000000
1.000000
2.333333
3.666667
1.000000
2.000000
12.000000
3.000000
5.000000
1.000000
1.000000
2.400000
3.333333
2.166667
5.400000
7.000000
10.000000
2.533333
4.666667
5.000000
4.333333
1.900000
3.416667
4.000000
4.133333
5.800000
2.000000
1.333333
1.000000
2.000000
1.200000
3.000000
3.000000
3.000000
2.250000
1.000000
4.285714
3.333333
4.000000
8.000000
2.321429
1.666667
1.000000
2.000000
4.000000
6.000000
4.000000
1.666667
4.000000
6.000000
2.733333
1.000000
1.000000
2.678571
1.000000
4.533333
1.333333
2.000000
5.000000
1.000000
3.500000
2.000000
1.000000
1.000000
2.000000
2.600000
2.700000
2.300000
2.166667
0.000000
4.190476
4.238095
2.000000
2.300000
3.666667
4.000000
2.000000
0.000000
3.666667
2.000000
1.333333
3.000000
1.666667
2.000000
3.000000
2.866667
6.000000
4.333333
3.000000
5.333333
3.000000
1.000000
2.000000
2.333333
5.000000
6.000000
2.916667
5.000000
3.333333
1.897436
1.666667
2.000000
0.000000
1.000000
3.700000
2.928571
6.000000
0.000000
3.400000
3.333333
4.500000
1.000000
2.500000
1.000000
2.333333
2.378788
4.333333
2.000000
1.000000
3.000000
2.000000
2.000000
4.800000
3.166667
2.000000
3.000000
1.000000
2.333333
3.000000
3.000000
2.000000
5.266667
3.000000
1.500000
2.333333
1.000000
3.000000
5.000000
0.000000
4.000000
2.484848
3.000000
8.000000
1.000000
6.333333
4.333333
5.000000
3.000000
1.833333
3.833333
4.000000
8.333333
2.000000
1.000000
1.333333
1.000000
3.000000
21.000000
1.000000
2.333333
2.333333
4.000000
3.000000
3.000000
3.000000
4.833333
1.000000
1.000000
1.000000
7.000000
2.000000
1.000000
6.000000
2.000000
2.377778
3.666667
5.333333
2.000000
5.833333
1.333333
1.000000
4.000000
1.000000
2.000000
4.500000
2.000000
2.622222
8.000000
1.000000
2.000000
2.000000
1.000000
2.000000
1.000000
4.500000
1.000000
3.000000
2.333333
3.000000
2.833333
1.000000
2.666667
1.000000
2.333333
4.238095
2.500000
1.000000
4.000000
2.000000
2.933333
1.666667
2.166667
2.000000
7.166667
2.000000
4.000000
4.333333
2.000000
4.000000
4.333333
4.000000
3.000000
1.666667
2.142857
3.333333
3.333333
3.000000
2.000000
4.000000
1.000000
3.714286
2.666667
4.000000
4.000000
3.809524
4.000000
5.000000
3.523810
2.333333
3.000000
2.878788
1.000000
4.000000
2.000000
1.666667
1.000000
5.666667
2.000000
4.424837
2.000000
4.000000
1.000000
3.666667
1.000000
1.000000
3.357143
1.333333
1.000000
1.000000
3.000000
3.000000
8.000000
1.000000
1.000000
3.000000
1.333333
1.000000
2.000000
1.000000
4.000000
5.000000
2.000000
4.000000
9.000000
3.000000
1.333333
1.900000
7.000000
5.000000
3.833333
3.000000
1.000000
5.166667
3.000000
1.000000
3.000000
4.000000
2.000000
4.000000
4.000000
2.500000
5.000000
3.000000
2.500000
8.000000
5.000000
1.000000
5.000000
4.666667
1.666667
2.000000
2.000000
1.333333
7.333333
8.000000
4.533333
1.333333
2.047619
1.833333
2.000000
2.333333
3.000000
2.072727
4.733333
1.000000
1.000000
2.163636
1.000000
2.000000
4.000000
1.000000
3.333333
1.000000
5.333333
5.000000
1.000000
2.190476
3.142857
2.666667
2.000000
2.000000
1.000000
3.000000
3.000000
6.000000
1.000000
2.333333
2.666667
1.000000
1.000000
4.000000
2.666667
3.000000
4.000000
2.000000
11.000000
2.000000
2.000000
3.000000
5.000000
3.333333
2.066667
6.600000
1.333333
4.333333
3.714286
2.000000
2.000000
1.000000
1.000000
1.500000
2.500000
1.000000
1.000000
2.500000
3.000000
1.000000
2.333333
6.000000
1.000000
2.333333
10.333333
2.000000
3.000000
3.333333
4.000000
4.000000
2.000000
1.000000
2.000000
3.000000
2.866667
1.666667
3.000000
3.333333
3.000000
3.000000
2.000000
3.000000
0.000000
1.000000
2.857143
1.000000
1.000000
3.000000
6.000000
1.000000
1.000000
1.000000
4.000000
1.000000
5.000000
4.500000
1.000000
7.000000
4.000000
3.000000
1.666667
3.000000
3.000000
5.000000
3.000000
2.000000
2.000000
1.666667
4.000000
4.000000
4.000000
3.000000
6.000000
1.000000
8.000000
2.000000
4.571429
1.700000
2.666667
4.000000
1.000000
4.000000
5.333333
1.000000
4.000000
3.833333
3.600000
2.000000
2.000000
2.533333
6.000000
3.333333
1.000000
4.071429
1.000000
1.000000
3.166667
6.000000
0.000000
2.142857
1.000000
1.000000
4.000000
4.000000
1.000000
3.100000
2.000000
2.166667
5.657143
1.821429
1.000000
3.000000
1.000000
2.733333
3.666667
2.181818
4.000000
2.500000
4.145455
2.000000
8.000000
1.000000
6.000000
2.800000
3.166667
2.666667
2.000000
3.000000
1.000000
3.333333
5.333333
2.733333
3.617117
1.000000
1.000000
3.615385
4.000000
1.928571
6.000000
3.000000
4.000000
0.000000
2.000000
6.000000
3.000000
3.666667
2.666667
4.000000
6.000000
3.666667
5.000000
6.333333
1.333333
2.066667
1.000000
3.000000
1.000000
1.666667
1.000000
1.000000
5.000000
5.000000
2.333333
3.000000
6.333333
3.000000
1.666667
2.333333
3.266667
1.333333
2.666667
1.000000
4.000000
1.666667
2.000000
0.000000
1.000000
3.000000
1.000000
4.000000
9.000000
1.333333
3.000000
1.000000
11.000000
1.000000
5.833333
3.000000
1.000000
2.000000
3.666667
3.000000
5.100000
1.666667
4.095238
1.000000
4.000000
2.000000
1.300000
1.000000
4.000000
5.000000
6.571429
8.000000
3.000000
2.000000
1.800000
7.000000
2.933333
1.000000
4.082540
5.666667
3.000000
2.000000
2.000000
5.000000
5.138889
2.000000
11.000000
2.600000
2.666667
3.000000
2.300000
1.333333
3.000000
2.333333
3.084967
5.000000
1.000000
1.000000
4.000000
1.000000
3.600000
8.666667
3.166667
5.000000
5.000000
3.000000
1.666667
1.000000
2.000000
1.666667
6.000000
2.466667
2.500000
3.333333
2.666667
8.000000
4.000000
14.000000
2.000000
5.000000
5.000000
3.000000
2.000000
1.333333
0.000000
1.666667
6.000000
1.000000
2.000000
3.333333
2.333333
2.000000
1.000000
4.166667
3.000000
4.333333
3.250000
3.000000
4.666667
2.000000
2.333333
3.000000
3.833333
1.000000
1.000000
6.800000
2.400000
5.000000
4.000000
2.000000
2.000000
1.666667
2.000000
3.000000
6.000000
3.000000
1.000000
2.666667
1.666667
2.000000
5.000000
4.000000
5.666667
1.666667
13.000000
1.000000
5.666667
3.200000
3.136364
2.333333
1.000000
2.333333
2.666667
7.000000
2.000000
1.000000
4.333333
3.333333
4.000000
1.000000
4.166667
6.000000
6.666667
2.000000
1.000000
2.666667
2.000000
1.000000
4.000000
3.000000
1.000000
1.000000
6.000000
7.000000
11.000000
2.000000
4.333333
2.000000
6.000000
1.333333
1.500000
1.000000
1.000000
1.000000
3.500000
2.000000
4.000000
3.000000
5.000000
2.964286
2.107143
2.000000
3.900000
2.000000
2.000000
5.400000
1.000000
1.666667
2.000000
5.000000
4.333333
5.000000
1.000000
2.000000
3.666667
5.333333
5.000000
1.666667
2.000000
4.000000
4.666667
4.000000
2.000000
5.000000
1.333333
1.666667
1.300000
1.333333
3.333333
3.000000
2.000000
21.000000
2.000000
3.000000
2.000000
3.000000
3.000000
2.000000
2.000000
3.000000
3.166667
2.000000
2.266667
2.000000
4.000000
2.000000
3.000000
1.333333
5.000000
2.666667
2.000000
3.000000
3.000000
9.000000
3.000000
4.333333
4.000000
2.000000
2.000000
7.000000
4.000000
1.000000
3.333333
4.000000
2.000000
3.000000
1.666667
3.333333
3.000000
4.000000
4.000000
2.000000
4.100000
2.964286
3.535714
2.000000
2.666667
3.666667
1.000000
1.000000
2.800000
3.666667
1.000000
5.000000
4.000000
5.866667
2.000000
1.000000
2.333333
3.000000
1.000000
3.666667
2.000000
4.000000
3.000000
6.000000
2.100000
3.000000
2.000000
2.000000
3.000000
9.000000
4.000000
2.000000
4.000000
5.333333
1.000000
2.000000
4.000000
1.000000
2.000000
1.857143
4.000000
2.666667
2.000000
1.000000
1.000000
3.833333
2.000000
3.428571
6.333333
2.166667
3.000000
2.500000
6.000000
2.500000
3.000000
3.000000
12.000000
5.666667
5.000000
1.000000
2.000000
2.000000
3.000000
1.000000
2.600000
4.400000
8.333333
1.166667
1.000000
2.333333
4.666667
1.000000
3.800000
1.000000
1.000000
1.000000
1.000000
3.866667
3.000000
2.000000
3.000000
2.000000
1.000000
4.000000
