homogeneity
1.000000
3.400000
4.000000
5.000000
5.333333
1.000000
4.000000
2.000000
4.285714
2.333333
3.900000
8.666667
5.333333
7.000000
9.600000
2.000000
2.000000
7.200000
6.266667
1.000000
12.000000
3.000000
4.000000
6.200000
4.333333
4.000000
2.666667
11.833333
2.000000
2.000000
7.666667
1.333333
8.000000
3.000000
2.666667
2.300000
12.666667
1.666667
3.000000
3.000000
5.000000
5.000000
2.000000
8.000000
3.000000
6.466667
3.000000
1.333333
7.000000
2.333333
2.000000
2.333333
4.785714
9.000000
4.000000
5.333333
5.238095
2.666667
1.000000
2.333333
2.666667
12.333333
2.666667
4.000000
2.166667
20.000000
1.000000
3.000000
5.500000
2.000000
6.000000
5.000000
12.500000
7.000000
1.333333
5.166667
3.000000
3.000000
5.000000
8.476190
9.000000
4.333333
1.000000
12.000000
4.633333
9.000000
8.000000
9.000000
20.000000
20.000000
3.888889
8.000000
1.333333
4.000000
3.000000
7.666667
3.000000
2.516340
6.000000
3.000000
1.000000
8.000000
2.666667
6.666667
3.000000
7.666667
3.466667
2.805556
2.000000
20.000000
4.333333
7.000000
7.000000
9.500000
4.000000
2.000000
3.000000
1.666667
5.000000
5.000000
6.000000
5.000000
4.000000
1.000000
4.000000
1.000000
2.000000
2.000000
9.000000
15.000000
2.666667
13.333333
8.000000
20.000000
6.333333
4.666667
7.000000
1.000000
6.000000
1.000000
3.733333
10.000000
2.000000
5.000000
4.333333
11.000000
3.500000
7.000000
3.000000
3.000000
2.000000
3.533333
2.000000
2.000000
7.666667
2.000000
4.333333
1.500000
4.000000
2.000000
6.000000
2.166667
2.000000
4.000000
3.000000
11.000000
8.000000
14.000000
1.666667
5.000000
1.000000
8.000000
6.000000
8.000000
2.333333
7.266667
1.000000
3.000000
12.000000
9.000000
7.666667
13.666667
8.333333
3.100000
4.000000
2.666667
2.500000
8.000000
5.000000
9.000000
5.000000
4.000000
2.666667
4.333333
1.000000
7.000000
3.333333
6.000000
4.000000
11.000000
6.500000
10.000000
1.000000
8.533333
4.000000
1.854545
9.000000
11.000000
5.000000
5.666667
9.333333
7.000000
11.333333
6.000000
7.166667
1.000000
4.000000
3.000000
7.666667
6.800000
3.000000
5.166667
3.000000
3.333333
5.000000
3.000000
5.000000
1.000000
6.400000
8.000000
6.333333
20.000000
7.666667
5.333333
2.500000
1.000000
13.000000
8.000000
1.333333
6.000000
4.142857
8.000000
7.000000
1.000000
6.000000
4.000000
5.590909
4.000000
3.000000
4.666667
6.000000
3.000000
7.000000
8.111111
1.000000
5.000000
12.000000
1.000000
4.000000
3.000000
1.000000
5.000000
3.000000
5.000000
15.000000
4.000000
4.000000
6.000000
1.000000
4.333333
4.000000
5.320513
4.000000
3.200000
4.333333
4.000000
10.000000
11.000000
2.000000
8.000000
1.000000
3.400000
11.000000
5.000000
4.000000
5.333333
8.000000
5.619048
3.000000
11.000000
3.000000
3.400000
4.000000
1.333333
6.333333
15.000000
3.000000
7.000000
9.000000
3.400000
1.000000
1.500000
14.000000
3.000000
2.000000
7.333333
2.000000
2.000000
3.000000
2.000000
9.333333
15.000000
3.000000
4.000000
7.000000
13.000000
6.000000
8.000000
20.000000
1.000000
2.666667
3.000000
7.000000
6.333333
10.000000
3.000000
6.000000
9.000000
8.000000
8.000000
5.000000
3.333333
2.000000
14.000000
12.000000
4.000000
7.333333
4.900000
7.000000
8.666667
4.000000
4.100000
1.000000
6.000000
8.000000
10.333333
1.000000
1.000000
2.000000
8.000000
3.892857
3.000000
6.000000
6.000000
1.000000
2.000000
6.666667
2.000000
5.000000
3.000000
5.300000
3.000000
4.000000
10.000000
8.000000
3.000000
1.833333
9.000000
9.000000
4.000000
7.642857
3.000000
2.000000
5.000000
4.500000
3.166667
2.000000
9.266667
7.000000
2.000000
5.000000
5.000000
2.000000
1.000000
5.666667
1.000000
7.000000
4.000000
2.400000
4.000000
2.000000
13.000000
2.000000
1.333333
8.000000
11.333333
3.000000
17.000000
1.000000
3.166667
17.000000
3.000000
1.333333
5.000000
12.000000
1.000000
1.000000
1.000000
3.333333
1.000000
3.666667
3.000000
12.000000
3.000000
10.000000
2.000000
6.000000
4.766667
2.000000
2.066667
5.500000
3.333333
7.000000
5.000000
15.000000
13.000000
1.000000
12.000000
3.000000
6.000000
3.666667
2.166667
2.333333
1.666667
1.500000
2.333333
4.000000
2.000000
1.333333
7.000000
1.000000
2.000000
3.000000
2.349850
4.800000
4.666667
2.000000
12.000000
1.000000
9.000000
4.000000
1.954545
4.000000
5.000000
4.333333
11.500000
7.000000
8.000000
3.000000
6.000000
5.392857
3.000000
1.000000
10.000000
8.900000
1.000000
2.000000
1.000000
2.000000
1.000000
5.638889
2.000000
1.000000
4.000000
5.000000
1.000000
1.000000
1.000000
9.166667
2.000000
2.000000
6.000000
2.000000
2.000000
3.678571
1.000000
2.700000
4.000000
5.333333
2.333333
15.000000
4.333333
1.666667
5.000000
3.000000
6.000000
1.800000
2.000000
13.000000
4.107143
7.000000
1.333333
16.000000
6.000000
3.000000
3.000000
3.000000
3.200000
1.333333
3.000000
1.000000
4.533333
10.000000
6.666667
6.333333
1.000000
2.000000
7.047619
6.000000
11.833333
5.000000
2.000000
3.333333
9.333333
3.000000
4.000000
2.700000
2.000000
2.000000
3.000000
12.333333
9.000000
4.000000
3.600000
4.190476
2.000000
6.000000
6.000000
2.000000
4.952381
2.000000
16.000000
3.000000
3.066667
1.000000
12.000000
5.000000
4.000000
7.900000
11.000000
3.166667
6.500000
3.000000
5.000000
14.666667
2.533333
5.000000
4.000000
6.333333
2.000000
1.000000
6.000000
2.666667
1.000000
2.000000
3.666667
10.000000
2.666667
5.666667
20.000000
5.000000
6.900000
3.000000
4.000000
2.166667
7.400000
1.000000
4.000000
6.000000
4.000000
1.000000
1.000000
5.400000
4.000000
4.000000
10.000000
6.000000
2.000000
4.276190
5.000000
4.000000
2.000000
5.642857
3.666667
3.000000
15.000000
9.000000
10.333333
1.666667
1.000000
3.000000
2.000000
7.666667
4.666667
2.000000
4.000000
6.000000
4.333333
1.000000
8.000000
6.190476
3.833333
1.000000
1.000000
2.952381
1.333333
2.000000
3.666667
8.000000
6.666667
5.000000
12.000000
2.333333
7.000000
5.000000
1.000000
2.666667
6.900000
2.000000
2.166667
7.000000
9.000000
3.000000
3.000000
3.833333
7.400000
2.066667
1.000000
1.000000
12.000000
2.666667
1.000000
16.000000
3.666667
1.000000
2.333333
20.000000
8.666667
2.000000
7.000000
5.000000
2.666667
10.000000
2.000000
5.000000
9.000000
2.787879
4.333333
1.000000
5.071429
6.750000
8.000000
5.000000
2.000000
11.000000
13.000000
2.000000
5.000000
4.000000
2.490909
2.000000
2.000000
15.000000
9.000000
5.000000
13.000000
1.000000
1.000000
1.000000
1.000000
3.000000
16.000000
10.000000
4.000000
2.333333
3.000000
9.500000
4.666667
1.733333
2.000000
6.000000
4.400000
8.000000
4.809524
15.000000
4.000000
5.000000
11.000000
1.000000
2.000000
1.000000
5.000000
17.000000
3.333333
2.000000
4.666667
14.000000
1.000000
5.000000
2.666667
1.000000
3.600000
11.333333
2.000000
3.690909
16.000000
8.333333
4.000000
1.000000
15.000000
1.000000
6.000000
1.000000
16.000000
2.000000
2.000000
4.000000
3.000000
1.000000
12.000000
14.333333
2.833333
4.333333
8.000000
2.000000
7.000000
7.000000
4.666667
6.000000
8.000000
7.400000
14.000000
9.000000
5.000000
9.000000
6.755556
5.750000
1.000000
4.333333
2.000000
1.666667
2.000000
20.000000
1.666667
4.892857
3.000000
3.000000
1.000000
7.000000
1.000000
4.000000
3.000000
10.000000
2.000000
8.000000
4.000000
1.000000
9.000000
6.000000
2.000000
3.333333
12.000000
8.000000
2.000000
2.000000
1.000000
3.000000
4.000000
5.000000
3.666667
4.000000
4.000000
8.333333
4.333333
4.000000
7.000000
5.833333
3.000000
6.000000
1.000000
8.333333
5.000000
1.000000
6.214286
2.000000
3.045455
2.666667
6.666667
4.166667
10.000000
7.333333
5.333333
1.000000
1.000000
7.333333
4.500000
1.000000
6.000000
6.095238
5.000000
6.333333
5.000000
3.000000
2.000000
3.209150
14.000000
3.000000
1.000000
2.000000
11.000000
20.000000
20.000000
2.000000
20.000000
9.000000
7.000000
6.250000
4.000000
3.333333
6.000000
4.900000
1.000000
5.222222
5.000000
8.000000
11.333333
9.000000
1.000000
3.000000
11.000000
10.666667
3.000000
11.000000
3.000000
7.000000
2.000000
2.000000
8.000000
11.000000
7.000000
4.166667
5.000000
14.000000
1.000000
6.000000
1.000000
3.000000
9.666667
4.000000
1.666667
3.866667
2.000000
6.000000
6.000000
14.000000
1.857143
4.000000
5.833333
5.000000
4.000000
2.666667
1.000000
11.333333
9.333333
1.000000
7.000000
4.000000
1.000000
4.000000
4.500000
8.000000
3.000000
5.000000
2.000000
1.000000
4.466667
4.000000
4.000000
2.000000
5.700000
7.166667
7.714286
6.000000
7.333333
9.000000
1.000000
9.400000
5.666667
1.000000
1.000000
6.000000
2.000000
8.666667
3.000000
3.000000
5.933333
3.047619
5.000000
7.333333
5.333333
4.333333
3.333333
3.000000
3.785714
1.000000
2.000000
2.000000
4.333333
8.000000
2.666667
6.333333
9.666667
4.000000
12.166667
4.000000
1.666667
13.000000
6.666667
8.000000
4.904762
5.533333
8.333333
3.000000
1.666667
2.000000
8.000000
3.000000
3.000000
1.900000
6.666667
4.000000
5.333333
1.000000
14.333333
3.666667
8.000000
9.000000
3.000000
9.000000
1.000000
5.000000
3.000000
2.000000
8.000000
9.666667
2.000000
5.000000
6.000000
2.666667
9.000000
4.666667
5.333333
5.000000
6.000000
2.900000
5.000000
3.500000
6.500000
10.666667
1.000000
5.555556
8.000000
1.000000
3.666667
5.000000
3.833333
1.000000
3.000000
1.333333
3.000000
6.000000
2.666667
1.000000
2.000000
5.857143
3.000000
2.000000
10.600000
2.000000
3.000000
3.666667
6.000000
5.000000
4.000000
4.000000
4.000000
2.000000
1.000000
3.333333
6.000000
6.700000
3.333333
2.954545
6.666667
2.000000
9.000000
1.000000
3.800000
2.200000
14.000000
4.000000
12.666667
4.000000
4.821429
3.900000
5.000000
3.833333
6.666667
8.666667
4.000000
2.900000
15.000000
9.000000
5.000000
3.000000
3.000000
3.000000
6.000000
6.000000
8.000000
2.666667
9.333333
5.000000
4.000000
17.000000
9.000000
6.800000
11.000000
2.533333
5.166667
7.000000
6.000000
4.000000
5.000000
6.000000
3.666667
12.000000
1.000000
8.000000
3.000000
7.666667
1.000000
3.000000
13.000000
5.000000
3.000000
4.000000
2.000000
3.333333
6.000000
5.333333
2.000000
1.000000
1.000000
9.900000
7.000000
3.000000
2.000000
6.523810
4.666667
1.000000
4.000000
12.000000
11.000000
2.000000
1.666667
4.000000
2.333333
6.000000
3.666667
6.000000
8.000000
1.333333
11.000000
2.000000
3.000000
1.000000
6.333333
11.000000
10.000000
7.666667
10.000000
12.000000
4.311111
4.000000
1.000000
4.000000
4.000000
4.000000
5.000000
3.000000
10.000000
8.000000
6.000000
5.222222
6.000000
5.000000
4.666667
2.818182
6.000000
5.333333
13.000000
3.000000
2.333333
3.000000
4.000000
5.000000
7.666667
5.000000
5.000000
9.666667
1.333333
5.000000
8.000000
3.700000
2.000000
1.000000
8.333333
5.000000
6.000000
3.666667
3.000000
6.000000
6.952381
2.333333
4.000000
2.000000
10.666667
2.500000
2.000000
2.000000
7.000000
4.000000
12.200000
8.000000
7.000000
2.500000
2.000000
5.000000
2.666667
2.000000
2.000000
2.000000
3.000000
8.000000
6.000000
2.166667
2.000000
4.333333
2.000000
1.000000
3.038462
9.000000
6.088889
6.000000
6.000000
8.166667
2.700000
3.166667
5.000000
7.000000
1.000000
2.333333
2.000000
9.000000
2.333333
7.000000
6.000000
11.000000
20.000000
4.000000
8.000000
1.000000
12.000000
3.666667
2.333333
2.000000
12.000000
6.133333
15.000000
8.666667
8.333333
9.000000
6.083333
4.000000
4.000000
10.000000
2.809524
7.714286
7.666667
9.666667
7.000000
3.000000
5.000000
10.333333
12.000000
9.000000
6.166667
4.000000
8.333333
1.666667
7.833333
4.666667
4.666667
1.333333
1.000000
1.000000
8.000000
1.000000
1.000000
4.900000
14.333333
2.000000
2.600000
4.666667
2.833333
10.000000
3.666667
2.866667
6.333333
8.500000
1.000000
3.000000
11.000000
7.000000
2.000000
6.900000
3.000000
5.800000
4.666667
2.666667
2.581818
3.000000
4.000000
6.000000
1.000000
3.800000
4.000000
13.000000
10.333333
4.000000
2.000000
7.555556
1.000000
2.666667
4.000000
5.666667
7.000000
10.000000
8.000000
4.000000
2.600000
7.666667
7.300000
2.000000
3.000000
15.000000
6.000000
5.000000
3.000000
4.000000
9.000000
4.333333
1.666667
15.000000
5.833333
4.333333
9.000000
2.000000
1.000000
5.928571
9.000000
12.000000
9.000000
5.000000
7.000000
17.000000
5.333333
1.000000
12.000000
4.000000
3.333333
8.000000
4.833333
3.000000
11.000000
16.000000
1.000000
3.000000
1.600000
4.000000
9.000000
1.833333
2.225397
4.333333
10.000000
2.200000
6.900000
2.000000
2.000000
4.666667
1.000000
1.000000
11.000000
7.666667
20.000000
3.000000
9.600000
11.000000
5.000000
3.000000
4.500000
20.000000
2.000000
5.000000
2.000000
10.000000
5.333333
2.400000
10.000000
9.500000
15.000000
2.000000
2.666667
4.848485
1.000000
2.000000
2.000000
2.666667
5.333333
2.000000
6.933333
5.428571
3.000000
2.000000
2.000000
4.500000
1.666667
3.000000
3.666667
4.000000
4.666667
1.333333
6.000000
15.000000
20.000000
8.000000
2.833333
6.109091
6.000000
8.400000
1.000000
2.000000
4.000000
6.666667
4.106061
6.000000
4.000000
2.000000
3.400000
2.733333
3.000000
15.000000
1.000000
5.000000
2.000000
2.666667
2.000000
4.000000
5.000000
7.000000
2.666667
7.000000
4.000000
6.666667
4.333333
4.333333
3.666667
8.666667
1.000000
2.000000
4.000000
2.200000
2.000000
8.833333
2.000000
6.000000
11.000000
1.000000
4.000000
5.000000
9.333333
5.000000
4.333333
9.000000
5.928571
8.333333
8.666667
7.000000
2.000000
12.000000
15.000000
4.571429
5.857143
2.333333
7.666667
4.000000
1.000000
4.000000
16.000000
15.000000
6.285714
2.000000
2.500000
8.000000
3.000000
6.000000
2.000000
1.166667
3.166667
1.000000
14.000000
6.000000
20.000000
4.000000
3.933333
9.133333
5.333333
2.000000
9.000000
17.000000
4.666667
7.333333
8.000000
7.000000
7.000000
10.000000
7.000000
15.000000
7.000000
5.000000
6.000000
4.500000
1.333333
10.333333
1.000000
6.333333
1.000000
9.333333
