sum_hyperedge_size,num_nodes,egonet overlapness
2211,265,8.343396
728,226,3.221239
673,132,5.098485
2525,331,7.628399
4561,365,12.495890
1137,228,4.986842
1494,242,6.173554
753,215,3.502326
1923,273,7.043956
3538,301,11.754153
400,146,2.739726
213,118,1.805085
1193,214,5.574766
237,89,2.662921
329,137,2.401460
2529,265,9.543396
788,198,3.979798
4795,288,16.649306
1258,226,5.566372
1307,240,5.445833
3114,275,11.323636
2272,259,8.772201
1518,246,6.170732
160,102,1.568627
4050,283,14.310954
536,117,4.581197
694,124,5.596774
1272,278,4.575540
4287,281,15.256228
2487,327,7.605505
3027,349,8.673352
1020,243,4.197531
1584,239,6.627615
1544,246,6.276423
1829,310,5.900000
4272,368,11.608696
998,215,4.641860
1247,226,5.517699
1999,250,7.996000
1251,234,5.346154
1260,228,5.526316
953,226,4.216814
766,192,3.989583
567,177,3.203390
362,129,2.806202
1092,221,4.941176
2557,278,9.197842
1679,249,6.742972
1753,261,6.716475
1525,253,6.027668
315,120,2.625000
734,189,3.883598
2654,266,9.977444
771,192,4.015625
1022,214,4.775701
1544,253,6.102767
1707,265,6.441509
558,183,3.049180
39,29,1.344828
1384,257,5.385214
696,186,3.741935
960,212,4.528302
657,137,4.795620
952,146,6.520548
1515,311,4.871383
633,128,4.945312
1031,150,6.873333
176,74,2.378378
1107,226,4.898230
1505,241,6.244813
2984,273,10.930403
548,170,3.223529
1510,235,6.425532
3254,271,12.007380
3761,283,13.289753
1609,243,6.621399
651,190,3.426316
2984,265,11.260377
971,223,4.354260
2112,254,8.314961
1376,228,6.035088
1130,227,4.977974
1738,247,7.036437
144,65,2.215385
310,108,2.870370
702,136,5.161765
863,152,5.677632
1719,245,7.016327
1006,214,4.700935
117,84,1.392857
692,209,3.311005
3533,280,12.617857
1145,225,5.088889
2679,277,9.671480
253,131,1.931298
3173,278,11.413669
1028,225,4.568889
2915,274,10.638686
914,210,4.352381
1800,241,7.468880
2730,336,8.125000
2812,278,10.115108
1582,246,6.430894
2271,261,8.701149
3895,365,10.671233
1657,295,5.616949
1474,163,9.042945
1423,163,8.730061
471,109,4.321101
361,99,3.646465
605,183,3.306011
947,233,4.064378
736,198,3.717172
903,213,4.239437
342,158,2.164557
2159,265,8.147170
2869,282,10.173759
2188,329,6.650456
1718,252,6.817460
65,49,1.326531
3052,279,10.939068
350,132,2.651515
107,76,1.407895
1821,251,7.254980
2726,340,8.017647
2772,265,10.460377
666,130,5.123077
82,48,1.708333
1025,242,4.235537
1603,238,6.735294
1094,226,4.840708
976,213,4.582160
87,49,1.775510
1076,209,5.148325
286,125,2.288000
850,223,3.811659
3572,304,11.750000
1190,238,5.000000
1633,254,6.429134
1682,240,7.008333
1307,229,5.707424
860,220,3.909091
1651,247,6.684211
1594,237,6.725738
1063,270,3.937037
2449,311,7.874598
1954,315,6.203175
1871,242,7.731405
2667,288,9.260417
1215,229,5.305677
1422,241,5.900415
1372,231,5.939394
510,170,3.000000
511,151,3.384106
1485,229,6.484716
1462,158,9.253165
1925,314,6.130573
69,54,1.277778
897,188,4.771277
528,115,4.591304
194,80,2.425000
1577,283,5.572438
1112,149,7.463087
356,98,3.632653
1056,258,4.093023
1479,170,8.700000
93,62,1.500000
740,209,3.540670
953,239,3.987448
1806,263,6.866920
2182,268,8.141791
1477,255,5.792157
1807,258,7.003876
397,152,2.611842
1244,229,5.432314
2926,336,8.708333
871,224,3.888393
104,53,1.962264
2330,261,8.927203
1271,240,5.295833
737,153,4.816993
889,145,6.131034
306,113,2.707965
620,137,4.525547
1196,169,7.076923
720,142,5.070423
855,131,6.526718
677,120,5.641667
321,144,2.229167
46,40,1.150000
628,121,5.190083
538,137,3.927007
518,118,4.389831
2415,272,8.878676
741,191,3.879581
1652,252,6.555556
1448,296,4.891892
1300,242,5.371901
464,118,3.932203
1842,165,11.163636
1300,283,4.593640
434,155,2.800000
1000,214,4.672897
1756,244,7.196721
901,231,3.900433
2929,340,8.614706
2791,342,8.160819
3035,340,8.926471
1819,250,7.276000
1216,226,5.380531
645,195,3.307692
640,195,3.282051
2104,314,6.700637
773,139,5.561151
529,191,2.769634
1402,283,4.954064
115,70,1.642857
577,200,2.885000
987,236,4.182203
879,218,4.032110
255,115,2.217391
1797,277,6.487365
256,107,2.392523
1503,231,6.506494
612,141,4.340426
1922,308,6.240260
1396,289,4.830450
1377,289,4.764706
659,120,5.491667
246,133,1.849624
345,121,2.851240
2375,326,7.285276
60,42,1.428571
2261,263,8.596958
338,148,2.283784
853,216,3.949074
340,149,2.281879
1660,246,6.747967
783,210,3.728571
174,88,1.977273
1663,251,6.625498
2,2,1.000000
1022,228,4.482456
822,221,3.719457
1032,212,4.867925
1054,212,4.971698
481,145,3.317241
1079,249,4.333333
748,195,3.835897
876,197,4.446701
507,178,2.848315
1019,217,4.695853
1098,221,4.968326
1257,227,5.537445
1514,264,5.734848
254,120,2.116667
402,153,2.627451
985,243,4.053498
533,164,3.250000
513,120,4.275000
60,50,1.200000
87,58,1.500000
271,100,2.710000
11,9,1.222222
991,225,4.404444
1163,238,4.886555
891,214,4.163551
244,126,1.936508
2186,325,6.726154
526,175,3.005714
404,108,3.740741
1624,163,9.963190
350,94,3.723404
930,205,4.536585
1896,255,7.435294
23,20,1.150000
215,97,2.216495
1340,273,4.908425
2711,326,8.315951
988,213,4.638498
1087,234,4.645299
218,114,1.912281
1164,228,5.105263
960,207,4.637681
470,177,2.655367
418,161,2.596273
489,171,2.859649
535,181,2.955801
1081,217,4.981567
2023,308,6.568182
596,186,3.204301
485,111,4.369369
666,131,5.083969
1271,155,8.200000
1582,269,5.881041
1298,238,5.453782
1029,222,4.635135
5264,301,17.488372
633,190,3.331579
754,208,3.625000
867,208,4.168269
490,162,3.024691
2025,263,7.699620
630,197,3.197970
420,152,2.763158
992,218,4.550459
1407,239,5.887029
1405,239,5.878661
1382,240,5.758333
421,163,2.582822
621,172,3.610465
90,71,1.267606
834,195,4.276923
194,101,1.920792
720,195,3.692308
1913,257,7.443580
1084,226,4.796460
781,206,3.791262
568,180,3.155556
272,133,2.045113
7,6,1.166667
1548,251,6.167331
1250,283,4.416961
273,136,2.007353
563,123,4.577236
990,214,4.626168
948,212,4.471698
546,203,2.689655
458,135,3.392593
565,120,4.708333
984,217,4.534562
2353,270,8.714815
387,109,3.550459
257,78,3.294872
612,124,4.935484
478,187,2.556150
845,177,4.774011
381,149,2.557047
1391,244,5.700820
558,159,3.509434
459,187,2.454545
397,111,3.576577
28,24,1.166667
2285,184,12.418478
1353,284,4.764085
1314,167,7.868263
96,53,1.811321
442,172,2.569767
2020,256,7.890625
1533,243,6.308642
1737,254,6.838583
945,198,4.772727
615,170,3.617647
154,95,1.621053
450,102,4.411765
386,108,3.574074
571,114,5.008772
1140,245,4.653061
226,126,1.793651
2525,273,9.249084
399,110,3.627273
663,211,3.142180
1267,226,5.606195
1450,238,6.092437
708,220,3.218182
315,140,2.250000
1813,301,6.023256
2856,331,8.628399
327,91,3.593407
1294,159,8.138365
464,161,2.881988
333,141,2.361702
219,115,1.904348
706,202,3.495050
683,195,3.502564
663,184,3.603261
1332,262,5.083969
1102,241,4.572614
941,207,4.545894
473,149,3.174497
1013,215,4.711628
920,219,4.200913
1119,217,5.156682
2059,253,8.138340
171,89,1.921348
1297,246,5.272358
962,208,4.625000
1099,219,5.018265
292,130,2.246154
869,235,3.697872
323,143,2.258741
1014,218,4.651376
260,108,2.407407
803,237,3.388186
342,135,2.533333
397,154,2.577922
182,106,1.716981
468,162,2.888889
559,179,3.122905
795,200,3.975000
152,65,2.338462
1162,262,4.435115
942,224,4.205357
115,76,1.513158
212,118,1.796610
875,246,3.556911
911,204,4.465686
2747,274,10.025547
331,148,2.236486
445,165,2.696970
47,37,1.270270
49,32,1.531250
273,134,2.037313
1270,220,5.772727
123,71,1.732394
692,201,3.442786
634,188,3.372340
1379,249,5.538153
1272,270,4.711111
575,169,3.402367
1315,228,5.767544
367,137,2.678832
555,175,3.171429
826,210,3.933333
726,199,3.648241
954,215,4.437209
867,217,3.995392
1598,288,5.548611
1675,250,6.700000
876,234,3.743590
694,231,3.004329
260,99,2.626263
543,125,4.344000
542,162,3.345679
85,65,1.307692
997,223,4.470852
149,90,1.655556
515,160,3.218750
402,177,2.271186
856,217,3.944700
878,206,4.262136
195,83,2.349398
164,92,1.782609
1008,223,4.520179
939,239,3.928870
446,113,3.946903
956,143,6.685315
360,120,3.000000
340,141,2.411348
1084,254,4.267717
466,173,2.693642
293,138,2.123188
439,166,2.644578
308,149,2.067114
766,202,3.792079
200,94,2.127660
1057,233,4.536481
311,127,2.448819
753,190,3.963158
72,48,1.500000
268,119,2.252101
135,89,1.516854
506,150,3.373333
238,113,2.106195
2094,326,6.423313
336,108,3.111111
1464,284,5.154930
1160,266,4.360902
216,113,1.911504
695,202,3.440594
281,102,2.754902
1029,258,3.988372
534,171,3.122807
1027,232,4.426724
394,149,2.644295
731,205,3.565854
630,173,3.641618
327,142,2.302817
295,106,2.783019
377,144,2.618056
191,94,2.031915
782,211,3.706161
584,186,3.139785
131,84,1.559524
610,136,4.485294
46,33,1.393939
350,107,3.271028
908,249,3.646586
174,70,2.485714
226,75,3.013333
356,150,2.373333
220,126,1.746032
542,183,2.961749
351,149,2.355705
1666,243,6.855967
309,125,2.472000
124,83,1.493976
435,149,2.919463
569,113,5.035398
84,56,1.500000
378,115,3.286957
461,170,2.711765
53,40,1.325000
488,159,3.069182
342,128,2.671875
265,134,1.977612
473,171,2.766082
167,84,1.988095
178,106,1.679245
686,221,3.104072
1401,291,4.814433
1046,254,4.118110
362,136,2.661765
334,131,2.549618
237,107,2.214953
652,190,3.431579
521,186,2.801075
343,148,2.317568
711,203,3.502463
278,120,2.316667
765,195,3.923077
575,183,3.142077
332,110,3.018182
428,170,2.517647
753,231,3.259740
325,94,3.457447
766,149,5.140940
363,110,3.300000
422,180,2.344444
696,130,5.353846
260,127,2.047244
235,114,2.061404
290,112,2.589286
140,79,1.772152
900,151,5.960265
303,100,3.030000
725,224,3.236607
151,94,1.606383
189,89,2.123596
548,184,2.978261
263,105,2.504762
313,142,2.204225
67,37,1.810811
136,86,1.581395
255,141,1.808511
293,112,2.616071
144,90,1.600000
653,213,3.065728
934,253,3.691700
281,134,2.097015
342,105,3.257143
414,172,2.406977
141,65,2.169231
669,187,3.577540
580,255,2.274510
122,45,2.711111
368,91,4.043956
391,117,3.341880
279,141,1.978723
92,65,1.415385
225,119,1.890756
115,57,2.017544
1313,232,5.659483
1472,281,5.238434
104,71,1.464789
35,31,1.129032
733,143,5.125874
202,69,2.927536
335,99,3.383838
535,134,3.992537
632,130,4.861538
142,80,1.775000
193,87,2.218391
647,184,3.516304
370,117,3.162393
268,99,2.707071
386,128,3.015625
34,28,1.214286
824,199,4.140704
336,112,3.000000
382,109,3.504587
88,47,1.872340
932,221,4.217195
155,87,1.781609
781,203,3.847291
1286,228,5.640351
45,34,1.323529
121,69,1.753623
71,39,1.820513
246,98,2.510204
238,123,1.934959
711,200,3.555000
100,58,1.724138
89,57,1.561404
415,94,4.414894
112,50,2.240000
483,108,4.472222
87,66,1.318182
725,218,3.325688
299,113,2.646018
767,146,5.253425
528,151,3.496689
135,91,1.483516
148,91,1.626374
767,216,3.550926
584,177,3.299435
144,82,1.756098
61,49,1.244898
9,8,1.125000
208,96,2.166667
31,25,1.240000
684,196,3.489796
269,112,2.401786
652,193,3.378238
79,41,1.926829
81,48,1.687500
2,2,1.000000
183,98,1.867347
383,150,2.553333
225,108,2.083333
399,141,2.829787
30,23,1.304348
94,60,1.566667
37,33,1.121212
129,86,1.500000
404,112,3.607143
440,108,4.074074
200,74,2.702703
215,81,2.654321
83,60,1.383333
247,109,2.266055
243,112,2.169643
598,179,3.340782
218,120,1.816667
254,136,1.867647
265,101,2.623762
43,26,1.653846
383,139,2.755396
388,138,2.811594
42,37,1.135135
85,56,1.517857
37,29,1.275862
117,80,1.462500
679,214,3.172897
145,91,1.593407
286,126,2.269841
198,108,1.833333
178,74,2.405405
549,175,3.137143
133,75,1.773333
412,153,2.692810
76,56,1.357143
27,19,1.421053
154,96,1.604167
63,46,1.369565
273,117,2.333333
598,203,2.945813
311,127,2.448819
300,112,2.678571
4,3,1.333333
12,10,1.200000
78,56,1.392857
587,213,2.755869
172,91,1.890110
411,161,2.552795
217,73,2.972603
232,105,2.209524
82,52,1.576923
141,61,2.311475
299,125,2.392000
176,95,1.852632
286,121,2.363636
136,91,1.494505
165,87,1.896552
60,41,1.463415
46,36,1.277778
199,83,2.397590
211,108,1.953704
227,83,2.734940
58,41,1.414634
108,63,1.714286
235,114,2.061404
604,180,3.355556
101,73,1.383562
287,110,2.609091
35,31,1.129032
181,101,1.792079
427,142,3.007042
702,221,3.176471
594,189,3.142857
52,33,1.575758
314,102,3.078431
455,120,3.791667
154,94,1.638298
563,167,3.371257
68,47,1.446809
181,82,2.207317
99,75,1.320000
42,38,1.105263
59,37,1.594595
380,126,3.015873
75,53,1.415094
70,57,1.228070
256,86,2.976744
41,32,1.281250
90,63,1.428571
77,60,1.283333
274,95,2.884211
33,21,1.571429
63,41,1.536585
9,8,1.125000
292,109,2.678899
132,83,1.590361
191,92,2.076087
17,15,1.133333
39,29,1.344828
275,96,2.864583
83,61,1.360656
65,48,1.354167
54,38,1.421053
88,68,1.294118
308,97,3.175258
55,43,1.279070
164,101,1.623762
42,36,1.166667
18,11,1.636364
67,52,1.288462
26,21,1.238095
173,83,2.084337
204,105,1.942857
312,94,3.319149
38,25,1.520000
127,60,2.116667
142,56,2.535714
28,24,1.166667
164,56,2.928571
97,53,1.830189
61,36,1.694444
96,63,1.523810
93,62,1.500000
188,100,1.880000
173,82,2.109756
14,11,1.272727
211,74,2.851351
135,84,1.607143
140,82,1.707317
226,106,2.132075
7,6,1.166667
101,72,1.402778
251,128,1.960938
111,69,1.608696
20,13,1.538462
456,166,2.746988
88,55,1.600000
352,127,2.771654
94,55,1.709091
47,39,1.205128
161,104,1.548077
80,45,1.777778
152,95,1.600000
15,13,1.153846
73,49,1.489796
194,86,2.255814
122,70,1.742857
98,59,1.661017
145,81,1.790123
44,33,1.333333
160,74,2.162162
283,153,1.849673
131,82,1.597561
87,61,1.426230
231,112,2.062500
31,28,1.107143
177,102,1.735294
23,21,1.095238
16,13,1.230769
65,50,1.300000
71,54,1.314815
232,118,1.966102
13,11,1.181818
107,70,1.528571
80,58,1.379310
92,59,1.559322
49,36,1.361111
34,24,1.416667
102,57,1.789474
310,134,2.313433
53,39,1.358974
77,59,1.305085
97,67,1.447761
104,46,2.260870
146,75,1.946667
153,65,2.353846
10,9,1.111111
11,9,1.222222
389,171,2.274854
27,23,1.173913
145,82,1.768293
33,23,1.434783
72,49,1.469388
60,48,1.250000
236,134,1.761194
38,32,1.187500
143,87,1.643678
34,30,1.133333
21,19,1.105263
2,2,1.000000
83,64,1.296875
4,4,1.000000
4,4,1.000000
39,25,1.560000
99,77,1.285714
140,79,1.772152
36,35,1.028571
13,12,1.083333
58,37,1.567568
78,52,1.500000
51,41,1.243902
401,155,2.587097
58,48,1.208333
120,81,1.481481
21,16,1.312500
108,65,1.661538
12,11,1.090909
16,14,1.142857
60,44,1.363636
140,84,1.666667
223,96,2.322917
34,28,1.214286
23,19,1.210526
62,53,1.169811
29,22,1.318182
11,9,1.222222
5,5,1.000000
99,52,1.903846
40,30,1.333333
2,2,1.000000
57,40,1.425000
17,11,1.545455
29,26,1.115385
17,17,1.000000
28,28,1.000000
44,34,1.294118
20,15,1.333333
5,4,1.250000
36,28,1.285714
41,39,1.051282
48,44,1.090909
78,56,1.392857
44,32,1.375000
14,14,1.000000
24,23,1.043478
35,26,1.346154
93,64,1.453125
24,20,1.200000
81,67,1.208955
27,21,1.285714
56,48,1.166667
3,3,1.000000
17,14,1.214286
40,37,1.081081
19,13,1.461538
13,11,1.181818
10,7,1.428571
15,12,1.250000
2,2,1.000000
3,3,1.000000
3,3,1.000000
11,10,1.100000
16,15,1.066667
22,19,1.157895
39,30,1.300000
93,65,1.430769
234,132,1.772727
9,9,1.000000
43,40,1.075000
35,28,1.250000
34,29,1.172414
6,6,1.000000
6,5,1.200000
78,53,1.471698
107,70,1.528571
54,40,1.350000
45,37,1.216216
91,68,1.338235
26,24,1.083333
19,16,1.187500
14,12,1.166667
43,38,1.131579
2,2,1.000000
42,37,1.135135
10,8,1.250000
8,8,1.000000
3,3,1.000000
18,14,1.285714
15,13,1.153846
35,30,1.166667
3,3,1.000000
18,15,1.200000
44,37,1.189189
15,12,1.250000
3,3,1.000000
36,28,1.285714
14,12,1.166667
42,28,1.500000
32,29,1.103448
11,9,1.222222
2,2,1.000000
8,8,1.000000
11,10,1.100000
2,2,1.000000
17,14,1.214286
6,6,1.000000
3,3,1.000000
19,19,1.000000
66,55,1.200000
35,32,1.093750
9,9,1.000000
10,10,1.000000
4,4,1.000000
27,20,1.350000
30,27,1.111111
3,3,1.000000
4,4,1.000000
22,22,1.000000
28,25,1.120000
2,2,1.000000
23,21,1.095238
9,9,1.000000
21,17,1.235294
13,10,1.300000
14,13,1.076923
3,3,1.000000
11,11,1.000000
6,5,1.200000
2,2,1.000000
4,3,1.333333
18,14,1.285714
22,22,1.000000
9,9,1.000000
5,5,1.000000
4,2,2.000000
12,12,1.000000
2,2,1.000000
7,7,1.000000
28,26,1.076923
10,10,1.000000
2,2,1.000000
19,17,1.117647
16,15,1.066667
3,3,1.000000
4,4,1.000000
2,2,1.000000
14,14,1.000000
4,4,1.000000
